0.00397669
0.111309
0.124085
0.161057
0.191189
0.209359
0.234734
0.245153
0.266332
0.278525
0.284045
0.29944
0.30306
0.306568
0.313584
0.311811
0.320743
0.320163
0.31944
0.326432
0.326748
0.324596
0.327563
0.326431
0.327106
0.32647
0.325302
0.32146
0.318545
0.314734
0.309696
0.304536
0.29942
0.295364
0.291738
0.289379
0.285488
0.282276
0.279955
0.275151
0.274308
0.272958
0.269699
0.264634
0.264655
0.262643
0.260521
0.261353
0.260974
0.257747
0.260293
0.261383
0.26031
0.261346
0.261002
0.257123
0.256277
0.257016
0.256174
0.25225
0.25191
0.251843
0.251259
0.25085
0.24919
0.247828
0.2474
0.243988
0.242695
0.239621
0.236543
0.233243
0.231864
0.233852
0.22993
0.226969
0.223053
0.222051
0.218901
0.216554
0.216262
0.216004
0.214312
0.215493
0.216751
0.215899
0.21753
0.215255
0.215111
0.215102
0.216064
0.21668
0.214435
0.214969
0.215818
0.216373
0.215727
0.217858
0.218294
0.217951
0.218462
0.217859
0.21694
0.216747
0.214416
0.215365
0.215846
0.215582
0.214769
0.214299
0.212053
0.215254
0.215435
0.212878
0.211974
0.209412
0.209093
0.205356
0.202975
0.204664
0.206701
0.206639
0.207801
0.209731
0.211529
0.212789
0.216784
0.217198
0.222045
0.231094
0.232698
0.233831
0.236588
0.238072
0.236878
0.235557
0.236366
0.238017
0.239047
0.238489
0.237325
0.236782
0.234334
0.230239
0.225647
0.221568
0.218087
0.214127
0.210127
0.205345
0.202579
0.19866
0.196115
0.195416
0.192793
0.193019
0.193499
0.193408
0.196365
0.196703
0.197203
0.199974
0.202743
0.209272
0.211599
0.218874
0.226047
0.231324
0.232586
0.237069
0.241347
0.242569
0.2437
0.245459
0.245136
0.242292
0.243268
0.244403
0.245858
0.245146
0.246745
0.247836
0.246684
0.248162
0.248786
0.250139
0.250509
0.250468
0.251354
0.250171
0.249689
0.247998
0.245675
0.24267
0.240687
0.242339
0.240331
0.236859
0.232432
0.228617
0.2247
0.219699
0.212251
0.207212
0.201172
0.196433
0.190391
0.18471
0.177796
0.171769
0.166741
0.160126
0.153636
0.14804
0.141675
0.13611
0.130409
0.125609
0.120003
0.115804
0.111656
0.106293
0.102441
0.0973617
0.0940439
0.0896926
0.0854611
0.0818062
0.0784691
0.0743889
0.0711645
0.0678123
0.0643999
0.0621525
0.0593915
0.0566229
0.0541648
0.0515969
0.0502606
0.0470073
0.0456234
0.0429424
0.0417136
0.0394668
0.0376245
0.0359745
0.0346265
0.0326521
0.030944
0.0300282
0.0280903
0.0270869
0.0254865
0.0242944
0.0231176
0.0225506
0.0211404
0.0203981
0.0201004
0.019089
0.018529
0.0176225
0.0167112
0.0159195
0.0157986
0.0147453
0.015373
0.0144429
0.0154593
0.0165539
0.0193642
0.0212786
0.0232202
0.0281304
0.041973
0.050533
0.0654677
0.0925467
0.116205
0.138006
0.163027
0.186238
0.205329
0.219358
0.233435
0.243008
0.25315
0.260143
0.267629
0.271562
0.275036
0.283482
0.284336
0.288168
0.295603
0.294688
0.296025
0.295781
0.298005
0.297935
0.293881
0.295805
0.296945
0.296845
0.294158
0.291894
0.289946
0.295341
0.29523
0.288818
0.286685
0.286033
0.282926
0.279706
0.275216
0.27099
0.273045
0.268938
0.264826
0.264591
0.266321
0.261291
0.256024
0.25214
0.250446
0.246037
0.243522
0.237426
0.233739
0.229955
0.22712
0.224125
0.221419
0.218745
0.21663
0.215151
0.212722
0.209173
0.205973
0.204796
0.200229
0.197086
0.196113
0.193572
0.190519
0.186564
0.184036
0.180589
0.177798
0.175247
0.175569
0.176365
0.175623
0.176295
0.181343
0.184847
0.187072
0.192025
0.195292
0.201945
0.207408
0.221406
0.230738
0.231982
0.236831
0.246011
0.249901
0.251624
0.257771
0.25862
0.258771
0.258071
0.25765
0.259599
0.257013
0.255041
0.257537
0.255563
0.252118
0.248544
0.245786
0.241602
0.236501
0.23359
0.232931
0.2298
0.223981
0.219034
0.21515
0.212021
0.206076
0.20125
0.197132
0.192969
0.187928
0.182757
0.17769
0.174417
0.17121
0.167661
0.163312
0.159754
0.158416
0.155848
0.158257
0.159397
0.161857
0.163954
0.167782
0.171747
0.181336
0.193838
0.200969
0.207695
0.216488
0.220815
0.223805
0.226815
0.226706
0.231179
0.232418
0.235034
0.239602
0.243492
0.245226
0.245613
0.249152
0.249819
0.250041
0.248568
0.246942
0.24726
0.24682
0.245299
0.242746
0.242101
0.239714
0.238324
0.237597
0.239066
0.235442
0.232095
0.231567
0.229792
0.229672
0.227793
0.223582
0.220641
0.219128
0.214723
0.212079
0.205854
0.203502
0.203191
0.200636
0.196774
0.195356
0.195857
0.194707
0.191782
0.190775
0.190995
0.188351
0.184115
0.18244
0.180614
0.178027
0.178077
0.182267
0.181293
0.180437
0.184208
0.187933
0.19037
0.191984
0.194567
0.19913
0.205391
0.205774
0.213941
0.220359
0.22683
0.230933
0.239665
0.238771
0.238573
0.241113
0.242807
0.242733
0.240934
0.239289
0.238549
0.237207
0.236918
0.236785
0.238287
0.235846
0.235406
0.235681
0.236014
0.234101
0.233656
0.234318
0.230317
0.227268
0.224853
0.221116
0.217639
0.216079
0.212803
0.20979
0.208042
0.202914
0.19694
0.192476
0.190315
0.186536
0.182481
0.179047
0.177944
0.175692
0.172689
0.172205
0.169071
0.168907
0.173693
0.174953
0.177097
0.1813
0.184717
0.190921
0.197391
0.20081
0.204677
0.210016
0.213392
0.221468
0.224901
0.231231
0.235071
0.233802
0.232797
0.23538
0.233389
0.233938
0.231643
0.232099
0.236949
0.239794
0.239462
0.241811
0.23887
0.236458
0.233733
0.234263
0.232347
0.227013
0.224174
0.223328
0.218737
0.217381
0.215364
0.211916
0.210247
0.211634
0.212733
0.212318
0.211198
0.213032
0.209775
0.208614
0.208056
0.208047
0.207174
0.205535
0.205798
0.202654
0.203611
0.203034
0.20149
0.202873
0.203984
0.20383
0.205363
0.206813
0.21006
0.212711
0.216428
0.21519
0.216884
0.218907
0.219989
0.222147
0.221496
0.222403
0.223326
0.225415
0.23011
0.233924
0.233427
0.238171
0.242543
0.241172
0.239141
0.239755
0.237188
0.234426
0.23311
0.229602
0.225841
0.22373
0.223689
0.222323
0.216128
0.216223
0.21401
0.212181
0.21119
0.21056
0.210798
0.214957
0.216726
0.219389
0.218745
0.219664
0.221355
0.219712
0.221287
0.221141
0.225018
0.231583
0.236098
0.236059
0.237806
0.239704
0.243554
0.243991
0.242661
0.244214
0.240645
0.239673
0.241206
0.240095
0.236988
0.235039
0.234738
0.232948
0.231139
0.230528
0.228874
0.227948
0.225744
0.224652
0.225607
0.223383
0.221198
0.218512
0.22016
0.217785
0.216934
0.218664
0.219171
0.218709
0.222454
0.224027
0.222559
0.224246
0.22413
0.220511
0.220234
0.217685
0.216058
0.217255
0.215772
0.21438
0.213662
0.211304
0.206938
0.204459
0.202156
0.200968
0.202764
0.201545
0.199582
0.203303
0.202797
0.202669
0.208196
0.208889
0.207743
0.209405
0.208964
0.216232
0.224214
0.223194
0.224821
0.227965
0.236149
0.237499
0.236307
0.239125
0.242029
0.240014
0.240341
0.238581
0.236838
0.236261
0.237573
0.238049
0.237366
0.235703
0.235357
0.234079
0.234441
0.234135
0.235491
0.235448
0.23519
0.232903
0.229918
0.228452
0.226053
0.220536
0.21919
0.219772
0.215985
0.212605
0.207787
0.205507
0.202295
0.199683
0.19629
0.194599
0.193083
0.188544
0.184649
0.179373
0.176894
0.175041
0.170553
0.166025
0.161763
0.157882
0.154812
0.150626
0.14717
0.142511
0.139901
0.137228
0.134782
0.13305
0.13206
0.129458
0.128312
0.127873
0.127243
0.127766
0.133347
0.134695
0.142233
0.148122
0.161493
0.173805
0.185387
0.19941
0.211155
0.219398
0.231507
0.234507
0.240981
0.252949
0.252918
0.2607
0.262521
0.260851
0.262442
0.261535
0.261359
0.261824
0.261357
0.261791
0.260662
0.26089
0.262009
0.26078
0.258433
0.255808
0.250632
0.247175
0.240975
0.236301
0.229578
0.224583
0.218242
0.211699
0.205524
0.198472
0.192093
0.186334
0.179551
0.173078
0.166681
0.159805
0.154183
0.14764
0.141838
0.13638
0.130061
0.125244
0.119943
0.115142
0.109919
0.104577
0.100615
0.096045
0.0916283
0.0875257
0.0841456
0.0803248
0.0774163
0.0734014
0.0699357
0.0674217
0.0645278
0.06066
0.0589902
0.0558336
0.0527853
0.0504971
0.0483983
0.0458567
0.0447551
0.0421323
0.0405515
0.0390152
0.0375069
0.0349151
0.0345878
0.0331158
0.0322175
0.0301944
0.0282008
0.0278693
0.0263387
0.0255463
0.0244693
0.0227453
0.0219751
0.0212144
0.02015
0.0197174
0.0193136
0.0183794
0.0189391
0.0184374
0.020955
0.023351
0.0257282
0.031252
0.0382373
0.0531149
0.0651869
0.091321
0.113264
0.130384
0.159992
0.185074
0.200201
0.213549
0.238326
0.245933
0.260594
0.267801
0.270452
0.287047
0.289537
0.29444
0.297809
0.297467
0.30339
0.308509
0.305481
0.303452
0.302647
0.297903
0.293781
0.292163
0.286097
0.282739
0.278875
0.274357
0.270368
0.264481
0.260873
0.257055
0.252265
0.248026
0.24539
0.242011
0.239956
0.236388
0.234672
0.232351
0.229235
0.226037
0.224339
0.223181
0.222054
0.220152
0.218987
0.21974
0.218615
0.217814
0.218335
0.220858
0.227907
0.231268
0.235682
0.243419
0.243859
0.245937
0.248446
0.250978
0.253959
0.256879
0.254595
0.253317
0.25477
0.258035
0.259071
0.260023
0.26138
0.259962
0.258647
0.253622
0.250389
0.248638
0.244639
0.238316
0.233764
0.230529
0.227777
0.225224
0.222238
0.217337
0.217116
0.214749
0.211369
0.21023
0.208165
0.208828
0.207076
0.204207
0.202968
0.206066
0.206078
0.202777
0.202666
0.202506
0.201687
0.201925
0.201641
0.201365
0.204978
0.205492
0.205401
0.204209
0.211064
0.211017
0.213195
0.218815
0.220927
0.220176
0.221676
0.220604
0.221585
0.22303
0.222831
0.226483
0.228577
0.23558
0.236292
0.23676
0.241912
0.242105
0.241817
0.241066
0.238867
0.237191
0.236699
0.235266
0.231053
0.227956
0.226797
0.225447
0.224185
0.223051
0.219935
0.218627
0.221135
0.220458
0.216935
0.21549
0.217952
0.215557
0.214068
0.216607
0.217091
0.220798
0.223655
0.22511
0.226635
0.224975
0.224068
0.225816
0.223579
0.223714
0.226284
0.230842
0.22728
0.223789
0.225744
0.227126
0.228417
0.22771
0.226433
0.223345
0.222047
0.222759
0.220766
0.222043
0.223377
0.221564
0.219621
0.219299
0.215843
0.215394
0.214718
0.214446
0.215389
0.215074
0.214017
0.211826
0.210294
0.212274
0.211223
0.208087
0.207175
0.207409
0.209967
0.206534
0.207267
0.207419
0.205557
0.207816
0.208267
0.209078
0.208555
0.208204
0.205979
0.206457
0.210714
0.210192
0.212721
0.219822
0.226829
0.228609
0.233376
0.233853
0.239953
0.240793
0.240042
0.243083
0.241308
0.244276
0.245458
0.243587
0.243054
0.244145
0.242782
0.241029
0.242913
0.242827
0.242203
0.238993
0.238406
0.232506
0.229082
0.22431
0.220465
0.219075
0.21345
0.207884
0.202168
0.19948
0.194487
0.191303
0.18671
0.182849
0.177225
0.171677
0.168144
0.16326
0.158287
0.154907
0.150049
0.14576
0.141932
0.137084
0.131212
0.126957
0.123079
0.117687
0.113262
0.108417
0.103136
0.0995124
0.0952469
0.0918256
0.0877024
0.083944
0.0804022
0.0765859
0.0734937
0.0698628
0.0665916
0.0641775
0.0614593
0.0573697
0.0546885
0.0526554
0.0504896
0.0487593
0.0461928
0.0438291
0.0423305
0.0402463
0.0384601
0.0364628
0.0347311
0.0335536
0.0320666
0.0310095
0.0297157
0.0288153
0.0271385
0.0260534
0.0244656
0.0246311
0.0224615
0.0214573
0.0211193
0.0204125
0.0198995
0.0185791
0.0177186
0.0176436
0.017517
0.0159209
0.0163056
0.0148769
0.0152116
0.0151592
0.0145819
0.0136164
0.015942
0.0157058
0.0164693
0.0192532
0.0227421
0.0296165
0.0366748
0.0516767
0.0729145
0.100906
0.12704
0.149744
0.178127
0.194288
0.216725
0.230752
0.241385
0.251995
0.261826
0.266471
0.276284
0.28208
0.28647
0.29306
0.293785
0.294433
0.294961
0.297226
0.299606
0.300468
0.302174
0.300655
0.29979
0.297051
0.294249
0.291995
0.289577
0.286716
0.283992
0.282049
0.279421
0.280882
0.276438
0.269971
0.266765
0.264234
0.259525
0.256418
0.253338
0.247762
0.245074
0.241715
0.236897
0.231669
0.226893
0.221962
0.216229
0.211904
0.205898
0.201706
0.198172
0.194268
0.188508
0.185561
0.182072
0.177208
0.174322
0.169473
0.166634
0.164061
0.160642
0.158111
0.157024
0.15646
0.15629
0.161064
0.162879
0.165672
0.172523
0.180542
0.186978
0.197326
0.207246
0.217308
0.229506
0.230344
0.233802
0.238758
0.240342
0.243397
0.24621
0.247091
0.255025
0.256829
0.257519
0.258096
0.256255
0.254127
0.257211
0.254541
0.251822
0.250783
0.247121
0.244811
0.244014
0.239003
0.235507
0.234945
0.230591
0.230024
0.231667
0.227376
0.226548
0.223879
0.223441
0.221561
0.221096
0.22132
0.218466
0.218527
0.217619
0.215834
0.219556
0.219747
0.220658
0.22045
0.219557
0.217081
0.212581
0.213284
0.211583
0.209408
0.208407
0.205729
0.202347
0.204722
0.204022
0.20727
0.209099
0.206639
0.206069
0.206049
0.207147
0.205912
0.205331
0.208216
0.212584
0.213005
0.213544
0.215053
0.218201
0.223252
0.225232
0.231951
0.238104
0.24113
0.238753
0.235041
0.234426
0.235687
0.236251
0.237839
0.237818
0.237011
0.236458
0.234982
0.230946
0.230495
0.227602
0.225685
0.221633
0.216941
0.216291
0.219144
0.217777
0.218069
0.218435
0.220421
0.222688
0.225027
0.224352
0.227123
0.231408
0.232541
0.242041
0.243956
0.245974
0.252698
0.250905
0.250966
0.250655
0.250152
0.248728
0.24922
0.248522
0.247752
0.243056
0.240552
0.238384
0.234322
0.231802
0.232085
0.228515
0.226274
0.225445
0.223358
0.222487
0.225128
0.224414
0.221689
0.223663
0.227691
0.228737
0.233071
0.235849
0.240254
0.243288
0.246848
0.250726
0.25195
0.254939
0.253905
0.255
0.254807
0.252784
0.250917
0.246805
0.24512
0.244484
0.245338
0.240809
0.237674
0.234154
0.232416
0.229971
0.227851
0.224881
0.218313
0.213317
0.209001
0.204335
0.202103
0.200144
0.197435
0.19597
0.19517
0.194238
0.197959
0.198363
0.198822
0.201392
0.204295
0.204189
0.210496
0.210588
0.211233
0.217228
0.220609
0.222203
0.227835
0.22909
0.234882
0.243164
0.246124
0.248354
0.250319
0.25451
0.254888
0.255701
0.255573
0.259029
0.257777
0.257846
0.256755
0.253795
0.254
0.250174
0.246294
0.243698
0.241208
0.238202
0.235773
0.234632
0.235914
0.234292
0.23197
0.230701
0.233174
0.233401
0.230447
0.226684
0.224822
0.222445
0.219487
0.217598
0.215592
0.213503
0.211623
0.209374
0.207142
0.203823
0.202784
0.201734
0.201185
0.20239
0.205119
0.208841
0.212255
0.215294
0.22208
0.229336
0.232691
0.236368
0.235562
0.240653
0.238697
0.23584
0.236244
0.235202
0.238683
0.2395
0.237087
0.23618
0.238923
0.23942
0.241206
0.244054
0.250738
0.252539
0.253178
0.25795
0.259288
0.257464
0.253232
0.253233
0.251097
0.249814
0.246895
0.244837
0.244919
0.241844
0.238297
0.239105
0.235592
0.233227
0.230934
0.229407
0.22879
0.227613
0.229107
0.229455
0.228284
0.226465
0.226147
0.222561
0.223788
0.225879
0.221092
0.21674
0.215996
0.218525
0.216069
0.216393
0.216801
0.216634
0.217494
0.21522
0.217951
0.218405
0.219397
0.220997
0.222736
0.224229
0.226143
0.226771
0.226845
0.227525
0.227197
0.228139
0.228174
0.227957
0.228288
0.22927
0.229516
0.226165
0.225875
0.226142
0.223799
0.223212
0.22572
0.228477
0.231214
0.232866
0.230728
0.23036
0.236093
0.240585
0.243233
0.244939
0.249674
0.251589
0.256129
0.25917
0.258253
0.255768
0.257006
0.253954
0.250675
0.247703
0.243333
0.237656
0.232704
0.228321
0.223687
0.217799
0.214627
0.209193
0.204822
0.200264
0.194927
0.189492
0.186202
0.183189
0.181018
0.178214
0.174837
0.170612
0.168596
0.164979
0.163333
0.163514
0.163858
0.163479
0.170455
0.179717
0.185609
0.19621
0.205435
0.21076
0.220091
0.229605
0.236496
0.246734
0.254228
0.257148
0.259261
0.264096
0.266139
0.266691
0.264659
0.266314
0.266826
0.265886
0.26585
0.265777
0.264144
0.259429
0.258865
0.261274
0.259262
0.25739
0.253168
0.25306
0.250641
0.249825
0.248452
0.249257
0.24531
0.24283
0.243671
0.239852
0.237458
0.236953
0.234579
0.232286
0.231209
0.228045
0.227037
0.225085
0.222929
0.224262
0.224772
0.226126
0.228213
0.230232
0.230634
0.232736
0.232515
0.231803
0.230681
0.231849
0.229325
0.231055
0.232249
0.227968
0.22817
0.225077
0.221165
0.22219
0.221668
0.22028
0.220855
0.22065
0.223079
0.224729
0.225917
0.226975
0.228602
0.235168
0.23386
0.235331
0.236724
0.234633
0.235819
0.234768
0.233043
0.231743
0.232612
0.234339
0.232574
0.231487
0.23304
0.234841
0.234671
0.236091
0.235404
0.233871
0.234115
0.235995
0.234701
0.23212
0.229909
0.22872
0.227566
0.229291
0.23222
0.233263
0.233703
0.234581
0.234166
0.231532
0.229322
0.231778
0.231434
0.229844
0.232433
0.23676
0.240038
0.247404
0.24862
0.249021
0.247774
0.246647
0.244053
0.239436
0.23861
0.23733
0.238518
0.236488
0.235872
0.234551
0.233089
0.229084
0.225922
0.226861
0.224369
0.221946
0.220262
0.218624
0.217663
0.214412
0.21467
0.214399
0.214074
0.212272
0.211418
0.216019
0.219013
0.221794
0.225927
0.228403
0.232236
0.233514
0.234546
0.239665
0.239491
0.239423
0.242551
0.241414
0.241037
0.243375
0.244568
0.24232
0.24335
0.247437
0.245719
0.244713
0.245628
0.245798
0.243472
0.24039
0.239272
0.236063
0.233478
0.228124
0.224755
0.219841
0.214121
0.209244
0.202694
0.196678
0.190158
0.185266
0.179601
0.172609
0.166763
0.162173
0.155981
0.151307
0.14513
0.139744
0.135287
0.128706
0.124422
0.11944
0.114688
0.109886
0.104997
0.100833
0.0968
0.0919424
0.088265
0.0848099
0.0807563
0.0771177
0.0742785
0.0707662
0.067455
0.0638527
0.0623117
0.0579843
0.0561359
0.0531053
0.0510087
0.0489624
0.0463478
0.0440033
0.0425473
0.0404895
0.0390176
0.0367157
0.0355853
0.0339358
0.0320493
0.0316006
0.0305687
0.0294184
0.0293465
0.0310817
0.0334577
0.0337594
0.036262
0.0424115
0.052399
0.0616889
0.0746241
0.101058
0.11954
0.148969
0.181552
0.206627
0.226714
0.240574
0.256333
0.262819
0.272397
0.27687
0.280668
0.28616
0.289547
0.289649
0.291099
0.295603
0.296458
0.297638
0.30005
0.298002
0.301609
0.299401
0.299763
0.297363
0.295067
0.296497
0.294834
0.292848
0.289234
0.285262
0.282602
0.279741
0.272785
0.266564
0.26396
0.263385
0.261127
0.257851
0.252771
0.249976
0.247784
0.245054
0.243214
0.241219
0.237983
0.234443
0.236486
0.234188
0.233415
0.23412
0.236008
0.23618
0.236533
0.238686
0.237776
0.239128
0.24201
0.241737
0.238185
0.244722
0.249269
0.246356
0.247684
0.247724
0.249366
0.249152
0.251867
0.25045
0.248504
0.246441
0.243806
0.247772
0.246429
0.245877
0.246266
0.248535
0.247122
0.244826
0.243892
0.240056
0.239859
0.238366
0.234742
0.231733
0.228473
0.226672
0.227276
0.225697
0.225394
0.226086
0.226185
0.226697
0.228401
0.22864
0.230024
0.230744
0.232203
0.237887
0.238514
0.237687
0.238155
0.238152
0.240823
0.240256
0.24897
0.249192
0.25073
0.250676
0.249653
0.2497
0.248162
0.247298
0.247504
0.247269
0.244038
0.24658
0.247966
0.247983
0.247561
0.248861
0.248057
0.246685
0.245571
0.244836
0.244247
0.245402
0.247587
0.245115
0.242132
0.243131
0.242089
0.23888
0.240167
0.242363
0.241328
0.241774
0.239761
0.237966
0.239953
0.240257
0.238909
0.236606
0.234926
0.234081
0.231128
0.227614
0.226286
0.224277
0.220881
0.21796
0.218348
0.215902
0.217563
0.221847
0.223287
0.221133
0.225408
0.22928
0.23657
0.241866
0.241894
0.248178
0.248617
0.246819
0.247732
0.248101
0.247374
0.245501
0.245751
0.242528
0.243536
0.243516
0.244546
0.241448
0.241369
0.247271
0.247566
0.246114
0.247098
0.246196
0.244169
0.245245
0.240319
0.234621
0.230174
0.224142
0.219658
0.217956
0.214669
0.210402
0.206083
0.203376
0.205033
0.201285
0.198011
0.198904
0.195805
0.192634
0.187583
0.184113
0.182028
0.177425
0.176589
0.173903
0.173107
0.173499
0.175352
0.177064
0.181366
0.182907
0.188351
0.196366
0.207105
0.208772
0.212727
0.221522
0.231245
0.233103
0.236666
0.240652
0.24701
0.247336
0.250408
0.253437
0.253988
0.261139
0.264524
0.265667
0.26348
0.262554
0.26255
0.26151
0.260999
0.259137
0.257659
0.255612
0.25406
0.249163
0.244524
0.24065
0.23515
0.231553
0.227126
0.222867
0.217098
0.213118
0.207822
0.203403
0.196265
0.191314
0.186383
0.180942
0.175786
0.170151
0.164281
0.159173
0.153294
0.147581
0.141994
0.136222
0.131624
0.126641
0.120931
0.115545
0.111328
0.107252
0.10209
0.0985632
0.0942173
0.0906108
0.0861738
0.0823042
0.0785748
0.075927
0.07205
0.0694227
0.0658976
0.0628817
0.0604871
0.0574255
0.0544993
0.0523524
0.0501478
0.0478844
0.046118
0.043043
0.0413812
0.0389303
0.0382906
0.0368352
0.0345551
0.033047
0.0306813
0.0307492
0.0291996
0.0279439
0.0262192
0.0249797
0.0243647
0.0233508
0.0228894
0.0212528
0.0210512
0.0203158
0.0188215
0.0187206
0.018198
0.0175179
0.0158423
0.0151474
0.0149768
0.0154037
0.0148176
0.0140906
0.0149672
0.0144047
0.0140627
0.0145064
0.0155726
0.0184252
0.0212796
0.0277612
0.0367895
0.0484121
0.0658025
0.0951964
0.121559
0.146172
0.177702
0.199119
0.219276
0.238037
0.25299
0.269962
0.278403
0.283239
0.288402
0.292573
0.298303
0.302136
0.305076
0.310749
0.308816
0.309863
0.310613
0.305076
0.299928
0.296753
0.294593
0.292249
0.287733
0.285308
0.286249
0.282296
0.283723
0.282474
0.277414
0.2752
0.270606
0.266012
0.263001
0.259787
0.258809
0.255762
0.252173
0.252592
0.250801
0.24909
0.248537
0.247324
0.248913
0.249111
0.247944
0.2481
0.246751
0.248527
0.244833
0.242184
0.240979
0.237039
0.234328
0.232213
0.231676
0.230177
0.232291
0.233725
0.234086
0.237283
0.241612
0.243924
0.24668
0.24994
0.250336
0.251846
0.253916
0.25717
0.259472
0.259839
0.260638
0.262325
0.258876
0.254394
0.250559
0.249196
0.246496
0.241658
0.239678
0.237624
0.2327
0.226816
0.223346
0.221789
0.220312
0.215779
0.210513
0.208288
0.204079
0.201914
0.201428
0.200724
0.198607
0.196429
0.196165
0.195027
0.197764
0.203309
0.208269
0.209499
0.210387
0.214421
0.218921
0.223594
0.225059
0.232897
0.234424
0.243256
0.250738
0.254734
0.252866
0.251193
0.251443
0.255027
0.254228
0.252173
0.253201
0.251927
0.249943
0.25149
0.249319
0.249109
0.246972
0.245058
0.243845
0.241771
0.242775
0.240285
0.241173
0.239084
0.236115
0.235567
0.233068
0.23261
0.234904
0.234711
0.233159
0.228768
0.22772
0.227759
0.229838
0.23286
0.23336
0.236642
0.237149
0.237342
0.23684
0.234654
0.233631
0.233281
0.232994
0.232436
0.231335
0.228439
0.226966
0.22757
0.22773
0.229434
0.230325
0.232311
0.233521
0.235427
0.234842
0.23475
0.23609
0.236935
0.237762
0.235787
0.235606
0.234822
0.232744
0.234335
0.235764
0.233825
0.233978
0.236192
0.240811
0.24236
0.240884
0.239396
0.237826
0.236717
0.234749
0.236941
0.235786
0.234285
0.231234
0.229011
0.227873
0.225655
0.224607
0.223818
0.223092
0.222157
0.222239
0.222843
0.222759
0.225535
0.224896
0.225899
0.229769
0.228037
0.229569
0.22925
0.229408
0.228584
0.229171
0.229508
0.227773
0.224594
0.221782
0.216935
0.212671
0.209485
0.207184
0.204247
0.198593
0.195015
0.192175
0.188449
0.18623
0.181648
0.178478
0.174182
0.169651
0.166228
0.161335
0.159245
0.157428
0.154174
0.152985
0.149401
0.148818
0.14805
0.150247
0.150382
0.153065
0.155824
0.161611
0.174134
0.183096
0.199107
0.210322
0.217746
0.230641
0.238793
0.252406
0.253523
0.25742
0.265468
0.264513
0.264634
0.269363
0.267893
0.265186
0.266356
0.263023
0.260567
0.260058
0.258156
0.254714
0.254012
0.250542
0.247808
0.245035
0.241417
0.239348
0.236065
0.231181
0.226883
0.222177
0.218703
0.214962
0.21013
0.20895
0.206614
0.203519
0.197721
0.194634
0.189663
0.187908
0.185401
0.182884
0.180846
0.180886
0.18565
0.188428
0.191104
0.194884
0.202144
0.209205
0.21623
0.219991
0.223184
0.230448
0.237261
0.241613
0.246816
0.248429
0.250034
0.256645
0.258774
0.260417
0.261739
0.261314
0.258626
0.256882
0.255589
0.251418
0.251862
0.248357
0.244029
0.243097
0.242306
0.240962
0.23831
0.23673
0.238478
0.235165
0.231052
0.229761
0.226148
0.222664
0.222461
0.222125
0.221261
0.221352
0.225295
0.228626
0.227994
0.225654
0.224967
0.229353
0.230086
0.232402
0.236925
0.237858
0.236356
0.237659
0.235451
0.230999
0.228157
0.226058
0.224178
0.224898
0.224477
0.221295
0.22199
0.220058
0.222976
0.224093
0.223832
0.224957
0.229059
0.229554
0.233205
0.23765
0.236245
0.238004
0.244395
0.240344
0.240436
0.24566
0.247685
0.250738
0.254677
0.256407
0.252928
0.25415
0.255571
0.255106
0.253633
0.254206
0.249883
0.246999
0.242721
0.239878
0.234731
0.230543
0.227386
0.220656
0.216187
0.211205
0.206119
0.201069
0.196496
0.190414
0.184892
0.179274
0.174348
0.168729
0.163166
0.157514
0.152356
0.146521
0.141231
0.137321
0.132986
0.128453
0.124588
0.120756
0.117957
0.114611
0.112602
0.10891
0.105628
0.102407
0.100145
0.0988564
0.0983091
0.0961396
0.0926403
0.0919006
0.0901614
0.0880155
0.0883506
0.0875076
0.0891397
0.0928536
0.103377
0.116991
0.13407
0.15761
0.177911
0.193283
0.209969
0.224189
0.23722
0.248527
0.251851
0.255113
0.262767
0.266131
0.269204
0.274283
0.279459
0.282717
0.284915
0.286561
0.286259
0.287024
0.286301
0.284142
0.282071
0.281079
0.276338
0.272476
0.271112
0.270352
0.266458
0.264663
0.263212
0.259662
0.255083
0.252927
0.24859
0.24445
0.240166
0.237548
0.238479
0.237456
0.233685
0.234237
0.235213
0.230872
0.232687
0.236121
0.233999
0.235335
0.240797
0.242879
0.243144
0.244289
0.243868
0.24446
0.245047
0.243211
0.245184
0.244741
0.240822
0.239081
0.24145
0.244947
0.242631
0.247244
0.250507
0.249199
0.249829
0.25348
0.250717
0.24931
0.248952
0.246674
0.245364
0.244076
0.238685
0.233214
0.230874
0.228136
0.223308
0.218897
0.214111
0.211896
0.209524
0.206293
0.204843
0.204765
0.203776
0.20131
0.203346
0.203666
0.203471
0.204291
0.205397
0.212603
0.217478
0.218231
0.224466
0.228701
0.230993
0.234479
0.236284
0.238929
0.239918
0.239715
0.241812
0.241882
0.240104
0.240115
0.240954
0.2432
0.242583
0.242383
0.24408
0.249199
0.249107
0.246264
0.246037
0.24965
0.25055
0.24631
0.244203
0.242158
0.239541
0.236073
0.233458
0.232212
0.232377
0.228369
0.227216
0.226623
0.222934
0.219993
0.217585
0.212374
0.209032
0.206523
0.204214
0.201977
0.205041
0.206291
0.209397
0.211688
0.215135
0.218081
0.220703
0.221455
0.226404
0.230005
0.233423
0.237124
0.240325
0.242611
0.246615
0.245764
0.245227
0.246434
0.247684
0.247121
0.24521
0.244506
0.240867
0.236428
0.231854
0.228416
0.222328
0.217672
0.213381
0.208906
0.206743
0.204582
0.2027
0.202166
0.202364
0.202644
0.202765
0.200578
0.20035
0.20498
0.205009
0.204275
0.209933
0.211815
0.214319
0.215226
0.219109
0.225715
0.2305
0.229768
0.230791
0.235059
0.240867
0.242541
0.246223
0.251712
0.252444
0.254689
0.25349
0.252616
0.249354
0.247452
0.246355
0.246005
0.2445
0.24461
0.243313
0.242173
0.241658
0.237099
0.233054
0.230067
0.225301
0.218632
0.213373
0.207397
0.201502
0.196811
0.191599
0.185989
0.17975
0.174657
0.169183
0.165274
0.163355
0.159034
0.155615
0.152135
0.149636
0.147281
0.146
0.145333
0.152351
0.156483
0.160639
0.164489
0.182605
0.194782
0.205029
0.220631
0.22761
0.243606
0.245855
0.248241
0.25488
0.259246
0.260885
0.267783
0.267677
0.268395
0.271136
0.269391
0.267042
0.266817
0.26427
0.263747
0.261638
0.259896
0.260216
0.259525
0.25445
0.252078
0.251386
0.246886
0.245194
0.245195
0.242714
0.240331
0.235983
0.233067
0.229485
0.227183
0.225866
0.220596
0.218258
0.216013
0.214526
0.212047
0.211911
0.217068
0.224182
0.22516
0.22651
0.237842
0.240286
0.239521
0.239884
0.238654
0.238367
0.240265
0.238974
0.236616
0.241123
0.244252
0.241775
0.239113
0.240816
0.243329
0.240847
0.241098
0.238987
0.241274
0.242932
0.242633
0.242032
0.245053
0.244096
0.242676
0.245018
0.247105
0.245053
0.242138
0.239496
0.238731
0.239962
0.243496
0.240252
0.241289
0.243152
0.243399
0.246725
0.244545
0.242477
0.243
0.244281
0.242102
0.238536
0.236434
0.234448
0.232502
0.229607
0.228869
0.229125
0.229115
0.230898
0.23155
0.235725
0.235912
0.235139
0.237893
0.241261
0.241307
0.245264
0.249288
0.24717
0.249836
0.250663
0.251967
0.251217
0.248414
0.249161
0.24742
0.245036
0.242372
0.238923
0.23604
0.232113
0.229522
0.227036
0.226087
0.223836
0.221954
0.222291
0.223296
0.224378
0.224373
0.227824
0.226932
0.232008
0.232747
0.231739
0.237248
0.239364
0.239769
0.238682
0.238949
0.239372
0.240373
0.243333
0.243066
0.242015
0.240195
0.242178
0.242187
0.240976
0.24058
0.238146
0.236643
0.236415
0.236162
0.230949
0.230359
0.227486
0.226164
0.221939
0.221566
0.222104
0.222921
0.220719
0.219874
0.218558
0.221423
0.21973
0.21772
0.218459
0.219911
0.220974
0.22449
0.227381
0.229471
0.230559
0.236602
0.238715
0.238859
0.239521
0.238455
0.241855
0.244177
0.241199
0.2399
0.239423
0.237482
0.23744
0.239525
0.239213
0.237063
0.233861
0.231719
0.232224
0.229112
0.224254
0.221663
0.219122
0.217782
0.213479
0.21099
0.209265
0.20501
0.203757
0.204089
0.205289
0.208257
0.206934
0.20881
0.210886
0.212377
0.215081
0.219593
0.221965
0.222273
0.221743
0.225427
0.228816
0.233827
0.237223
0.239877
0.239178
0.242724
0.246724
0.244627
0.245916
0.247949
0.245833
0.24572
0.242527
0.241736
0.238977
0.237228
0.236453
0.234565
0.233371
0.233978
0.237347
0.237917
0.240919
0.243107
0.243263
0.243296
0.241346
0.240859
0.241379
0.237401
0.239227
0.235404
0.233305
0.231465
0.230599
0.229866
0.229778
0.229038
0.227989
0.229233
0.225213
0.223174
0.223983
0.224978
0.2248
0.228357
0.231822
0.234291
0.236577
0.238424
0.24259
0.242716
0.242797
0.242082
0.242036
0.239984
0.235485
0.234908
0.233364
0.232569
0.233842
0.232318
0.228718
0.23002
0.228694
0.226388
0.225155
0.223172
0.220558
0.218148
0.217616
0.214169
0.213229
0.211404
0.208667
0.208189
0.204658
0.208009
0.209265
0.206654
0.209175
0.211537
0.21195
0.213727
0.218184
0.216372
0.228337
0.230928
0.234221
0.243382
0.24533
0.249656
0.257433
0.256682
0.256718
0.257517
0.258497
0.255702
0.254993
0.252154
0.250853
0.247487
0.242911
0.23994
0.237947
0.234258
0.231175
0.229271
0.225313
0.221792
0.216519
0.214908
0.212888
0.211229
0.209454
0.210923
0.212901
0.211356
0.21397
0.214648
0.218777
0.225769
0.232471
0.235046
0.235831
0.240217
0.242727
0.243947
0.247142
0.247248
0.246625
0.248393
0.255206
0.257386
0.257634
0.255825
0.254026
0.252464
0.250902
0.248378
0.244696
0.246478
0.246424
0.244234
0.242886
0.237628
0.236386
0.235317
0.23377
0.232778
0.231458
0.230388
0.227956
0.230086
0.228453
0.225059
0.223463
0.222832
0.221733
0.219947
0.217077
0.218107
0.213794
0.212094
0.208997
0.208936
0.210117
0.209445
0.209246
0.208575
0.209395
0.205123
0.209019
0.214485
0.214141
0.217171
0.226019
0.231066
0.235215
0.237379
0.24364
0.247005
0.245893
0.252339
0.255608
0.255297
0.257168
0.255773
0.256428
0.255574
0.252203
0.249371
0.245945
0.241824
0.239164
0.238042
0.236905
0.237643
0.236979
0.235281
0.232926
0.232359
0.231425
0.229522
0.229289
0.22777
0.229001
0.231806
0.232662
0.231458
0.23099
0.232447
0.230035
0.229156
0.232068
0.232201
0.232319
0.232955
0.233635
0.236967
0.239971
0.239445
0.237941
0.238128
0.239599
0.24031
0.240011
0.239855
0.239637
0.238729
0.238922
0.237013
0.238175
0.2362
0.23537
0.233493
0.232658
0.230928
0.230612
0.231155
0.230504
0.230237
0.231328
0.23337
0.230549
0.228046
0.227941
0.226961
0.22826
0.226615
0.225444
0.229874
0.228728
0.22993
0.235006
0.237301
0.238176
0.237187
0.238036
0.23866
0.236712
0.238164
0.23817
0.236677
0.235296
0.235207
0.232042
0.231112
0.232766
0.231997
0.230947
0.227587
0.226611
0.224363
0.224615
0.22914
0.226684
0.223702
0.225611
0.224398
0.226186
0.222871
0.223901
0.223379
0.223158
0.225986
0.227396
0.228114
0.228886
0.232172
0.236015
0.236827
0.238817
0.240646
0.24192
0.246195
0.24565
0.244418
0.245204
0.244723
0.24388
0.241636
0.238716
0.236954
0.234834
0.234789
0.231531
0.228196
0.227802
0.226773
0.224821
0.220961
0.217784
0.217234
0.217589
0.216456
0.216733
0.21681
0.213422
0.210315
0.209281
0.207101
0.209155
0.209495
0.214046
0.212798
0.214413
0.217774
0.219018
0.219052
0.221472
0.22126
0.221392
0.221072
0.219303
0.218688
0.219958
0.219972
0.221837
0.223368
0.222966
0.226882
0.227289
0.232802
0.237929
0.238457
0.239042
0.238409
0.23743
0.236189
0.236164
0.23859
0.235665
0.230769
0.227154
0.224921
0.220162
0.219437
0.219008
0.21496
0.210873
0.20878
0.20525
0.20574
0.202383
0.202771
0.203019
0.206401
0.207469
0.211225
0.215113
0.220687
0.227233
0.230318
0.23773
0.235482
0.238013
0.243064
0.24305
0.247042
0.254924
0.257243
0.256727
0.25855
0.258562
0.25659
0.255519
0.254889
0.25411
0.253509
0.250898
0.247095
0.243994
0.244261
0.240868
0.238367
0.238811
0.236447
0.233454
0.230956
0.228883
0.228405
0.228972
0.228632
0.228377
0.229311
0.226472
0.225857
0.224062
0.22336
0.221914
0.218335
0.217274
0.215862
0.21483
0.21208
0.209149
0.207766
0.206296
0.207718
0.206302
0.207969
0.209183
0.208229
0.211227
0.21313
0.215718
0.219651
0.220564
0.225023
0.232902
0.23642
0.239722
0.244168
0.246149
0.249368
0.248849
0.25463
0.249713
