0 0.144717800289
1 0.144717800289
2 0.144717800289
3 0.144717800289
4 0.144717800289
5 0.144717800289
6 0.144717800289
7 0.144717800289
8 0.0
9 0.0
10 0.0
11 0.0
12 0.0
13 0.0
14 0.0
15 0.0
16 0.0
17 0.0
18 0.0
19 0.0
20 0.0
21 0.0
22 0.0
23 0.0
24 0.0
25 0.0
26 0.0
27 0.0
28 0.0
29 0.0
30 0.0
31 0.0
32 0.0
33 0.0
34 0.144717800289
35 0.289435600579
36 0.434153400868
37 0.434153400868
38 0.434153400868
39 0.723589001447
40 0.723589001447
41 0.868306801737
42 0.868306801737
43 0.868306801737
44 0.868306801737
45 1.01302460203
46 1.01302460203
47 1.01302460203
48 1.01302460203
49 1.01302460203
50 1.01302460203
51 1.01302460203
52 1.01302460203
53 1.01302460203
54 0.868306801737
55 0.723589001447
56 0.578871201158
57 0.578871201158
58 0.578871201158
59 0.289435600579
60 0.289435600579
61 0.144717800289
62 0.144717800289
63 0.144717800289
64 0.144717800289
65 0.0
66 0.0
67 0.0
68 0.0
69 0.0
70 0.144717800289
71 0.144717800289
72 0.144717800289
73 0.144717800289
74 0.144717800289
75 0.144717800289
76 0.144717800289
77 0.144717800289
78 0.144717800289
79 0.144717800289
80 0.144717800289
81 0.144717800289
82 0.144717800289
83 0.144717800289
84 0.144717800289
85 0.144717800289
86 0.144717800289
87 0.144717800289
88 0.144717800289
89 0.144717800289
90 0.0
91 0.0
92 0.0
93 0.0
94 0.0
95 0.0
96 0.0
97 0.0
98 0.0
99 0.0
100 0.0
101 0.0
102 0.0
103 0.0
104 0.144717800289
105 0.144717800289
106 0.289435600579
107 0.289435600579
108 0.289435600579
109 0.289435600579
110 0.289435600579
111 0.289435600579
112 0.289435600579
113 0.289435600579
114 0.289435600579
115 0.578871201158
116 0.578871201158
117 0.868306801737
118 1.01302460203
119 1.01302460203
120 1.01302460203
121 1.01302460203
122 1.01302460203
123 1.01302460203
124 0.868306801737
125 0.868306801737
126 0.723589001447
127 0.723589001447
128 0.723589001447
129 0.723589001447
130 0.723589001447
131 0.868306801737
132 0.868306801737
133 0.868306801737
134 0.868306801737
135 0.578871201158
136 0.578871201158
137 0.289435600579
138 0.144717800289
139 0.144717800289
140 0.144717800289
141 0.144717800289
142 0.144717800289
143 0.144717800289
144 0.144717800289
145 0.144717800289
146 0.144717800289
147 0.144717800289
148 0.144717800289
149 0.144717800289
150 0.144717800289
151 0.0
152 0.0
153 0.0
154 0.0
155 0.0
156 0.289435600579
157 0.289435600579
158 0.289435600579
159 0.289435600579
160 0.289435600579
161 0.289435600579
162 0.289435600579
163 0.434153400868
164 0.434153400868
165 0.434153400868
166 0.578871201158
167 0.578871201158
168 1.01302460203
169 1.01302460203
170 1.01302460203
171 1.01302460203
172 1.44717800289
173 1.44717800289
174 1.44717800289
175 1.44717800289
176 1.44717800289
177 1.73661360347
178 2.46020260492
179 2.46020260492
180 8.53835021708
181 22.7206946454
182 41.2445730825
183 52.5325615051
184 59.1895803184
185 62.8075253256
186 64.6888567294
187 64.6888567294
188 64.97829233
189 65.1230101302
190 65.1230101302
191 65.1230101302
192 64.6888567294
193 64.6888567294
194 64.6888567294
195 64.6888567294
196 64.3994211288
197 64.1099855282
198 63.3863965268
199 63.3863965268
200 57.3082489146
201 43.1259044863
202 24.6020260492
203 13.1693198263
204 6.51230101302
205 2.89435600579
206 0.868306801737
207 0.868306801737
208 0.144717800289
209 0.0
210 0.0
211 0.0
212 0.0
213 0.0
214 0.0
215 0.0
216 0.0
217 0.0
218 0.0
219 0.0
220 0.0
221 0.0
222 0.144717800289
223 0.144717800289
224 0.144717800289
225 0.144717800289
226 0.144717800289
227 0.144717800289
228 0.144717800289
229 0.289435600579
230 0.289435600579
231 0.289435600579
232 0.578871201158
233 0.578871201158
234 0.578871201158
235 0.578871201158
236 0.578871201158
237 0.578871201158
238 0.578871201158
239 0.578871201158
240 0.578871201158
241 0.578871201158
242 0.434153400868
243 0.434153400868
244 0.434153400868
245 0.434153400868
246 0.434153400868
247 0.434153400868
248 0.434153400868
249 0.289435600579
250 0.289435600579
251 0.289435600579
252 0.144717800289
253 0.434153400868
254 0.434153400868
255 3.18379160637
256 10.2749638205
257 21.8523878437
258 35.8900144718
259 50.9406657019
260 62.9522431259
261 71.490593343
262 71.490593343
263 74.9638205499
264 74.9638205499
265 74.9638205499
266 74.9638205499
267 74.9638205499
268 75.6874095514
269 75.6874095514
270 75.6874095514
271 75.6874095514
272 75.5426917511
273 75.2532561505
274 75.2532561505
275 72.503617945
276 65.4124457308
277 53.8350217077
278 39.7973950796
279 24.7467438495
280 12.8798842258
281 4.34153400868
282 4.34153400868
283 0.868306801737
284 0.868306801737
285 0.868306801737
286 0.868306801737
287 0.868306801737
288 0.144717800289
289 0.144717800289
290 0.144717800289
291 0.144717800289
292 0.144717800289
293 0.144717800289
294 0.144717800289
295 0.144717800289
296 0.144717800289
297 0.144717800289
298 0.144717800289
299 0.144717800289
300 0.0
301 0.0
302 0.0
303 0.0
304 0.0
305 0.0
306 0.0
307 0.0
308 0.0
309 0.0
310 0.0
311 0.0
312 0.0
313 0.0
314 0.0
315 0.0
316 0.0
317 0.0
318 0.0
319 0.0
320 0.0
321 0.0
322 0.0
323 0.0
324 0.0
325 0.0
326 0.0
327 0.0
328 0.0
329 0.0
330 0.0
331 0.0
332 0.0
333 0.144717800289
334 0.144717800289
335 0.144717800289
336 0.434153400868
337 0.434153400868
338 0.434153400868
339 0.434153400868
340 0.434153400868
341 0.434153400868
342 0.434153400868
343 0.723589001447
344 0.723589001447
345 0.723589001447
346 0.723589001447
347 0.723589001447
348 0.868306801737
349 0.868306801737
350 0.868306801737
351 0.868306801737
352 0.868306801737
353 0.868306801737
354 0.868306801737
355 0.868306801737
356 0.723589001447
357 0.723589001447
358 0.723589001447
359 0.723589001447
360 0.723589001447
361 0.723589001447
362 0.723589001447
363 0.434153400868
364 0.434153400868
365 0.434153400868
366 0.578871201158
367 0.578871201158
368 0.434153400868
369 0.434153400868
370 0.578871201158
371 0.578871201158
372 0.578871201158
373 0.434153400868
374 0.434153400868
375 0.434153400868
376 0.289435600579
377 0.289435600579
378 0.289435600579
379 0.289435600579
380 0.289435600579
381 0.289435600579
382 0.289435600579
383 0.289435600579
384 0.289435600579
385 0.289435600579
386 0.144717800289
387 0.144717800289
388 0.144717800289
389 0.144717800289
390 0.0
391 0.0
392 0.0
393 0.0
394 0.0
395 0.0
396 0.0
397 0.0
398 0.0
399 0.0
400 0.144717800289
401 0.144717800289
402 0.144717800289
403 0.144717800289
404 0.144717800289
405 0.144717800289
406 0.144717800289
407 0.289435600579
408 0.289435600579
409 0.434153400868
410 0.434153400868
411 0.434153400868
412 0.434153400868
413 0.434153400868
414 0.723589001447
415 0.723589001447
416 1.01302460203
417 1.01302460203
418 1.01302460203
419 1.01302460203
420 0.868306801737
421 0.868306801737
422 1.01302460203
423 1.01302460203
424 1.15774240232
425 1.3024602026
426 1.59189580318
427 1.44717800289
428 1.44717800289
429 1.3024602026
430 1.3024602026
431 1.3024602026
432 1.3024602026
433 1.3024602026
434 1.15774240232
435 1.44717800289
436 1.3024602026
437 1.3024602026
438 1.3024602026
439 1.3024602026
440 1.3024602026
441 1.3024602026
442 1.15774240232
443 1.15774240232
444 1.01302460203
445 0.868306801737
446 0.578871201158
447 0.578871201158
448 0.578871201158
449 0.578871201158
450 0.578871201158
451 0.578871201158
452 0.578871201158
453 0.578871201158
454 0.434153400868
455 0.144717800289
456 0.0
457 0.0
458 0.0
459 0.0
460 0.289435600579
461 0.578871201158
462 0.723589001447
463 0.723589001447
464 0.723589001447
465 1.01302460203
466 1.01302460203
467 1.01302460203
468 1.44717800289
469 1.44717800289
470 1.44717800289
471 1.44717800289
472 1.44717800289
473 1.73661360347
474 2.02604920405
475 2.02604920405
476 2.02604920405
477 2.17076700434
478 2.17076700434
479 2.31548480463
480 2.02604920405
481 1.73661360347
482 1.73661360347
483 2.02604920405
484 2.02604920405
485 1.88133140376
486 1.88133140376
487 2.17076700434
488 1.73661360347
489 1.73661360347
490 1.73661360347
491 1.73661360347
492 1.73661360347
493 1.44717800289
494 1.15774240232
495 1.15774240232
496 1.15774240232
497 1.01302460203
498 1.01302460203
499 0.868306801737
500 0.868306801737
501 0.868306801737
502 0.723589001447
503 0.434153400868
504 0.434153400868
505 0.289435600579
506 0.289435600579
507 0.0
508 0.0
509 0.0
510 0.0
511 0.0
512 0.289435600579
513 0.289435600579
514 0.289435600579
515 0.578871201158
516 1.3024602026
517 1.59189580318
518 1.88133140376
519 2.02604920405
520 2.02604920405
521 2.02604920405
522 2.17076700434
523 2.31548480463
524 2.60492040521
525 2.60492040521
526 2.60492040521
527 2.60492040521
528 2.60492040521
529 2.60492040521
530 2.60492040521
531 2.60492040521
532 2.31548480463
533 2.31548480463
534 2.31548480463
535 2.02604920405
536 1.3024602026
537 1.01302460203
538 0.723589001447
539 0.578871201158
540 0.578871201158
541 0.578871201158
542 0.434153400868
543 0.289435600579
544 0.0
545 0.0
546 0.0
547 0.0
548 0.0
549 0.0
550 0.0
551 0.0
552 0.0
553 0.0
554 0.0
555 0.0
556 0.0
557 0.0
558 0.0
559 0.0
560 0.0
561 0.0
562 0.0
563 0.0
564 0.0
565 0.0
566 0.0
567 0.0
568 0.144717800289
569 0.144717800289
570 0.144717800289
571 0.144717800289
572 0.144717800289
573 0.144717800289
574 0.723589001447
575 0.723589001447
576 0.723589001447
577 0.723589001447
578 0.723589001447
579 0.723589001447
580 0.723589001447
581 0.723589001447
582 0.723589001447
583 0.868306801737
584 0.868306801737
585 0.868306801737
586 0.868306801737
587 0.868306801737
588 0.723589001447
589 0.868306801737
590 0.868306801737
591 0.868306801737
592 0.868306801737
593 0.868306801737
594 0.289435600579
595 0.289435600579
596 0.289435600579
597 0.289435600579
598 0.289435600579
599 0.289435600579
600 0.289435600579
601 0.289435600579
602 0.289435600579
603 0.144717800289
604 0.144717800289
605 0.144717800289
606 0.144717800289
607 0.144717800289
608 0.289435600579
609 0.144717800289
610 0.144717800289
611 0.289435600579
612 0.289435600579
613 0.289435600579
614 0.578871201158
615 0.578871201158
616 0.578871201158
617 0.578871201158
618 0.578871201158
619 0.578871201158
620 0.578871201158
621 0.723589001447
622 0.723589001447
623 0.723589001447
624 0.723589001447
625 0.723589001447
626 0.723589001447
627 0.723589001447
628 0.578871201158
629 0.578871201158
630 0.578871201158
631 0.434153400868
632 0.434153400868
633 0.434153400868
634 0.144717800289
635 0.144717800289
636 0.144717800289
637 0.144717800289
638 0.434153400868
639 0.434153400868
640 0.434153400868
641 0.289435600579
642 0.289435600579
643 0.289435600579
644 0.289435600579
645 0.289435600579
646 0.289435600579
647 0.289435600579
648 0.289435600579
649 0.289435600579
650 0.289435600579
651 0.289435600579
652 0.289435600579
653 0.289435600579
654 0.289435600579
655 0.289435600579
656 0.289435600579
657 0.289435600579
658 0.0
659 0.0
660 0.0
661 0.0
662 0.144717800289
663 0.144717800289
664 0.144717800289
665 0.578871201158
666 0.578871201158
667 0.723589001447
668 0.723589001447
669 0.868306801737
670 0.868306801737
671 0.868306801737
672 1.3024602026
673 1.44717800289
674 1.44717800289
675 1.44717800289
676 1.44717800289
677 1.44717800289
678 1.44717800289
679 1.59189580318
680 1.59189580318
681 1.59189580318
682 2.17076700434
683 2.7496382055
684 2.7496382055
685 3.03907380608
686 3.03907380608
687 2.89435600579
688 3.18379160637
689 3.32850940666
690 3.32850940666
691 3.47322720695
692 3.03907380608
693 2.89435600579
694 2.89435600579
695 2.89435600579
696 2.89435600579
697 2.89435600579
698 2.89435600579
699 2.7496382055
700 2.7496382055
701 2.7496382055
702 2.02604920405
703 1.44717800289
704 1.44717800289
705 0.723589001447
706 0.723589001447
707 0.723589001447
708 0.434153400868
709 0.144717800289
710 0.144717800289
711 0.0
712 0.0
713 0.0
714 0.0
715 0.0
716 0.0
717 0.0
718 0.0
719 0.0
720 0.0
721 0.0
722 0.0
723 0.0
724 0.0
725 0.0
726 0.0
727 0.0
728 0.0
729 0.0
730 0.0
731 0.0
732 0.0
733 0.0
734 0.0
735 0.0
736 0.0
737 0.0
738 0.0
739 0.0
740 0.0
741 0.0
742 0.0
743 0.0
744 0.0
745 0.0
746 0.0
747 0.144717800289
748 0.144717800289
749 0.289435600579
750 0.289435600579
751 0.578871201158
752 1.01302460203
753 1.3024602026
754 1.3024602026
755 1.59189580318
756 1.59189580318
757 1.59189580318
758 1.59189580318
759 1.59189580318
760 1.59189580318
761 1.59189580318
762 1.59189580318
763 1.59189580318
764 1.88133140376
765 2.31548480463
766 2.31548480463
767 2.17076700434
768 2.17076700434
769 2.02604920405
770 2.02604920405
771 1.73661360347
772 1.44717800289
773 1.15774240232
774 1.15774240232
775 0.868306801737
776 0.868306801737
777 0.868306801737
778 2.02604920405
779 2.02604920405
780 12.5904486252
781 32.2720694645
782 50.9406657019
783 61.0709117221
784 65.991316932
785 68.1620839363
786 68.1620839363
787 68.4515195369
788 68.4515195369
789 68.4515195369
790 68.4515195369
791 68.4515195369
792 68.3068017366
793 68.3068017366
794 68.3068017366
795 68.3068017366
796 68.3068017366
797 68.3068017366
798 67.1490593343
799 67.1490593343
800 56.5846599132
801 36.9030390738
802 18.2344428365
803 8.10419681621
804 2.89435600579
805 0.289435600579
806 0.289435600579
807 0.0
808 0.0
809 0.0
810 0.0
811 0.0
812 0.0
813 0.0
814 0.0
815 0.0
816 0.0
817 0.144717800289
818 0.144717800289
819 0.144717800289
820 0.144717800289
821 0.144717800289
822 0.144717800289
823 0.144717800289
824 0.144717800289
825 0.144717800289
826 0.144717800289
827 0.144717800289
828 0.144717800289
829 0.144717800289
830 0.144717800289
831 0.144717800289
832 0.144717800289
833 0.144717800289
834 0.144717800289
835 0.144717800289
836 0.144717800289
837 0.0
838 0.0
839 0.0
840 0.0
841 0.0
842 0.0
843 0.0
844 0.0
845 0.0
846 0.0
847 0.0
848 0.0
849 0.0
850 0.0
851 0.289435600579
852 0.289435600579
853 0.289435600579
854 1.73661360347
855 3.61794500724
856 5.35455861071
857 8.2489146165
858 9.69609261939
859 12.4457308249
860 14.4717800289
861 16.0636758321
862 16.9319826339
863 16.9319826339
864 17.8002894356
865 17.9450072359
866 18.3791606368
867 18.3791606368
868 18.3791606368
869 18.6685962373
870 18.8133140376
871 18.523878437
872 18.523878437
873 18.6685962373
874 17.3661360347
875 15.484804631
876 13.7481910275
877 10.8538350217
878 9.40665701881
879 6.65701881331
880 4.63096960926
881 3.03907380608
882 2.17076700434
883 2.31548480463
884 1.44717800289
885 1.3024602026
886 0.868306801737
887 0.868306801737
888 0.868306801737
889 0.578871201158
890 0.434153400868
891 0.434153400868
892 0.434153400868
893 0.289435600579
894 0.144717800289
895 0.144717800289
896 0.144717800289
897 0.144717800289
898 0.144717800289
899 0.144717800289
900 0.144717800289
901 0.144717800289
902 0.144717800289
903 0.0
904 0.0
905 0.0
906 0.0
907 0.0
908 0.0
909 0.144717800289
910 0.144717800289
911 0.144717800289
912 0.144717800289
913 0.144717800289
914 0.144717800289
915 0.289435600579
916 0.289435600579
917 0.289435600579
918 0.289435600579
919 0.289435600579
920 0.289435600579
921 0.289435600579
922 0.289435600579
923 0.289435600579
924 0.289435600579
925 0.434153400868
926 0.434153400868
927 0.434153400868
928 0.434153400868
929 0.289435600579
930 0.289435600579
931 0.289435600579
932 0.434153400868
933 0.434153400868
934 0.434153400868
935 0.289435600579
936 0.289435600579
937 0.289435600579
938 0.289435600579
939 0.289435600579
940 0.289435600579
941 0.289435600579
942 0.289435600579
943 0.289435600579
944 0.289435600579
945 0.144717800289
946 0.144717800289
947 0.144717800289
948 0.144717800289
949 0.144717800289
950 0.144717800289
951 0.144717800289
952 0.0
953 0.0
954 0.0
955 0.0
956 0.0
957 0.0
958 0.0
959 0.0
960 0.0
961 0.0
962 0.0
963 0.0
964 0.144717800289
965 0.144717800289
966 0.289435600579
967 0.289435600579
968 0.289435600579
969 0.434153400868
970 0.578871201158
971 0.578871201158
972 0.578871201158
973 0.578871201158
974 0.578871201158
975 0.578871201158
976 0.578871201158
977 0.578871201158
978 0.578871201158
979 0.578871201158
980 0.578871201158
981 0.578871201158
982 0.578871201158
983 0.578871201158
984 0.434153400868
985 0.434153400868
986 0.289435600579
987 0.289435600579
988 0.289435600579
989 0.144717800289
990 0.0
991 0.0
992 0.0
993 0.0
994 0.0
995 0.0
996 0.0
997 0.0
998 0.0
999 0.0
1000 0.0
1001 0.0
1002 0.0
1003 0.0
1004 0.0
1005 0.0
1006 0.0
1007 0.0
1008 0.0
1009 0.144717800289
1010 0.289435600579
1011 0.289435600579
1012 0.289435600579
1013 0.289435600579
1014 0.289435600579
1015 0.289435600579
1016 0.289435600579
1017 0.289435600579
1018 0.289435600579
1019 0.434153400868
1020 0.434153400868
1021 0.434153400868
1022 0.434153400868
1023 0.434153400868
1024 0.434153400868
1025 0.434153400868
1026 0.434153400868
1027 0.434153400868
1028 0.434153400868
1029 0.289435600579
1030 0.144717800289
1031 0.144717800289
1032 0.144717800289
1033 0.144717800289
1034 0.289435600579
1035 0.289435600579
1036 0.289435600579
1037 0.289435600579
1038 0.289435600579
1039 0.144717800289
1040 0.144717800289
1041 0.144717800289
1042 0.144717800289
1043 0.144717800289
1044 0.144717800289
1045 0.144717800289
1046 0.144717800289
1047 0.144717800289
1048 0.144717800289
1049 0.144717800289
1050 0.144717800289
1051 0.144717800289
1052 0.144717800289
1053 0.144717800289
1054 0.0
1055 0.0
1056 0.0
1057 0.0
1058 0.144717800289
1059 0.289435600579
1060 0.289435600579
1061 0.289435600579
1062 0.434153400868
1063 0.434153400868
1064 0.434153400868
1065 0.434153400868
1066 0.434153400868
1067 0.434153400868
1068 0.723589001447
1069 0.723589001447
1070 0.723589001447
1071 0.723589001447
1072 0.723589001447
1073 0.723589001447
1074 0.723589001447
1075 0.723589001447
1076 0.723589001447
1077 0.723589001447
1078 1.44717800289
1079 2.7496382055
1080 2.7496382055
1081 19.8263386397
1082 39.9421128799
1083 51.519536903
1084 51.519536903
1085 57.8871201158
1086 57.8871201158
1087 59.0448625181
1088 58.9001447178
1089 59.1895803184
1090 59.1895803184
1091 59.1895803184
1092 59.1895803184
1093 59.1895803184
1094 59.1895803184
1095 59.1895803184
1096 59.1895803184
1097 59.1895803184
1098 58.3212735166
1099 56.8740955137
1100 56.8740955137
1101 39.7973950796
1102 19.5369030391
1103 7.95947901592
1104 7.95947901592
1105 1.59189580318
1106 1.59189580318
1107 0.434153400868
1108 0.289435600579
1109 0.0
1110 0.0
1111 0.0
1112 0.0
1113 0.0
1114 0.0
1115 0.0
1116 0.0
1117 0.0
1118 0.0
1119 0.0
1120 0.0
1121 0.0
1122 0.0
1123 0.0
1124 0.0
1125 0.144717800289
1126 0.144717800289
1127 0.144717800289
1128 0.144717800289
1129 0.144717800289
1130 0.144717800289
1131 0.144717800289
1132 0.144717800289
1133 0.144717800289
1134 0.144717800289
1135 0.144717800289
1136 0.144717800289
1137 0.144717800289
1138 0.144717800289
1139 0.144717800289
1140 0.144717800289
1141 0.144717800289
1142 0.144717800289
1143 0.144717800289
1144 0.144717800289
1145 0.0
1146 0.0
1147 0.0
1148 0.0
1149 0.0
1150 0.0
1151 0.0
1152 0.144717800289
1153 0.289435600579
1154 3.61794500724
1155 14.4717800289
1156 31.2590448625
1157 48.0463096961
1158 63.8205499276
1159 63.8205499276
1160 63.8205499276
1161 65.7018813314
1162 65.7018813314
1163 65.7018813314
1164 65.7018813314
1165 65.7018813314
1166 65.7018813314
1167 65.7018813314
1168 65.7018813314
1169 65.7018813314
1170 65.7018813314
1171 65.7018813314
1172 65.5571635311
1173 65.4124457308
1174 62.3733719247
1175 51.519536903
1176 34.7322720695
1177 17.9450072359
1178 2.17076700434
1179 2.31548480463
1180 2.31548480463
1181 0.434153400868
1182 0.434153400868
1183 0.434153400868
1184 0.434153400868
1185 0.434153400868
1186 0.434153400868
1187 0.434153400868
1188 0.434153400868
1189 0.434153400868
1190 0.434153400868
1191 0.434153400868
1192 0.434153400868
1193 0.434153400868
1194 0.144717800289
1195 0.144717800289
1196 0.144717800289
1197 0.144717800289
1198 0.144717800289
1199 0.0
1200 0.0
1201 0.0
1202 0.0
1203 0.0
1204 0.0
1205 0.0
1206 0.0
1207 0.0
1208 0.0
1209 0.0
1210 0.0
1211 0.0
1212 0.0
1213 0.0
1214 0.0
1215 0.0
1216 0.0
1217 0.0
1218 0.0
1219 0.0
1220 0.0
1221 0.0
1222 0.0
1223 0.0
1224 0.0
1225 0.0
1226 0.0
1227 0.0
1228 0.0
1229 0.0
1230 0.0
1231 0.144717800289
1232 0.144717800289
1233 0.144717800289
1234 0.289435600579
1235 0.289435600579
1236 0.289435600579
1237 0.289435600579
1238 0.289435600579
1239 0.289435600579
1240 0.289435600579
1241 0.289435600579
1242 0.289435600579
1243 0.289435600579
1244 0.289435600579
1245 0.289435600579
1246 0.289435600579
1247 0.289435600579
1248 0.289435600579
1249 0.289435600579
1250 0.289435600579
1251 0.144717800289
1252 0.144717800289
1253 0.144717800289
1254 0.0
1255 0.0
1256 0.0
1257 0.0
1258 0.0
1259 0.144717800289
1260 0.144717800289
1261 0.144717800289
1262 0.144717800289
1263 0.144717800289
1264 0.144717800289
1265 0.144717800289
1266 0.144717800289
1267 0.144717800289
1268 0.289435600579
1269 0.289435600579
1270 0.289435600579
1271 0.289435600579
1272 0.578871201158
1273 0.578871201158
1274 0.578871201158
1275 0.578871201158
1276 0.578871201158
1277 0.578871201158
1278 0.578871201158
1279 0.434153400868
1280 0.434153400868
1281 0.434153400868
1282 0.434153400868
1283 0.723589001447
1284 0.723589001447
1285 0.868306801737
1286 0.868306801737
1287 1.01302460203
1288 0.868306801737
1289 0.868306801737
1290 0.868306801737
1291 0.868306801737
1292 0.578871201158
1293 0.578871201158
1294 0.578871201158
1295 0.578871201158
1296 0.578871201158
1297 0.578871201158
1298 0.578871201158
1299 0.578871201158
1300 0.578871201158
1301 0.578871201158
1302 0.578871201158
1303 0.434153400868
1304 0.434153400868
1305 0.289435600579
1306 0.289435600579
1307 0.144717800289
1308 0.144717800289
1309 0.144717800289
1310 0.289435600579
1311 0.289435600579
1312 0.289435600579
1313 0.289435600579
1314 0.289435600579
1315 0.289435600579
1316 0.289435600579
1317 0.289435600579
1318 0.289435600579
1319 0.289435600579
1320 0.289435600579
1321 0.289435600579
1322 0.289435600579
1323 0.144717800289
1324 0.578871201158
1325 0.578871201158
1326 0.723589001447
1327 0.723589001447
1328 0.723589001447
1329 0.723589001447
1330 0.578871201158
1331 0.578871201158
1332 0.578871201158
1333 0.578871201158
1334 0.578871201158
1335 0.578871201158
1336 0.578871201158
1337 0.578871201158
1338 0.578871201158
1339 0.578871201158
1340 0.578871201158
1341 0.578871201158
1342 0.578871201158
1343 0.578871201158
1344 0.144717800289
1345 0.144717800289
1346 0.0
1347 0.0
1348 0.0
1349 0.0
1350 0.0
1351 0.0
1352 0.0
1353 0.0
1354 0.0
1355 0.0
1356 0.0
1357 0.0
1358 0.0
1359 0.0
1360 0.289435600579
1361 0.289435600579
1362 0.289435600579
1363 0.289435600579
1364 0.289435600579
1365 0.289435600579
1366 0.289435600579
1367 0.289435600579
1368 0.289435600579
1369 0.289435600579
1370 0.289435600579
1371 0.289435600579
1372 0.434153400868
1373 0.434153400868
1374 0.434153400868
1375 0.434153400868
1376 0.434153400868
1377 0.434153400868
1378 0.434153400868
1379 0.434153400868
1380 0.144717800289
1381 0.144717800289
1382 0.144717800289
1383 0.434153400868
1384 0.434153400868
1385 0.434153400868
1386 0.868306801737
1387 0.868306801737
1388 0.868306801737
1389 0.868306801737
1390 0.868306801737
1391 0.868306801737
1392 0.723589001447
1393 0.723589001447
1394 0.723589001447
1395 0.723589001447
1396 0.723589001447
1397 0.723589001447
1398 0.723589001447
1399 0.723589001447
1400 0.723589001447
1401 0.723589001447
1402 0.723589001447
1403 0.434153400868
1404 0.434153400868
1405 0.434153400868
1406 0.144717800289
1407 0.144717800289
1408 0.144717800289
1409 0.144717800289
1410 0.144717800289
1411 0.289435600579
1412 0.289435600579
1413 0.289435600579
1414 0.289435600579
1415 0.434153400868
1416 0.434153400868
1417 0.434153400868
1418 0.434153400868
1419 0.578871201158
1420 0.578871201158
1421 0.578871201158
1422 0.578871201158
1423 1.01302460203
1424 1.01302460203
1425 1.01302460203
1426 0.868306801737
1427 0.868306801737
1428 0.868306801737
1429 0.868306801737
1430 0.868306801737
1431 0.723589001447
1432 0.723589001447
1433 0.723589001447
1434 0.723589001447
1435 0.578871201158
1436 0.578871201158
1437 0.578871201158
1438 0.578871201158
1439 0.434153400868
1440 0.434153400868
1441 0.434153400868
1442 0.434153400868
1443 0.0
1444 0.0
1445 0.0
1446 0.0
1447 0.0
1448 0.0
1449 0.0
1450 0.0
1451 0.0
1452 0.0
1453 0.0
1454 0.0
1455 0.0
1456 0.0
1457 0.0
1458 0.0
1459 0.0
1460 0.0
1461 0.0
1462 0.0
1463 0.0
1464 0.434153400868
1465 0.723589001447
1466 0.723589001447
1467 0.723589001447
1468 0.723589001447
1469 0.723589001447
1470 0.868306801737
1471 1.01302460203
1472 1.15774240232
1473 1.15774240232
1474 1.3024602026
1475 1.3024602026
1476 1.3024602026
1477 1.44717800289
1478 1.44717800289
1479 1.44717800289
1480 1.44717800289
1481 1.44717800289
1482 1.44717800289
1483 1.44717800289
1484 1.01302460203
1485 0.723589001447
1486 0.723589001447
1487 0.723589001447
1488 0.723589001447
1489 0.723589001447
1490 0.578871201158
1491 0.434153400868
1492 0.289435600579
1493 0.289435600579
1494 0.144717800289
1495 0.144717800289
1496 0.144717800289
1497 0.0
1498 0.0
1499 0.0
1500 0.0
1501 0.0
1502 0.0
1503 0.0
1504 0.0
1505 0.0
1506 0.0
1507 0.0
1508 0.0
1509 0.0
1510 0.0
1511 0.0
1512 0.0
1513 0.144717800289
1514 0.144717800289
1515 0.144717800289
1516 0.144717800289
1517 0.144717800289
1518 0.144717800289
1519 0.144717800289
1520 0.289435600579
1521 0.434153400868
1522 0.434153400868
1523 0.578871201158
1524 0.578871201158
1525 0.578871201158
1526 0.578871201158
1527 0.578871201158
1528 0.578871201158
1529 0.578871201158
1530 0.578871201158
1531 0.578871201158
1532 1.01302460203
1533 1.15774240232
1534 1.44717800289
1535 1.73661360347
1536 1.73661360347
1537 1.73661360347
1538 1.73661360347
1539 1.73661360347
1540 1.59189580318
1541 1.44717800289
1542 1.44717800289
1543 1.3024602026
1544 1.3024602026
1545 1.3024602026
1546 1.3024602026
1547 1.3024602026
1548 1.3024602026
1549 1.3024602026
1550 1.3024602026
1551 1.3024602026
1552 0.868306801737
1553 0.578871201158
1554 0.289435600579
1555 0.0
1556 0.0
1557 0.0
1558 0.0
1559 0.0
1560 0.0
1561 0.0
1562 0.0
1563 0.0
1564 0.0
1565 0.0
1566 0.0
1567 0.0
1568 0.0
1569 0.0
1570 0.0
1571 0.0
1572 0.0
1573 0.0
1574 0.0
1575 0.0
1576 0.0
1577 0.0
1578 0.0
1579 0.0
1580 0.0
1581 0.0
1582 0.0
1583 0.0
1584 0.0
1585 0.0
1586 0.0
1587 0.0
1588 0.0
1589 0.0
1590 0.0
1591 0.0
1592 0.0
1593 0.0
1594 0.0
1595 0.0
1596 0.0
1597 0.0
1598 0.0
1599 0.0
1600 0.0
1601 0.0
1602 0.0
1603 0.0
1604 0.0
1605 0.0
1606 0.0
1607 0.0
1608 0.0
1609 0.0
1610 0.0
1611 0.289435600579
1612 0.289435600579
1613 0.289435600579
1614 0.289435600579
1615 0.289435600579
1616 0.289435600579
1617 0.289435600579
1618 0.289435600579
1619 0.289435600579
1620 0.289435600579
1621 0.289435600579
1622 0.434153400868
1623 0.434153400868
1624 0.434153400868
1625 0.578871201158
1626 0.578871201158
1627 0.578871201158
1628 0.578871201158
1629 0.578871201158
1630 0.578871201158
1631 0.289435600579
1632 0.289435600579
1633 0.289435600579
1634 0.289435600579
1635 0.289435600579
1636 0.289435600579
1637 0.289435600579
1638 0.289435600579
1639 0.578871201158
1640 0.578871201158
1641 0.578871201158
1642 0.434153400868
1643 0.434153400868
1644 0.578871201158
1645 0.434153400868
1646 0.434153400868
1647 0.434153400868
1648 0.434153400868
1649 0.434153400868
1650 0.434153400868
1651 0.434153400868
1652 0.578871201158
1653 0.578871201158
1654 0.578871201158
1655 0.578871201158
1656 0.578871201158
1657 0.578871201158
1658 0.578871201158
1659 0.289435600579
1660 0.289435600579
1661 0.289435600579
1662 0.289435600579
1663 0.289435600579
1664 0.144717800289
1665 0.144717800289
1666 0.578871201158
1667 0.578871201158
1668 0.723589001447
1669 0.723589001447
1670 1.01302460203
1671 1.15774240232
1672 1.01302460203
1673 1.44717800289
1674 1.44717800289
1675 2.02604920405
1676 2.02604920405
1677 2.02604920405
1678 2.02604920405
1679 2.02604920405
1680 2.02604920405
1681 2.02604920405
1682 2.02604920405
1683 2.02604920405
1684 2.02604920405
1685 2.02604920405
1686 1.59189580318
1687 1.59189580318
1688 1.44717800289
1689 1.59189580318
1690 1.3024602026
1691 1.15774240232
1692 1.15774240232
1693 0.723589001447
1694 0.723589001447
1695 0.144717800289
1696 0.144717800289
1697 0.144717800289
1698 0.144717800289
1699 0.144717800289
1700 0.144717800289
1701 0.144717800289
1702 0.144717800289
1703 0.144717800289
1704 0.144717800289
1705 0.144717800289
1706 0.144717800289
1707 0.144717800289
1708 0.144717800289
1709 0.0
1710 0.0
1711 0.0
1712 0.144717800289
1713 0.144717800289
1714 0.144717800289
1715 0.144717800289
1716 0.144717800289
1717 0.144717800289
1718 0.144717800289
1719 0.144717800289
1720 0.289435600579
1721 0.289435600579
1722 0.434153400868
1723 0.434153400868
1724 0.578871201158
1725 0.578871201158
1726 0.578871201158
1727 0.578871201158
1728 0.578871201158
1729 0.578871201158
1730 0.578871201158
1731 1.3024602026
1732 2.46020260492
1733 4.0520984081
1734 5.35455861071
1735 6.65701881331
1736 8.2489146165
1737 9.11722141823
1738 9.69609261939
1739 10.1302460203
1740 10.7091172214
1741 10.7091172214
1742 10.5643994211
1743 10.7091172214
1744 10.7091172214
1745 10.7091172214
1746 10.7091172214
1747 10.7091172214
1748 10.7091172214
1749 10.7091172214
1750 10.8538350217
1751 10.1302460203
1752 8.97250361795
1753 7.52532561505
1754 6.22286541245
1755 4.92040520984
1756 3.32850940666
1757 2.46020260492
1758 1.88133140376
1759 1.44717800289
1760 0.723589001447
1761 0.723589001447
1762 0.723589001447
1763 0.578871201158
1764 0.434153400868
1765 0.434153400868
1766 0.434153400868
1767 0.434153400868
1768 0.434153400868
1769 0.434153400868
1770 0.289435600579
1771 0.289435600579
1772 0.144717800289
1773 0.0
1774 0.0
1775 0.0
1776 0.0
1777 0.0
1778 0.0
1779 0.0
1780 0.0
1781 0.0
1782 0.0
1783 0.0
1784 0.0
1785 0.0
1786 0.0
1787 0.0
1788 0.0
1789 0.0
1790 0.0
1791 0.0
1792 0.0
1793 0.0
1794 0.0
1795 0.0
1796 0.0
1797 0.0
1798 0.0
1799 0.0
1800 0.0
1801 0.0
1802 0.0
1803 0.0
1804 0.144717800289
1805 0.144717800289
1806 1.3024602026
1807 2.17076700434
1808 4.48625180897
1809 7.09117221418
1810 12.5904486252
1811 19.3921852388
1812 28.3646888567
1813 28.3646888567
1814 42.6917510854
1815 51.6642547033
1816 60.3473227207
1817 65.4124457308
1818 65.4124457308
1819 65.4124457308
1820 65.4124457308
1821 65.4124457308
1822 65.4124457308
1823 65.4124457308
1824 65.2677279305
1825 65.2677279305
1826 64.1099855282
1827 63.2416787265
1828 60.9261939219
1829 58.3212735166
1830 52.8219971056
1831 46.020260492
1832 37.0477568741
1833 37.0477568741
1834 22.7206946454
1835 13.7481910275
1836 5.06512301013
1837 0.0
1838 0.0
1839 0.0
1840 0.0
1841 0.0
1842 0.0
1843 0.0
1844 0.0
1845 0.0
1846 0.0
1847 0.0
1848 0.0
1849 0.0
1850 0.0
1851 0.0
1852 0.0
1853 0.0
1854 0.0
1855 0.0
1856 0.0
1857 0.0
1858 0.0
1859 0.0
1860 0.0
1861 0.0
1862 0.0
1863 0.0
1864 0.0
1865 0.0
1866 0.0
1867 0.0
1868 0.0
1869 0.0
1870 0.0
1871 0.0
1872 0.0
1873 0.0
1874 0.0
1875 0.0
1876 0.0
1877 0.0
1878 0.0
1879 0.0
1880 0.0
1881 0.0
1882 0.0
1883 0.144717800289
1884 0.144717800289
1885 0.434153400868
1886 0.578871201158
1887 0.578871201158
1888 0.723589001447
1889 0.723589001447
1890 0.723589001447
1891 0.723589001447
1892 0.723589001447
1893 0.723589001447
1894 0.723589001447
1895 0.723589001447
1896 0.723589001447
1897 0.723589001447
1898 0.723589001447
1899 0.723589001447
1900 0.723589001447
1901 0.723589001447
1902 0.723589001447
1903 0.578871201158
1904 0.578871201158
1905 0.289435600579
1906 0.144717800289
1907 0.144717800289
1908 0.0
1909 0.0
1910 0.0
1911 0.0
1912 0.0
1913 0.0
1914 0.0
1915 0.0
1916 0.0
1917 0.0
1918 0.0
1919 0.144717800289
1920 0.289435600579
1921 0.289435600579
1922 0.289435600579
1923 0.289435600579
1924 0.434153400868
1925 0.434153400868
1926 0.434153400868
1927 0.434153400868
1928 0.434153400868
1929 0.434153400868
1930 0.434153400868
1931 0.434153400868
1932 0.434153400868
1933 0.578871201158
1934 0.578871201158
1935 0.868306801737
1936 0.868306801737
1937 0.868306801737
1938 0.868306801737
1939 0.723589001447
1940 0.578871201158
1941 0.578871201158
1942 0.578871201158
1943 0.578871201158
1944 0.434153400868
1945 0.434153400868
1946 0.434153400868
1947 0.434153400868
1948 0.434153400868
1949 0.434153400868
1950 0.434153400868
1951 0.434153400868
1952 0.434153400868
1953 0.289435600579
1954 0.289435600579
1955 0.0
1956 0.0
1957 0.0
1958 0.0
1959 0.144717800289
1960 0.144717800289
1961 0.144717800289
1962 0.144717800289
1963 0.144717800289
1964 0.144717800289
1965 0.144717800289
1966 0.144717800289
1967 0.144717800289
1968 0.434153400868
1969 0.434153400868
1970 0.434153400868
1971 0.434153400868
1972 0.434153400868
1973 0.434153400868
1974 0.434153400868
1975 0.723589001447
1976 0.723589001447
1977 0.723589001447
1978 0.723589001447
1979 0.723589001447
1980 0.723589001447
1981 0.723589001447
1982 1.15774240232
1983 1.15774240232
1984 1.15774240232
1985 1.44717800289
1986 1.59189580318
1987 1.59189580318
1988 1.3024602026
1989 1.3024602026
1990 1.3024602026
1991 1.3024602026
1992 1.3024602026
1993 1.3024602026
1994 1.3024602026
1995 1.01302460203
1996 1.01302460203
1997 1.01302460203
1998 1.01302460203
1999 0.868306801737
2000 0.868306801737
2001 0.868306801737
2002 0.434153400868
2003 0.434153400868
2004 0.434153400868
2005 0.144717800289
2006 0.0
2007 0.0
2008 0.0
2009 0.0
2010 0.144717800289
2011 0.144717800289
2012 0.144717800289
2013 0.144717800289
2014 0.144717800289
2015 0.144717800289
2016 0.144717800289
2017 0.144717800289
2018 0.144717800289
2019 0.289435600579
2020 0.289435600579
2021 0.289435600579
2022 0.868306801737
2023 1.3024602026
2024 1.3024602026
2025 1.88133140376
2026 1.88133140376
2027 2.02604920405
2028 2.02604920405
2029 2.17076700434
2030 2.17076700434
2031 2.46020260492
2032 2.46020260492
2033 3.32850940666
2034 3.61794500724
2035 4.19681620839
2036 4.48625180897
2037 5.35455861071
2038 5.78871201158
2039 6.51230101302
2040 6.65701881331
2041 6.65701881331
2042 6.22286541245
2043 5.78871201158
2044 5.78871201158
2045 5.20984081042
2046 5.35455861071
2047 5.20984081042
2048 5.20984081042
2049 5.06512301013
2050 4.92040520984
2051 4.63096960926
2052 4.63096960926
2053 3.76266280753
2054 3.47322720695
2055 2.89435600579
2056 2.60492040521
2057 1.73661360347
2058 1.3024602026
2059 0.434153400868
2060 0.289435600579
2061 0.289435600579
2062 0.144717800289
2063 0.144717800289
2064 0.144717800289
2065 0.144717800289
2066 0.0
2067 0.0
2068 0.0
2069 0.0
2070 0.0
2071 0.0
2072 0.0
2073 0.0
2074 0.0
2075 0.0
2076 0.144717800289
2077 0.144717800289
2078 0.144717800289
2079 0.144717800289
2080 0.144717800289
2081 19.9710564399
2082 42.4023154848
2083 54.8480463097
2084 60.9261939219
2085 60.9261939219
2086 62.2286541245
2087 62.9522431259
2088 63.0969609262
2089 63.0969609262
2090 63.0969609262
2091 63.0969609262
2092 63.0969609262
2093 63.0969609262
2094 63.0969609262
2095 63.0969609262
2096 62.9522431259
2097 62.9522431259
2098 62.9522431259
2099 62.9522431259
2100 63.0969609262
2101 43.2706222865
2102 20.8393632417
2103 8.39363241679
2104 2.31548480463
2105 2.31548480463
2106 1.01302460203
2107 0.289435600579
2108 0.144717800289
2109 0.144717800289
2110 0.144717800289
2111 0.144717800289
2112 0.434153400868
2113 0.578871201158
2114 0.723589001447
2115 0.723589001447
2116 0.723589001447
2117 0.723589001447
2118 0.723589001447
2119 0.723589001447
2120 0.578871201158
2121 0.578871201158
2122 0.578871201158
2123 0.723589001447
2124 0.723589001447
2125 1.15774240232
2126 1.3024602026
2127 1.3024602026
2128 1.3024602026
2129 1.3024602026
2130 1.3024602026
2131 1.3024602026
2132 1.01302460203
2133 0.868306801737
2134 0.723589001447
2135 0.723589001447
2136 0.723589001447
2137 0.723589001447
2138 0.723589001447
2139 0.723589001447
2140 0.723589001447
2141 0.723589001447
2142 0.723589001447
2143 0.578871201158
2144 0.578871201158
2145 0.144717800289
2146 0.0
2147 0.0
2148 0.0
2149 0.144717800289
2150 0.144717800289
2151 0.144717800289
2152 0.434153400868
2153 0.723589001447
2154 0.868306801737
2155 1.01302460203
2156 1.01302460203
2157 1.59189580318
2158 1.59189580318
2159 1.88133140376
2160 2.17076700434
2161 2.17076700434
2162 2.46020260492
2163 2.46020260492
2164 2.46020260492
2165 3.03907380608
2166 3.03907380608
2167 3.32850940666
2168 3.32850940666
2169 3.18379160637
2170 3.18379160637
2171 3.18379160637
2172 2.89435600579
2173 2.60492040521
2174 2.60492040521
2175 2.46020260492
2176 2.46020260492
2177 1.88133140376
2178 1.88133140376
2179 1.59189580318
2180 1.44717800289
2181 1.44717800289
2182 1.15774240232
2183 1.15774240232
2184 1.15774240232
2185 0.578871201158
2186 0.578871201158
2187 0.289435600579
2188 0.289435600579
2189 0.289435600579
2190 0.289435600579
2191 0.289435600579
2192 0.289435600579
2193 0.289435600579
2194 0.144717800289
2195 0.144717800289
2196 0.144717800289
2197 0.144717800289
2198 0.144717800289
2199 0.144717800289
2200 0.0
2201 0.0
2202 0.0
2203 0.0
2204 0.0
2205 0.0
2206 0.0
2207 0.0
2208 0.0
2209 0.0
2210 0.0
2211 0.0
2212 0.0
2213 0.0
2214 0.0
2215 0.0
2216 0.0
2217 0.0
2218 0.0
2219 0.0
2220 0.144717800289
2221 0.144717800289
2222 0.144717800289
2223 0.144717800289
2224 0.144717800289
2225 0.144717800289
2226 0.144717800289
2227 0.289435600579
2228 0.289435600579
2229 0.289435600579
2230 0.289435600579
2231 0.289435600579
2232 0.289435600579
2233 0.289435600579
2234 0.289435600579
2235 0.289435600579
2236 0.289435600579
2237 0.289435600579
2238 0.289435600579
2239 0.289435600579
2240 0.144717800289
2241 0.144717800289
2242 0.144717800289
2243 0.144717800289
2244 0.144717800289
2245 0.144717800289
2246 0.144717800289
2247 0.0
2248 0.0
2249 0.0
2250 0.0
2251 0.0
2252 0.0
2253 0.0
2254 0.0
2255 0.0
2256 0.0
2257 0.0
2258 0.0
2259 0.0
2260 0.0
2261 0.0
2262 0.0
2263 0.0
2264 0.144717800289
2265 0.144717800289
2266 0.144717800289
2267 0.144717800289
2268 0.434153400868
2269 0.434153400868
2270 0.434153400868
2271 0.434153400868
2272 0.434153400868
2273 0.578871201158
2274 0.578871201158
2275 0.723589001447
2276 0.723589001447
2277 0.723589001447
2278 0.723589001447
2279 0.723589001447
2280 0.723589001447
2281 0.723589001447
2282 0.723589001447
2283 0.723589001447
2284 0.578871201158
2285 0.578871201158
2286 0.578871201158
2287 0.578871201158
2288 0.289435600579
2289 0.289435600579
2290 0.289435600579
2291 0.289435600579
2292 0.289435600579
2293 0.144717800289
2294 0.144717800289
2295 0.0
2296 0.0
2297 0.0
2298 0.0
2299 0.0
2300 0.0
2301 0.0
2302 0.0
2303 0.0
2304 0.0
2305 0.0
2306 0.0
2307 0.0
2308 0.0
2309 0.0
2310 0.0
2311 0.0
2312 0.0
2313 0.0
2314 0.0
2315 0.0
2316 0.0
2317 0.0
2318 0.0
2319 0.0
2320 0.144717800289
2321 0.144717800289
2322 0.144717800289
2323 0.289435600579
2324 0.289435600579
2325 0.578871201158
2326 0.578871201158
2327 0.578871201158
2328 0.868306801737
2329 0.868306801737
2330 0.868306801737
2331 0.868306801737
2332 0.868306801737
2333 1.73661360347
2334 2.17076700434
2335 2.17076700434
2336 2.17076700434
2337 2.17076700434
2338 2.7496382055
2339 2.7496382055
2340 2.60492040521
2341 2.60492040521
2342 2.60492040521
2343 2.46020260492
2344 2.46020260492
2345 2.17076700434
2346 2.17076700434
2347 2.17076700434
2348 1.88133140376
2349 1.88133140376
2350 1.88133140376
2351 1.88133140376
2352 1.88133140376
2353 1.01302460203
2354 0.578871201158
2355 0.578871201158
2356 0.578871201158
2357 0.578871201158
2358 0.0
2359 0.0
2360 0.0
2361 0.0
2362 0.0
2363 0.0
2364 0.0
2365 0.0
2366 0.0
2367 0.0
2368 0.0
2369 0.0
2370 0.0
2371 0.0
2372 0.0
2373 0.0
2374 0.0
2375 0.0
2376 0.0
2377 0.0
2378 0.0
2379 0.0
2380 0.0
2381 0.0
2382 0.0
2383 0.0
2384 0.0
2385 0.0
2386 0.0
2387 0.144717800289
2388 0.144717800289
2389 0.289435600579
2390 0.289435600579
2391 0.289435600579
2392 0.289435600579
2393 0.434153400868
2394 0.434153400868
2395 0.434153400868
2396 0.434153400868
2397 0.434153400868
2398 0.434153400868
2399 0.434153400868
2400 0.434153400868
2401 0.434153400868
2402 0.434153400868
2403 0.434153400868
2404 0.434153400868
2405 0.434153400868
2406 0.434153400868
2407 0.289435600579
2408 0.434153400868
2409 0.289435600579
2410 0.434153400868
2411 0.434153400868
2412 0.434153400868
2413 0.289435600579
2414 0.289435600579
2415 0.434153400868
2416 0.434153400868
2417 0.434153400868
2418 0.578871201158
2419 0.578871201158
2420 0.578871201158
2421 0.578871201158
2422 0.578871201158
2423 0.578871201158
2424 0.723589001447
2425 0.723589001447
2426 0.723589001447
2427 0.723589001447
2428 0.578871201158
2429 0.578871201158
2430 0.434153400868
2431 0.434153400868
2432 0.434153400868
2433 0.434153400868
2434 0.434153400868
2435 0.289435600579
2436 0.289435600579
2437 0.289435600579
2438 0.144717800289
2439 0.144717800289
2440 0.144717800289
2441 0.144717800289
2442 0.144717800289
2443 0.144717800289
2444 0.0
2445 0.0
2446 0.0
2447 0.0
2448 0.0
2449 0.0
2450 0.0
2451 0.0
2452 0.0
2453 0.0
2454 0.144717800289
2455 0.144717800289
2456 0.144717800289
2457 0.144717800289
2458 0.144717800289
2459 0.144717800289
2460 0.144717800289
2461 0.144717800289
2462 0.144717800289
2463 0.144717800289
2464 0.144717800289
2465 0.434153400868
2466 0.434153400868
2467 0.434153400868
2468 0.434153400868
2469 0.434153400868
2470 0.578871201158
2471 0.868306801737
2472 0.868306801737
2473 0.868306801737
2474 0.723589001447
2475 0.723589001447
2476 0.723589001447
2477 0.723589001447
2478 0.723589001447
2479 0.723589001447
2480 0.723589001447
2481 0.723589001447
2482 0.723589001447
2483 0.723589001447
2484 0.723589001447
2485 0.578871201158
2486 0.578871201158
2487 0.578871201158
2488 0.868306801737
2489 0.868306801737
2490 0.723589001447
2491 0.434153400868
2492 0.434153400868
2493 0.434153400868
2494 0.434153400868
2495 0.434153400868
2496 0.434153400868
2497 0.434153400868
2498 0.578871201158
2499 0.578871201158
2500 0.578871201158
2501 0.578871201158
2502 0.578871201158
2503 0.578871201158
2504 0.578871201158
2505 0.434153400868
2506 0.434153400868
2507 0.434153400868
2508 0.144717800289
2509 0.144717800289
2510 0.144717800289
2511 0.144717800289
2512 0.434153400868
2513 0.578871201158
2514 0.578871201158
2515 0.578871201158
2516 0.578871201158
2517 0.578871201158
2518 0.434153400868
2519 0.434153400868
2520 0.723589001447
2521 0.723589001447
2522 0.723589001447
2523 0.723589001447
2524 0.723589001447
2525 0.723589001447
2526 0.723589001447
2527 0.868306801737
2528 0.868306801737
2529 0.868306801737
2530 0.868306801737
2531 0.868306801737
2532 0.578871201158
2533 0.434153400868
2534 0.434153400868
2535 0.434153400868
2536 0.434153400868
2537 0.434153400868
2538 0.434153400868
2539 0.434153400868
2540 0.144717800289
2541 0.144717800289
2542 0.144717800289
2543 0.144717800289
2544 0.144717800289
2545 0.144717800289
2546 0.144717800289
2547 0.0
2548 0.0
2549 0.0
2550 0.0
2551 0.0
2552 0.0
2553 0.0
2554 0.0
2555 0.0
2556 0.144717800289
2557 0.144717800289
2558 0.144717800289
2559 0.144717800289
2560 0.578871201158
2561 1.3024602026
2562 3.61794500724
2563 6.22286541245
2564 8.53835021708
2565 11.7221418234
2566 17.2214182344
2567 21.2735166425
2568 26.6280752533
2569 30.3907380608
2570 35.7452966715
2571 39.3632416787
2572 39.3632416787
2573 42.1128798842
2574 44.5730824891
2575 45.8755426918
2576 45.8755426918
2577 46.1649782923
2578 46.5991316932
2579 46.5991316932
2580 46.1649782923
2581 45.4413892909
2582 43.1259044863
2583 40.520984081
2584 38.2054992764
2585 35.02170767
2586 29.522431259
2587 25.4703328509
2588 20.1157742402
2589 16.3531114327
2590 10.998552822
2591 7.38060781476
2592 7.38060781476
2593 4.63096960926
2594 2.17076700434
2595 0.868306801737
2596 0.723589001447
2597 0.434153400868
2598 0.0
2599 0.0
2600 0.0
2601 0.0
2602 0.0
2603 0.0
2604 0.0
2605 0.0
2606 0.0
2607 0.0
2608 0.0
2609 0.434153400868
2610 0.434153400868
2611 0.434153400868
2612 0.434153400868
2613 0.434153400868
2614 0.434153400868
2615 0.434153400868
2616 0.434153400868
2617 0.434153400868
2618 0.434153400868
2619 0.434153400868
2620 0.434153400868
2621 0.434153400868
2622 0.434153400868
2623 0.434153400868
2624 0.434153400868
2625 0.723589001447
2626 0.723589001447
2627 0.723589001447
2628 0.723589001447
2629 0.289435600579
2630 0.289435600579
2631 0.289435600579
2632 0.289435600579
2633 0.289435600579
2634 0.289435600579
2635 0.289435600579
2636 0.289435600579
2637 0.289435600579
2638 0.289435600579
2639 0.289435600579
2640 0.289435600579
2641 0.289435600579
2642 0.289435600579
2643 0.289435600579
2644 0.289435600579
2645 0.0
2646 0.0
2647 0.0
2648 0.0
2649 0.0
2650 0.0
2651 0.0
2652 0.0
2653 0.0
2654 0.0
2655 0.0
2656 0.0
2657 0.0
2658 0.0
2659 0.0
2660 0.0
2661 0.0
2662 0.0
2663 0.0
2664 0.289435600579
2665 0.289435600579
2666 0.289435600579
2667 0.289435600579
2668 0.289435600579
2669 0.289435600579
2670 0.289435600579
2671 0.289435600579
2672 0.289435600579
2673 0.434153400868
2674 0.434153400868
2675 0.434153400868
2676 0.723589001447
2677 0.868306801737
2678 1.01302460203
2679 1.01302460203
2680 1.01302460203
2681 1.01302460203
2682 1.3024602026
2683 1.3024602026
2684 1.01302460203
2685 1.3024602026
2686 1.3024602026
2687 1.3024602026
2688 1.3024602026
2689 1.3024602026
2690 1.3024602026
2691 1.3024602026
2692 1.3024602026
2693 1.15774240232
2694 1.15774240232
2695 1.15774240232
2696 0.868306801737
2697 0.723589001447
2698 0.578871201158
2699 0.578871201158
2700 0.578871201158
2701 0.578871201158
2702 0.289435600579
2703 0.289435600579
2704 0.289435600579
2705 0.0
2706 0.144717800289
2707 0.144717800289
2708 0.144717800289
2709 0.289435600579
2710 0.434153400868
2711 0.723589001447
2712 0.868306801737
2713 0.868306801737
2714 1.15774240232
2715 1.15774240232
2716 1.15774240232
2717 1.44717800289
2718 1.44717800289
2719 1.44717800289
2720 1.44717800289
2721 1.44717800289
2722 1.88133140376
2723 1.88133140376
2724 1.88133140376
2725 1.88133140376
2726 1.73661360347
2727 1.73661360347
2728 1.73661360347
2729 1.59189580318
2730 1.59189580318
2731 1.3024602026
2732 1.15774240232
2733 1.15774240232
2734 0.868306801737
2735 0.868306801737
2736 0.868306801737
2737 0.578871201158
2738 0.578871201158
2739 0.578871201158
2740 0.578871201158
2741 0.578871201158
2742 0.144717800289
2743 0.144717800289
2744 0.289435600579
2745 0.289435600579
2746 0.289435600579
2747 0.289435600579
2748 0.289435600579
2749 0.289435600579
2750 0.144717800289
2751 0.144717800289
2752 0.144717800289
2753 0.144717800289
2754 0.144717800289
2755 0.144717800289
2756 0.434153400868
2757 0.434153400868
2758 0.434153400868
2759 0.434153400868
2760 0.434153400868
2761 0.434153400868
2762 0.434153400868
2763 0.434153400868
2764 0.289435600579
2765 0.289435600579
2766 0.289435600579
2767 0.289435600579
2768 0.289435600579
2769 0.289435600579
2770 0.289435600579
2771 0.289435600579
2772 0.289435600579
2773 0.434153400868
2774 0.578871201158
2775 0.578871201158
2776 0.289435600579
2777 0.289435600579
2778 0.289435600579
2779 0.289435600579
2780 0.289435600579
2781 0.289435600579
2782 0.289435600579
2783 0.289435600579
2784 0.289435600579
2785 0.289435600579
2786 0.289435600579
2787 0.289435600579
2788 0.289435600579
2789 0.289435600579
2790 0.289435600579
2791 0.289435600579
2792 0.434153400868
2793 0.289435600579
2794 0.144717800289
2795 0.144717800289
2796 0.144717800289
2797 0.144717800289
2798 0.144717800289
2799 0.144717800289
2800 0.289435600579
2801 0.289435600579
2802 0.289435600579
2803 0.289435600579
2804 0.289435600579
2805 0.434153400868
2806 0.434153400868
2807 0.868306801737
2808 0.868306801737
2809 1.01302460203
2810 1.01302460203
2811 1.3024602026
2812 1.3024602026
2813 1.3024602026
2814 1.44717800289
2815 1.44717800289
2816 1.44717800289
2817 1.44717800289
2818 1.44717800289
2819 1.44717800289
2820 1.3024602026
2821 1.3024602026
2822 1.3024602026
2823 1.3024602026
2824 1.3024602026
2825 1.15774240232
2826 1.15774240232
2827 0.723589001447
2828 0.723589001447
2829 0.578871201158
2830 0.578871201158
2831 0.289435600579
2832 0.144717800289
2833 0.144717800289
2834 0.0
2835 0.0
2836 0.0
2837 0.0
2838 0.0
2839 0.0
2840 0.0
2841 0.0
2842 0.0
2843 0.0
2844 0.0
2845 0.0
2846 0.0
2847 0.0
2848 0.0
2849 0.0
2850 0.0
2851 0.144717800289
2852 0.144717800289
2853 0.144717800289
2854 0.144717800289
2855 0.144717800289
2856 0.144717800289
2857 0.144717800289
2858 0.144717800289
2859 0.144717800289
2860 0.144717800289
2861 0.144717800289
2862 0.144717800289
2863 0.434153400868
2864 0.434153400868
2865 0.434153400868
2866 0.434153400868
2867 0.434153400868
2868 0.578871201158
2869 0.578871201158
2870 0.578871201158
2871 0.434153400868
2872 0.434153400868
2873 0.578871201158
2874 0.723589001447
2875 0.723589001447
2876 0.723589001447
2877 0.723589001447
2878 0.723589001447
2879 0.723589001447
2880 0.723589001447
2881 0.723589001447
2882 0.723589001447
2883 0.578871201158
2884 0.868306801737
2885 1.01302460203
2886 1.15774240232
2887 1.15774240232
2888 1.01302460203
2889 1.01302460203
2890 1.01302460203
2891 1.01302460203
2892 1.01302460203
2893 0.868306801737
2894 0.723589001447
2895 0.723589001447
2896 0.723589001447
2897 0.723589001447
2898 0.723589001447
2899 0.723589001447
2900 0.723589001447
2901 0.723589001447
2902 0.723589001447
2903 0.578871201158
2904 0.289435600579
2905 0.144717800289
2906 0.0
2907 0.0
2908 0.0
2909 0.0
2910 0.0
2911 0.0
2912 0.0
2913 0.0
2914 0.0
2915 0.0
2916 0.0
2917 0.144717800289
2918 0.144717800289
2919 0.144717800289
2920 0.144717800289
2921 0.144717800289
2922 0.144717800289
2923 0.144717800289
2924 0.144717800289
2925 0.144717800289
2926 0.144717800289
2927 0.144717800289
2928 0.144717800289
2929 0.144717800289
2930 0.144717800289
2931 0.144717800289
2932 0.289435600579
2933 0.289435600579
2934 0.289435600579
2935 0.289435600579
2936 0.289435600579
2937 0.144717800289
2938 0.144717800289
2939 0.144717800289
2940 0.144717800289
2941 0.144717800289
2942 0.144717800289
2943 0.144717800289
2944 0.144717800289
2945 0.144717800289
2946 0.144717800289
2947 0.144717800289
2948 0.144717800289
2949 0.144717800289
2950 0.144717800289
2951 0.144717800289
2952 0.0
2953 0.0
2954 0.0
2955 0.0
2956 0.0
2957 0.0
2958 0.0
2959 0.0
2960 0.0
2961 0.144717800289
2962 0.289435600579
2963 0.289435600579
2964 0.434153400868
2965 0.434153400868
2966 0.434153400868
2967 0.434153400868
2968 0.434153400868
2969 0.434153400868
2970 0.434153400868
2971 0.868306801737
2972 1.15774240232
2973 1.15774240232
2974 1.15774240232
2975 1.15774240232
2976 1.15774240232
2977 1.15774240232
2978 1.15774240232
2979 1.15774240232
2980 1.15774240232
2981 1.01302460203
2982 0.868306801737
2983 1.01302460203
2984 1.15774240232
2985 1.15774240232
2986 1.3024602026
2987 1.59189580318
2988 1.59189580318
2989 1.59189580318
2990 1.73661360347
2991 1.3024602026
2992 1.01302460203
2993 1.01302460203
2994 1.01302460203
2995 1.01302460203
2996 1.01302460203
2997 1.01302460203
2998 1.01302460203
2999 1.01302460203
3000 1.01302460203
3001 1.01302460203
3002 1.01302460203
3003 0.868306801737
3004 0.578871201158
3005 0.578871201158
3006 0.434153400868
3007 0.144717800289
3008 0.144717800289
3009 0.144717800289
3010 0.0
3011 0.0
3012 0.0
3013 0.0
3014 0.0
3015 0.0
3016 0.0
3017 0.0
3018 0.144717800289
3019 0.144717800289
3020 0.144717800289
3021 0.144717800289
3022 0.144717800289
3023 0.289435600579
3024 0.289435600579
3025 0.289435600579
3026 0.289435600579
3027 0.289435600579
3028 0.289435600579
3029 0.289435600579
3030 0.289435600579
3031 0.289435600579
3032 0.434153400868
3033 0.434153400868
3034 0.723589001447
3035 0.723589001447
3036 0.723589001447
3037 0.723589001447
3038 0.578871201158
3039 0.578871201158
3040 0.578871201158
3041 0.578871201158
3042 0.578871201158
3043 0.434153400868
3044 0.434153400868
3045 0.434153400868
3046 0.434153400868
3047 0.434153400868
3048 0.434153400868
3049 0.434153400868
3050 0.434153400868
3051 0.434153400868
3052 0.289435600579
3053 0.289435600579
3054 0.0
3055 0.0
3056 0.0
3057 0.0
3058 0.0
3059 0.0
3060 0.0
3061 0.0
3062 0.0
3063 0.0
3064 0.289435600579
3065 0.289435600579
3066 0.289435600579
3067 0.289435600579
3068 0.289435600579
3069 0.289435600579
3070 0.289435600579
3071 0.289435600579
3072 0.434153400868
3073 0.434153400868
3074 0.723589001447
3075 0.868306801737
3076 0.868306801737
3077 0.868306801737
3078 0.868306801737
3079 0.868306801737
3080 0.868306801737
3081 0.868306801737
3082 0.868306801737
3083 1.01302460203
3084 0.723589001447
3085 0.723589001447
3086 0.723589001447
3087 0.723589001447
3088 0.723589001447
3089 1.01302460203
3090 1.01302460203
3091 1.01302460203
3092 0.868306801737
3093 0.868306801737
3094 0.578871201158
3095 0.434153400868
3096 0.434153400868
3097 0.434153400868
3098 0.434153400868
3099 0.434153400868
3100 0.434153400868
3101 0.434153400868
3102 0.434153400868
3103 0.289435600579
3104 0.289435600579
3105 0.289435600579
3106 0.289435600579
3107 0.289435600579
3108 0.289435600579
3109 0.0
3110 0.0
3111 0.0
3112 0.0
3113 0.0
3114 0.0
3115 0.0
3116 0.0
3117 0.0
3118 0.0
3119 0.0
3120 0.0
3121 0.0
3122 0.0
3123 0.0
3124 0.0
3125 0.0
3126 0.144717800289
3127 0.144717800289
3128 0.144717800289
3129 0.144717800289
3130 0.144717800289
3131 0.144717800289
3132 0.144717800289
3133 0.144717800289
3134 0.144717800289
3135 0.144717800289
3136 0.289435600579
3137 0.289435600579
3138 0.289435600579
3139 0.289435600579
3140 0.289435600579
3141 0.289435600579
3142 0.289435600579
3143 0.289435600579
3144 0.289435600579
3145 0.289435600579
3146 0.144717800289
3147 0.144717800289
3148 0.144717800289
3149 0.144717800289
3150 0.144717800289
3151 0.144717800289
3152 0.144717800289
3153 0.144717800289
3154 0.144717800289
3155 0.144717800289
3156 0.0
3157 0.0
3158 0.0
3159 0.0
3160 0.0
3161 0.0
3162 0.0
3163 0.0
3164 0.0
3165 0.0
3166 0.0
3167 0.0
3168 0.144717800289
3169 0.144717800289
3170 0.144717800289
3171 0.289435600579
3172 0.289435600579
3173 0.289435600579
3174 0.289435600579
3175 0.289435600579
3176 0.289435600579
3177 0.289435600579
3178 0.289435600579
3179 0.289435600579
3180 0.289435600579
3181 0.289435600579
3182 0.289435600579
3183 0.289435600579
3184 0.289435600579
3185 0.289435600579
3186 0.289435600579
3187 0.289435600579
3188 0.144717800289
3189 0.144717800289
3190 0.144717800289
3191 0.0
3192 0.0
3193 0.0
3194 0.0
3195 0.0
3196 0.0
3197 0.0
3198 0.0
3199 0.0
3200 0.0
3201 0.0
3202 0.144717800289
3203 0.144717800289
3204 0.144717800289
3205 0.144717800289
3206 0.144717800289
3207 0.144717800289
3208 0.144717800289
3209 0.144717800289
3210 0.144717800289
3211 0.144717800289
3212 0.144717800289
3213 0.144717800289
3214 0.144717800289
3215 0.144717800289
3216 0.144717800289
3217 0.144717800289
3218 0.144717800289
3219 0.144717800289
3220 0.144717800289
3221 0.289435600579
3222 0.144717800289
3223 0.144717800289
3224 0.144717800289
3225 0.144717800289
3226 0.144717800289
3227 0.144717800289
3228 0.144717800289
3229 0.144717800289
3230 0.144717800289
3231 0.144717800289
3232 0.144717800289
3233 0.144717800289
3234 0.144717800289
3235 0.723589001447
3236 0.723589001447
3237 0.723589001447
3238 0.723589001447
3239 0.868306801737
3240 0.868306801737
3241 0.723589001447
3242 0.723589001447
3243 0.723589001447
3244 0.723589001447
3245 0.723589001447
3246 0.723589001447
3247 0.723589001447
3248 0.723589001447
3249 0.723589001447
3250 0.723589001447
3251 0.723589001447
3252 0.723589001447
3253 0.723589001447
3254 0.723589001447
3255 0.144717800289
3256 0.144717800289
3257 0.144717800289
3258 0.144717800289
3259 0.0
3260 0.144717800289
3261 0.144717800289
3262 0.144717800289
3263 0.144717800289
3264 0.144717800289
3265 0.144717800289
3266 0.144717800289
3267 0.144717800289
3268 0.144717800289
3269 0.144717800289
3270 0.144717800289
3271 0.289435600579
3272 0.289435600579
3273 0.289435600579
3274 0.289435600579
3275 0.289435600579
3276 0.289435600579
3277 0.289435600579
3278 0.289435600579
3279 0.289435600579
3280 0.144717800289
3281 0.144717800289
3282 0.289435600579
3283 0.289435600579
3284 0.289435600579
3285 0.434153400868
3286 0.434153400868
3287 0.434153400868
3288 0.434153400868
3289 0.434153400868
3290 0.434153400868
3291 0.289435600579
3292 0.289435600579
3293 0.289435600579
3294 0.289435600579
3295 0.289435600579
3296 0.289435600579
3297 0.289435600579
3298 0.289435600579
3299 0.289435600579
3300 0.289435600579
3301 0.289435600579
3302 0.144717800289
3303 0.144717800289
3304 0.144717800289
3305 0.0
3306 0.0
3307 0.0
3308 0.0
3309 0.0
3310 0.0
3311 0.0
3312 0.0
3313 0.0
3314 0.0
3315 0.0
3316 0.144717800289
3317 0.144717800289
3318 0.289435600579
3319 0.289435600579
3320 0.289435600579
3321 0.289435600579
3322 0.289435600579
3323 0.289435600579
3324 0.289435600579
3325 0.289435600579
3326 0.289435600579
3327 0.578871201158
3328 0.578871201158
3329 0.578871201158
3330 0.723589001447
3331 0.868306801737
3332 0.868306801737
3333 0.868306801737
3334 0.868306801737
3335 0.868306801737
3336 0.723589001447
3337 0.868306801737
3338 0.723589001447
3339 0.723589001447
3340 0.723589001447
3341 0.723589001447
3342 0.723589001447
3343 0.723589001447
3344 0.723589001447
3345 0.723589001447
3346 0.723589001447
3347 0.434153400868
3348 0.434153400868
3349 0.434153400868
3350 0.289435600579
3351 0.144717800289
3352 0.144717800289
3353 0.144717800289
3354 0.289435600579
3355 0.289435600579
3356 0.289435600579
3357 0.144717800289
3358 0.144717800289
3359 0.434153400868
3360 0.434153400868
3361 0.434153400868
3362 0.434153400868
3363 0.434153400868
3364 0.578871201158
3365 0.868306801737
3366 0.868306801737
3367 0.868306801737
3368 1.01302460203
3369 1.01302460203
3370 1.01302460203
3371 1.01302460203
3372 1.01302460203
3373 1.01302460203
3374 1.01302460203
3375 1.01302460203
3376 1.01302460203
3377 1.01302460203
3378 1.15774240232
3379 0.868306801737
3380 0.868306801737
3381 0.868306801737
3382 0.868306801737
3383 1.15774240232
3384 1.01302460203
3385 0.723589001447
3386 0.723589001447
3387 0.723589001447
3388 0.578871201158
3389 0.578871201158
3390 0.578871201158
3391 0.578871201158
3392 0.578871201158
3393 0.578871201158
3394 0.434153400868
3395 0.434153400868
3396 0.434153400868
3397 0.434153400868
3398 0.289435600579
3399 0.289435600579
3400 0.289435600579
3401 0.289435600579
3402 0.289435600579
3403 0.0
3404 0.0
3405 0.0
3406 0.0
3407 0.0
3408 0.0
3409 0.0
3410 0.0
3411 0.0
3412 0.0
3413 0.0
3414 0.0
3415 0.0
3416 0.0
3417 0.0
3418 0.0
3419 0.0
3420 0.0
3421 0.0
3422 0.0
3423 0.0
3424 0.0
3425 0.0
3426 0.0
3427 0.0
3428 0.0
3429 0.0
3430 0.144717800289
3431 0.144717800289
3432 0.144717800289
3433 0.144717800289
3434 0.144717800289
3435 0.144717800289
3436 0.144717800289
3437 0.144717800289
3438 0.144717800289
3439 0.144717800289
3440 0.144717800289
3441 0.144717800289
3442 0.144717800289
3443 0.144717800289
3444 0.144717800289
3445 0.144717800289
3446 0.144717800289
3447 0.144717800289
3448 0.144717800289
3449 0.144717800289
3450 0.0
