0 0.578871201158
1 0.868306801737
2 0.723589001447
3 0.723589001447
4 1.01302460203
5 1.59189580318
6 1.88133140376
7 1.88133140376
8 2.17076700434
9 2.31548480463
10 2.46020260492
11 2.60492040521
12 2.89435600579
13 3.03907380608
14 3.18379160637
15 3.32850940666
16 3.47322720695
17 3.47322720695
18 3.61794500724
19 3.76266280753
20 3.61794500724
21 3.61794500724
22 3.61794500724
23 3.61794500724
24 3.47322720695
25 3.03907380608
26 2.7496382055
27 2.7496382055
28 2.31548480463
29 2.17076700434
30 2.02604920405
31 2.02604920405
32 1.73661360347
33 1.59189580318
34 1.59189580318
35 1.59189580318
36 1.59189580318
37 1.59189580318
38 1.44717800289
39 1.59189580318
40 1.73661360347
41 1.59189580318
42 1.59189580318
43 1.59189580318
44 1.59189580318
45 1.59189580318
46 1.59189580318
47 1.59189580318
48 1.59189580318
49 1.44717800289
50 1.44717800289
51 1.3024602026
52 1.3024602026
53 1.3024602026
54 1.3024602026
55 1.15774240232
56 1.15774240232
57 1.15774240232
58 1.15774240232
59 1.01302460203
60 1.01302460203
61 0.868306801737
62 0.868306801737
63 0.868306801737
64 0.868306801737
65 0.868306801737
66 0.868306801737
67 1.01302460203
68 1.01302460203
69 1.01302460203
70 1.15774240232
71 1.15774240232
72 1.15774240232
73 1.3024602026
74 1.15774240232
75 1.3024602026
76 1.15774240232
77 1.3024602026
78 1.3024602026
79 1.15774240232
80 1.3024602026
81 1.44717800289
82 1.59189580318
83 1.59189580318
84 1.59189580318
85 1.44717800289
86 1.44717800289
87 1.3024602026
88 1.3024602026
89 1.3024602026
90 1.15774240232
91 1.15774240232
92 1.3024602026
93 1.15774240232
94 1.15774240232
95 1.01302460203
96 1.01302460203
97 0.868306801737
98 1.01302460203
99 1.15774240232
100 0.868306801737
101 0.723589001447
102 0.578871201158
103 0.578871201158
104 0.578871201158
105 0.578871201158
106 0.723589001447
107 0.723589001447
108 0.723589001447
109 0.868306801737
110 0.868306801737
111 1.01302460203
112 1.15774240232
113 1.15774240232
114 1.44717800289
115 1.73661360347
116 2.02604920405
117 2.31548480463
118 2.31548480463
119 2.31548480463
120 2.46020260492
121 2.60492040521
122 2.60492040521
123 2.60492040521
124 2.46020260492
125 2.46020260492
126 2.31548480463
127 2.46020260492
128 2.46020260492
129 2.31548480463
130 2.31548480463
131 2.31548480463
132 2.02604920405
133 2.02604920405
134 1.73661360347
135 1.44717800289
136 1.15774240232
137 0.868306801737
138 0.723589001447
139 0.578871201158
140 0.434153400868
141 0.289435600579
142 0.289435600579
143 0.289435600579
144 0.289435600579
145 0.289435600579
146 0.289435600579
147 0.144717800289
148 0.144717800289
149 0.289435600579
150 0.289435600579
151 0.144717800289
152 0.144717800289
153 0.144717800289
154 0.144717800289
155 0.144717800289
156 0.434153400868
157 0.434153400868
158 0.434153400868
159 0.434153400868
160 0.578871201158
161 0.723589001447
162 0.868306801737
163 1.01302460203
164 1.3024602026
165 1.3024602026
166 1.44717800289
167 1.44717800289
168 1.88133140376
169 2.02604920405
170 2.02604920405
171 2.02604920405
172 2.46020260492
173 2.46020260492
174 2.60492040521
175 2.7496382055
176 2.7496382055
177 3.03907380608
178 3.76266280753
179 7.23589001447
180 13.1693198263
181 27.2069464544
182 45.5861070912
183 56.8740955137
184 63.2416787265
185 66.8596237337
186 68.7409551375
187 69.4645441389
188 69.7539797395
189 69.6092619392
190 69.6092619392
191 69.8986975398
192 69.7539797395
193 69.7539797395
194 69.6092619392
195 69.6092619392
196 69.3198263386
197 69.1751085384
198 68.4515195369
199 64.97829233
200 58.9001447178
201 44.7178002894
202 26.1939218524
203 14.7612156295
204 8.10419681621
205 4.48625180897
206 2.46020260492
207 1.88133140376
208 1.15774240232
209 1.01302460203
210 1.01302460203
211 0.723589001447
212 0.434153400868
213 0.434153400868
214 0.434153400868
215 0.289435600579
216 0.289435600579
217 0.144717800289
218 0.144717800289
219 0.144717800289
220 0.144717800289
221 0.144717800289
222 0.289435600579
223 0.289435600579
224 0.289435600579
225 0.289435600579
226 0.289435600579
227 0.144717800289
228 0.289435600579
229 0.434153400868
230 0.434153400868
231 0.578871201158
232 0.868306801737
233 1.15774240232
234 1.15774240232
235 1.44717800289
236 1.44717800289
237 1.44717800289
238 1.59189580318
239 1.88133140376
240 1.88133140376
241 1.88133140376
242 1.88133140376
243 1.88133140376
244 1.88133140376
245 1.88133140376
246 1.88133140376
247 1.88133140376
248 1.73661360347
249 1.59189580318
250 1.59189580318
251 1.59189580318
252 1.44717800289
253 1.44717800289
254 2.31548480463
255 4.77568740955
256 11.8668596237
257 23.4442836469
258 37.3371924747
259 52.0984081042
260 64.1099855282
261 72.6483357453
262 78.1476121563
263 81.6208393632
264 83.2127351664
265 84.6599131693
266 85.3835021708
267 85.5282199711
268 86.2518089725
269 86.3965267728
270 86.975397974
271 86.975397974
272 87.4095513748
273 87.2648335745
274 86.8306801737
275 84.2257597685
276 77.2793053546
277 65.7018813314
278 51.8089725036
279 36.7583212735
280 24.8914616498
281 16.3531114327
282 10.8538350217
283 7.38060781476
284 5.78871201158
285 4.34153400868
286 3.76266280753
287 3.61794500724
288 2.89435600579
289 2.7496382055
290 2.17076700434
291 2.02604920405
292 1.44717800289
293 1.3024602026
294 0.868306801737
295 0.723589001447
296 0.723589001447
297 0.723589001447
298 0.578871201158
299 0.578871201158
300 0.434153400868
301 0.578871201158
302 0.434153400868
303 0.434153400868
304 0.434153400868
305 0.578871201158
306 0.578871201158
307 0.578871201158
308 0.578871201158
309 0.723589001447
310 0.723589001447
311 0.723589001447
312 0.868306801737
313 0.868306801737
314 0.868306801737
315 0.868306801737
316 0.723589001447
317 0.723589001447
318 0.723589001447
319 0.723589001447
320 0.723589001447
321 0.578871201158
322 0.578871201158
323 0.578871201158
324 0.723589001447
325 0.578871201158
326 0.434153400868
327 0.434153400868
328 0.723589001447
329 0.578871201158
330 0.578871201158
331 0.868306801737
332 0.723589001447
333 0.868306801737
334 0.868306801737
335 0.868306801737
336 1.15774240232
337 1.3024602026
338 1.3024602026
339 1.3024602026
340 1.3024602026
341 1.3024602026
342 1.3024602026
343 1.59189580318
344 1.44717800289
345 1.44717800289
346 1.59189580318
347 1.59189580318
348 1.44717800289
349 1.59189580318
350 1.59189580318
351 1.44717800289
352 1.44717800289
353 1.44717800289
354 1.44717800289
355 1.44717800289
356 1.3024602026
357 1.3024602026
358 1.3024602026
359 1.3024602026
360 1.44717800289
361 1.44717800289
362 1.44717800289
363 1.3024602026
364 1.3024602026
365 1.3024602026
366 1.3024602026
367 1.3024602026
368 1.59189580318
369 1.44717800289
370 1.59189580318
371 1.44717800289
372 1.44717800289
373 1.3024602026
374 1.3024602026
375 1.44717800289
376 1.3024602026
377 1.3024602026
378 1.3024602026
379 1.3024602026
380 1.15774240232
381 1.15774240232
382 1.3024602026
383 1.44717800289
384 1.44717800289
385 1.44717800289
386 1.3024602026
387 1.3024602026
388 0.868306801737
389 0.868306801737
390 0.723589001447
391 0.723589001447
392 0.723589001447
393 0.723589001447
394 0.723589001447
395 0.723589001447
396 0.723589001447
397 0.578871201158
398 0.578871201158
399 0.868306801737
400 1.01302460203
401 1.01302460203
402 0.868306801737
403 0.723589001447
404 0.723589001447
405 0.723589001447
406 0.723589001447
407 0.868306801737
408 1.01302460203
409 1.15774240232
410 1.15774240232
411 1.15774240232
412 1.15774240232
413 1.15774240232
414 1.44717800289
415 1.44717800289
416 1.73661360347
417 1.88133140376
418 2.02604920405
419 2.02604920405
420 2.02604920405
421 2.31548480463
422 2.46020260492
423 2.31548480463
424 2.46020260492
425 2.60492040521
426 2.89435600579
427 2.89435600579
428 2.7496382055
429 2.60492040521
430 2.7496382055
431 3.03907380608
432 3.03907380608
433 3.03907380608
434 2.89435600579
435 3.03907380608
436 2.89435600579
437 2.7496382055
438 2.7496382055
439 2.46020260492
440 2.31548480463
441 2.02604920405
442 1.88133140376
443 1.88133140376
444 1.73661360347
445 1.59189580318
446 1.3024602026
447 1.44717800289
448 1.44717800289
449 1.44717800289
450 1.44717800289
451 1.15774240232
452 1.15774240232
453 1.15774240232
454 1.01302460203
455 0.723589001447
456 0.723589001447
457 0.868306801737
458 0.723589001447
459 0.723589001447
460 1.01302460203
461 1.3024602026
462 1.44717800289
463 1.73661360347
464 2.46020260492
465 2.7496382055
466 3.03907380608
467 3.32850940666
468 3.76266280753
469 4.0520984081
470 3.90738060781
471 3.90738060781
472 3.90738060781
473 4.19681620839
474 4.48625180897
475 4.63096960926
476 4.48625180897
477 4.48625180897
478 4.77568740955
479 4.92040520984
480 4.77568740955
481 4.63096960926
482 4.63096960926
483 4.63096960926
484 4.19681620839
485 4.0520984081
486 3.76266280753
487 3.47322720695
488 3.03907380608
489 2.7496382055
490 2.7496382055
491 2.7496382055
492 2.7496382055
493 2.60492040521
494 2.31548480463
495 2.17076700434
496 2.17076700434
497 2.02604920405
498 1.73661360347
499 1.59189580318
500 1.44717800289
501 1.3024602026
502 1.15774240232
503 1.15774240232
504 1.01302460203
505 0.868306801737
506 0.868306801737
507 0.723589001447
508 0.868306801737
509 1.01302460203
510 1.01302460203
511 1.01302460203
512 1.3024602026
513 1.73661360347
514 1.73661360347
515 2.02604920405
516 2.7496382055
517 3.03907380608
518 3.32850940666
519 3.47322720695
520 4.19681620839
521 4.19681620839
522 4.34153400868
523 4.19681620839
524 4.34153400868
525 4.34153400868
526 4.34153400868
527 4.48625180897
528 4.48625180897
529 4.48625180897
530 4.63096960926
531 4.63096960926
532 4.48625180897
533 3.90738060781
534 3.90738060781
535 3.61794500724
536 2.89435600579
537 2.60492040521
538 2.31548480463
539 2.17076700434
540 1.44717800289
541 1.44717800289
542 1.59189580318
543 1.44717800289
544 1.15774240232
545 1.15774240232
546 1.15774240232
547 0.868306801737
548 0.723589001447
549 0.578871201158
550 0.434153400868
551 0.434153400868
552 0.289435600579
553 0.289435600579
554 0.289435600579
555 0.578871201158
556 0.723589001447
557 0.723589001447
558 0.723589001447
559 0.723589001447
560 0.868306801737
561 1.01302460203
562 0.868306801737
563 0.868306801737
564 0.868306801737
565 1.3024602026
566 1.3024602026
567 1.3024602026
568 1.44717800289
569 1.44717800289
570 1.44717800289
571 2.02604920405
572 2.31548480463
573 2.7496382055
574 3.32850940666
575 3.03907380608
576 2.89435600579
577 3.03907380608
578 3.18379160637
579 3.18379160637
580 3.03907380608
581 2.89435600579
582 2.7496382055
583 2.89435600579
584 2.89435600579
585 2.7496382055
586 2.7496382055
587 3.03907380608
588 2.89435600579
589 3.03907380608
590 3.03907380608
591 2.46020260492
592 2.17076700434
593 1.73661360347
594 1.3024602026
595 1.3024602026
596 1.3024602026
597 1.15774240232
598 1.01302460203
599 1.01302460203
600 1.01302460203
601 1.01302460203
602 1.01302460203
603 0.868306801737
604 0.868306801737
605 0.578871201158
606 0.578871201158
607 0.289435600579
608 0.434153400868
609 0.434153400868
610 0.868306801737
611 1.01302460203
612 1.01302460203
613 1.3024602026
614 1.44717800289
615 1.59189580318
616 1.73661360347
617 1.88133140376
618 2.02604920405
619 2.02604920405
620 2.31548480463
621 2.46020260492
622 2.46020260492
623 2.46020260492
624 2.46020260492
625 2.46020260492
626 2.7496382055
627 2.7496382055
628 2.60492040521
629 2.46020260492
630 2.02604920405
631 2.02604920405
632 2.31548480463
633 2.02604920405
634 1.88133140376
635 1.88133140376
636 1.88133140376
637 1.73661360347
638 1.88133140376
639 2.02604920405
640 1.73661360347
641 1.59189580318
642 1.59189580318
643 1.59189580318
644 1.59189580318
645 1.59189580318
646 1.3024602026
647 1.3024602026
648 1.3024602026
649 1.3024602026
650 1.3024602026
651 1.15774240232
652 0.868306801737
653 0.868306801737
654 0.723589001447
655 0.578871201158
656 0.434153400868
657 0.434153400868
658 0.144717800289
659 0.289435600579
660 0.434153400868
661 0.578871201158
662 0.723589001447
663 0.868306801737
664 0.868306801737
665 1.3024602026
666 1.3024602026
667 1.44717800289
668 1.44717800289
669 1.59189580318
670 1.59189580318
671 1.73661360347
672 2.17076700434
673 2.31548480463
674 2.46020260492
675 2.89435600579
676 2.89435600579
677 2.89435600579
678 2.89435600579
679 2.7496382055
680 2.60492040521
681 2.46020260492
682 3.03907380608
683 3.47322720695
684 3.61794500724
685 3.90738060781
686 3.90738060781
687 4.0520984081
688 4.34153400868
689 4.48625180897
690 4.48625180897
691 4.48625180897
692 4.0520984081
693 3.90738060781
694 3.76266280753
695 3.32850940666
696 3.32850940666
697 3.61794500724
698 3.61794500724
699 3.47322720695
700 3.47322720695
701 3.61794500724
702 2.89435600579
703 2.31548480463
704 2.17076700434
705 1.44717800289
706 1.44717800289
707 1.15774240232
708 0.868306801737
709 0.578871201158
710 0.578871201158
711 0.434153400868
712 0.578871201158
713 0.578871201158
714 0.578871201158
715 0.723589001447
716 1.01302460203
717 0.723589001447
718 0.723589001447
719 0.723589001447
720 0.723589001447
721 0.578871201158
722 0.578871201158
723 0.723589001447
724 0.723589001447
725 0.723589001447
726 0.723589001447
727 0.868306801737
728 0.868306801737
729 1.01302460203
730 1.01302460203
731 1.01302460203
732 0.868306801737
733 1.01302460203
734 1.01302460203
735 0.868306801737
736 0.578871201158
737 0.578871201158
738 0.578871201158
739 0.578871201158
740 0.723589001447
741 0.723589001447
742 0.723589001447
743 0.723589001447
744 0.723589001447
745 0.723589001447
746 0.723589001447
747 0.723589001447
748 0.723589001447
749 0.723589001447
750 0.723589001447
751 1.01302460203
752 1.44717800289
753 1.59189580318
754 1.59189580318
755 1.88133140376
756 2.02604920405
757 2.02604920405
758 2.31548480463
759 2.31548480463
760 2.17076700434
761 2.31548480463
762 2.31548480463
763 2.17076700434
764 2.46020260492
765 2.89435600579
766 3.03907380608
767 3.18379160637
768 3.32850940666
769 3.47322720695
770 3.47322720695
771 3.32850940666
772 3.03907380608
773 2.7496382055
774 3.18379160637
775 2.89435600579
776 2.89435600579
777 3.32850940666
778 4.19681620839
779 7.52532561505
780 18.0897250362
781 37.6266280753
782 56.2952243126
783 66.4254703329
784 71.3458755427
785 73.516642547
786 74.8191027496
787 74.8191027496
788 74.6743849493
789 74.3849493488
790 74.3849493488
791 74.2402315485
792 74.0955137482
793 74.0955137482
794 73.8060781476
795 73.8060781476
796 73.6613603473
797 73.2272069465
798 72.2141823444
799 69.0303907381
800 58.4659913169
801 38.7843704776
802 20.1157742402
803 9.98552821997
804 4.77568740955
805 2.17076700434
806 0.868306801737
807 0.723589001447
808 0.723589001447
809 0.868306801737
810 0.868306801737
811 0.868306801737
812 0.868306801737
813 0.868306801737
814 0.723589001447
815 0.723589001447
816 0.723589001447
817 0.868306801737
818 0.723589001447
819 0.578871201158
820 0.868306801737
821 1.01302460203
822 1.01302460203
823 1.01302460203
824 1.01302460203
825 1.01302460203
826 0.868306801737
827 1.01302460203
828 1.15774240232
829 1.01302460203
830 1.01302460203
831 1.15774240232
832 1.15774240232
833 1.15774240232
834 1.15774240232
835 1.15774240232
836 1.15774240232
837 1.01302460203
838 1.01302460203
839 1.01302460203
840 0.723589001447
841 0.723589001447
842 0.723589001447
843 0.723589001447
844 0.723589001447
845 0.723589001447
846 1.01302460203
847 0.868306801737
848 0.723589001447
849 0.723589001447
850 0.723589001447
851 0.868306801737
852 1.73661360347
853 2.46020260492
854 3.90738060781
855 5.78871201158
856 7.52532561505
857 10.4196816208
858 11.8668596237
859 14.6164978292
860 16.6425470333
861 18.0897250362
862 18.9580318379
863 19.9710564399
864 20.8393632417
865 20.984081042
866 21.1287988423
867 21.4182344428
868 21.997105644
869 22.2865412446
870 22.4312590449
871 22.5759768452
872 22.1418234443
873 21.5629522431
874 20.2604920405
875 18.3791606368
876 16.6425470333
877 13.7481910275
878 12.3010130246
879 9.69609261939
880 7.67004341534
881 6.07814761216
882 5.20984081042
883 4.34153400868
884 3.47322720695
885 3.32850940666
886 2.89435600579
887 2.46020260492
888 1.88133140376
889 1.59189580318
890 1.59189580318
891 1.15774240232
892 0.723589001447
893 0.578871201158
894 0.578871201158
895 0.578871201158
896 0.578871201158
897 0.578871201158
898 0.578871201158
899 0.578871201158
900 0.578871201158
901 0.578871201158
902 0.578871201158
903 0.434153400868
904 0.434153400868
905 0.434153400868
906 0.434153400868
907 0.434153400868
908 0.578871201158
909 0.723589001447
910 0.578871201158
911 0.578871201158
912 0.723589001447
913 0.868306801737
914 0.868306801737
915 1.01302460203
916 1.01302460203
917 1.01302460203
918 1.15774240232
919 1.01302460203
920 1.01302460203
921 1.15774240232
922 1.15774240232
923 1.15774240232
924 1.3024602026
925 1.44717800289
926 1.44717800289
927 1.44717800289
928 1.3024602026
929 1.15774240232
930 1.3024602026
931 1.44717800289
932 1.44717800289
933 1.3024602026
934 1.3024602026
935 1.15774240232
936 1.15774240232
937 1.3024602026
938 1.15774240232
939 1.44717800289
940 1.44717800289
941 1.3024602026
942 1.3024602026
943 1.44717800289
944 1.44717800289
945 1.3024602026
946 1.3024602026
947 1.3024602026
948 1.3024602026
949 1.3024602026
950 1.15774240232
951 1.01302460203
952 0.868306801737
953 0.868306801737
954 0.723589001447
955 0.868306801737
956 0.868306801737
957 0.723589001447
958 0.723589001447
959 0.578871201158
960 0.578871201158
961 1.15774240232
962 1.15774240232
963 1.15774240232
964 1.15774240232
965 1.44717800289
966 1.59189580318
967 1.88133140376
968 2.02604920405
969 2.17076700434
970 2.31548480463
971 2.31548480463
972 2.31548480463
973 2.60492040521
974 2.60492040521
975 2.46020260492
976 2.46020260492
977 2.60492040521
978 2.60492040521
979 2.46020260492
980 2.60492040521
981 2.02604920405
982 2.02604920405
983 1.88133140376
984 2.02604920405
985 1.73661360347
986 1.59189580318
987 1.3024602026
988 1.15774240232
989 1.01302460203
990 0.868306801737
991 0.868306801737
992 0.868306801737
993 0.578871201158
994 0.578871201158
995 0.578871201158
996 0.578871201158
997 0.578871201158
998 0.578871201158
999 0.578871201158
1000 0.434153400868
1001 0.434153400868
1002 0.434153400868
1003 0.434153400868
1004 0.144717800289
1005 0.144717800289
1006 0.144717800289
1007 0.289435600579
1008 0.289435600579
1009 0.434153400868
1010 0.578871201158
1011 0.723589001447
1012 0.723589001447
1013 0.723589001447
1014 0.723589001447
1015 0.723589001447
1016 0.723589001447
1017 0.578871201158
1018 1.01302460203
1019 1.15774240232
1020 1.15774240232
1021 1.15774240232
1022 1.15774240232
1023 1.15774240232
1024 1.3024602026
1025 1.3024602026
1026 1.3024602026
1027 1.3024602026
1028 1.3024602026
1029 1.15774240232
1030 1.01302460203
1031 1.01302460203
1032 1.44717800289
1033 1.44717800289
1034 1.59189580318
1035 1.59189580318
1036 1.59189580318
1037 1.59189580318
1038 1.3024602026
1039 1.15774240232
1040 1.15774240232
1041 1.15774240232
1042 1.15774240232
1043 1.15774240232
1044 1.01302460203
1045 1.01302460203
1046 1.01302460203
1047 0.868306801737
1048 0.868306801737
1049 0.868306801737
1050 0.868306801737
1051 0.723589001447
1052 0.289435600579
1053 0.434153400868
1054 0.289435600579
1055 0.289435600579
1056 0.289435600579
1057 0.434153400868
1058 0.434153400868
1059 0.578871201158
1060 0.578871201158
1061 0.578871201158
1062 0.723589001447
1063 0.868306801737
1064 0.868306801737
1065 0.868306801737
1066 0.868306801737
1067 0.868306801737
1068 1.15774240232
1069 1.15774240232
1070 1.15774240232
1071 1.15774240232
1072 1.44717800289
1073 1.3024602026
1074 1.3024602026
1075 1.3024602026
1076 1.3024602026
1077 1.15774240232
1078 1.88133140376
1079 3.18379160637
1080 8.53835021708
1081 25.6150506512
1082 45.7308248915
1083 57.1635311143
1084 63.6758321274
1085 70.0434153401
1086 72.3589001447
1087 73.516642547
1088 73.3719247467
1089 73.6613603473
1090 73.6613603473
1091 73.9507959479
1092 73.6613603473
1093 73.6613603473
1094 73.8060781476
1095 73.8060781476
1096 73.8060781476
1097 73.8060781476
1098 72.9377713459
1099 71.490593343
1100 66.1360347323
1101 49.2040520984
1102 28.9435600579
1103 17.3661360347
1104 10.8538350217
1105 4.48625180897
1106 2.17076700434
1107 1.01302460203
1108 0.868306801737
1109 0.578871201158
1110 0.578871201158
1111 0.289435600579
1112 0.289435600579
1113 0.289435600579
1114 0.289435600579
1115 0.289435600579
1116 0.289435600579
1117 0.289435600579
1118 0.289435600579
1119 0.289435600579
1120 0.289435600579
1121 0.144717800289
1122 0.144717800289
1123 0.289435600579
1124 0.289435600579
1125 0.434153400868
1126 0.578871201158
1127 0.578871201158
1128 0.723589001447
1129 0.723589001447
1130 0.723589001447
1131 0.723589001447
1132 0.868306801737
1133 1.01302460203
1134 1.01302460203
1135 1.01302460203
1136 1.01302460203
1137 1.01302460203
1138 1.01302460203
1139 1.15774240232
1140 1.3024602026
1141 1.3024602026
1142 1.3024602026
1143 1.3024602026
1144 1.3024602026
1145 1.3024602026
1146 1.15774240232
1147 1.15774240232
1148 1.15774240232
1149 1.15774240232
1150 1.15774240232
1151 1.15774240232
1152 1.15774240232
1153 1.15774240232
1154 4.34153400868
1155 15.1953690304
1156 31.982633864
1157 48.7698986975
1158 64.5441389291
1159 72.7930535456
1160 76.4109985528
1161 78.2923299566
1162 80.1736613603
1163 82.1997105644
1164 82.9232995658
1165 84.2257597685
1166 84.9493487699
1167 85.2387843705
1168 85.5282199711
1169 86.1070911722
1170 87.4095513748
1171 87.6989869754
1172 87.6989869754
1173 87.6989869754
1174 84.6599131693
1175 73.9507959479
1176 57.1635311143
1177 40.3762662808
1178 24.6020260492
1179 16.3531114327
1180 12.5904486252
1181 10.7091172214
1182 8.82778581766
1183 6.65701881331
1184 5.93342981187
1185 4.48625180897
1186 3.76266280753
1187 3.47322720695
1188 3.03907380608
1189 2.46020260492
1190 1.15774240232
1191 0.868306801737
1192 0.723589001447
1193 0.723589001447
1194 0.434153400868
1195 0.289435600579
1196 0.289435600579
1197 0.289435600579
1198 0.434153400868
1199 0.289435600579
1200 0.289435600579
1201 0.289435600579
1202 0.434153400868
1203 0.434153400868
1204 0.434153400868
1205 0.434153400868
1206 0.434153400868
1207 0.434153400868
1208 0.578871201158
1209 0.723589001447
1210 0.868306801737
1211 0.868306801737
1212 0.868306801737
1213 0.723589001447
1214 0.723589001447
1215 0.723589001447
1216 0.723589001447
1217 0.723589001447
1218 0.723589001447
1219 0.723589001447
1220 0.723589001447
1221 0.868306801737
1222 0.723589001447
1223 0.723589001447
1224 0.723589001447
1225 0.868306801737
1226 0.868306801737
1227 1.15774240232
1228 1.01302460203
1229 0.868306801737
1230 0.723589001447
1231 0.868306801737
1232 1.01302460203
1233 1.01302460203
1234 1.15774240232
1235 1.15774240232
1236 1.15774240232
1237 1.15774240232
1238 1.01302460203
1239 1.01302460203
1240 1.01302460203
1241 0.868306801737
1242 0.868306801737
1243 0.868306801737
1244 0.868306801737
1245 0.723589001447
1246 1.01302460203
1247 0.723589001447
1248 0.868306801737
1249 0.868306801737
1250 0.868306801737
1251 0.723589001447
1252 0.578871201158
1253 0.578871201158
1254 0.434153400868
1255 0.578871201158
1256 0.723589001447
1257 0.723589001447
1258 0.723589001447
1259 0.868306801737
1260 1.01302460203
1261 1.44717800289
1262 1.59189580318
1263 1.73661360347
1264 2.17076700434
1265 2.31548480463
1266 2.02604920405
1267 2.17076700434
1268 2.17076700434
1269 2.46020260492
1270 2.46020260492
1271 2.60492040521
1272 2.89435600579
1273 3.03907380608
1274 3.18379160637
1275 3.03907380608
1276 2.89435600579
1277 2.89435600579
1278 2.89435600579
1279 2.7496382055
1280 2.60492040521
1281 2.17076700434
1282 2.02604920405
1283 2.17076700434
1284 2.02604920405
1285 2.02604920405
1286 2.02604920405
1287 2.02604920405
1288 1.88133140376
1289 1.59189580318
1290 1.59189580318
1291 1.44717800289
1292 1.15774240232
1293 1.01302460203
1294 0.868306801737
1295 0.868306801737
1296 0.868306801737
1297 0.868306801737
1298 0.868306801737
1299 0.868306801737
1300 0.868306801737
1301 1.01302460203
1302 1.15774240232
1303 1.01302460203
1304 0.723589001447
1305 0.578871201158
1306 0.578871201158
1307 0.434153400868
1308 0.434153400868
1309 0.434153400868
1310 0.578871201158
1311 0.723589001447
1312 0.723589001447
1313 0.868306801737
1314 0.868306801737
1315 0.868306801737
1316 0.868306801737
1317 1.15774240232
1318 1.15774240232
1319 1.44717800289
1320 1.44717800289
1321 1.3024602026
1322 1.15774240232
1323 1.15774240232
1324 1.59189580318
1325 1.73661360347
1326 1.88133140376
1327 1.88133140376
1328 1.88133140376
1329 2.17076700434
1330 2.31548480463
1331 2.17076700434
1332 2.17076700434
1333 2.02604920405
1334 2.17076700434
1335 2.17076700434
1336 2.17076700434
1337 2.02604920405
1338 2.02604920405
1339 1.73661360347
1340 1.73661360347
1341 1.73661360347
1342 1.73661360347
1343 1.59189580318
1344 1.15774240232
1345 1.01302460203
1346 0.868306801737
1347 0.868306801737
1348 0.868306801737
1349 0.578871201158
1350 0.289435600579
1351 0.289435600579
1352 0.289435600579
1353 0.289435600579
1354 0.144717800289
1355 0.144717800289
1356 0.144717800289
1357 0.144717800289
1358 0.144717800289
1359 0.144717800289
1360 0.434153400868
1361 0.868306801737
1362 1.01302460203
1363 1.01302460203
1364 1.01302460203
1365 1.44717800289
1366 1.44717800289
1367 1.44717800289
1368 1.88133140376
1369 1.88133140376
1370 1.88133140376
1371 1.88133140376
1372 2.02604920405
1373 2.02604920405
1374 2.02604920405
1375 2.02604920405
1376 2.02604920405
1377 2.17076700434
1378 2.17076700434
1379 2.31548480463
1380 2.02604920405
1381 1.59189580318
1382 1.44717800289
1383 1.73661360347
1384 1.73661360347
1385 1.3024602026
1386 1.73661360347
1387 1.73661360347
1388 1.3024602026
1389 1.3024602026
1390 1.3024602026
1391 1.44717800289
1392 1.3024602026
1393 1.3024602026
1394 1.3024602026
1395 1.3024602026
1396 1.3024602026
1397 1.01302460203
1398 1.01302460203
1399 0.868306801737
1400 0.868306801737
1401 0.868306801737
1402 0.868306801737
1403 0.578871201158
1404 0.578871201158
1405 0.578871201158
1406 0.289435600579
1407 0.434153400868
1408 0.434153400868
1409 0.578871201158
1410 0.868306801737
1411 0.868306801737
1412 1.01302460203
1413 1.01302460203
1414 1.01302460203
1415 1.15774240232
1416 1.44717800289
1417 1.44717800289
1418 1.59189580318
1419 1.73661360347
1420 1.73661360347
1421 1.88133140376
1422 1.88133140376
1423 2.31548480463
1424 2.46020260492
1425 2.46020260492
1426 2.31548480463
1427 2.17076700434
1428 2.17076700434
1429 2.02604920405
1430 1.73661360347
1431 1.59189580318
1432 1.44717800289
1433 1.44717800289
1434 1.44717800289
1435 1.44717800289
1436 1.15774240232
1437 1.15774240232
1438 1.01302460203
1439 0.868306801737
1440 1.01302460203
1441 0.868306801737
1442 0.868306801737
1443 0.434153400868
1444 0.289435600579
1445 0.289435600579
1446 0.289435600579
1447 0.289435600579
1448 0.434153400868
1449 0.434153400868
1450 0.434153400868
1451 0.434153400868
1452 0.434153400868
1453 0.434153400868
1454 0.434153400868
1455 0.289435600579
1456 0.289435600579
1457 0.289435600579
1458 0.289435600579
1459 0.289435600579
1460 0.289435600579
1461 0.289435600579
1462 0.723589001447
1463 0.868306801737
1464 1.3024602026
1465 1.59189580318
1466 2.02604920405
1467 2.02604920405
1468 1.88133140376
1469 2.02604920405
1470 2.17076700434
1471 2.31548480463
1472 2.46020260492
1473 2.60492040521
1474 2.7496382055
1475 2.89435600579
1476 3.03907380608
1477 3.18379160637
1478 3.18379160637
1479 3.18379160637
1480 3.03907380608
1481 3.03907380608
1482 2.7496382055
1483 2.7496382055
1484 2.46020260492
1485 2.46020260492
1486 2.02604920405
1487 2.02604920405
1488 2.02604920405
1489 1.88133140376
1490 1.88133140376
1491 1.73661360347
1492 1.59189580318
1493 1.44717800289
1494 1.3024602026
1495 1.15774240232
1496 1.01302460203
1497 0.868306801737
1498 0.868306801737
1499 0.868306801737
1500 1.01302460203
1501 1.01302460203
1502 0.868306801737
1503 0.723589001447
1504 0.578871201158
1505 0.289435600579
1506 0.289435600579
1507 0.289435600579
1508 0.289435600579
1509 0.434153400868
1510 0.289435600579
1511 0.289435600579
1512 0.434153400868
1513 0.578871201158
1514 0.723589001447
1515 0.723589001447
1516 0.868306801737
1517 0.868306801737
1518 0.868306801737
1519 1.01302460203
1520 1.01302460203
1521 1.15774240232
1522 1.44717800289
1523 1.59189580318
1524 1.59189580318
1525 1.73661360347
1526 1.73661360347
1527 1.73661360347
1528 1.88133140376
1529 1.73661360347
1530 1.73661360347
1531 1.73661360347
1532 2.02604920405
1533 2.17076700434
1534 2.31548480463
1535 2.60492040521
1536 2.46020260492
1537 2.46020260492
1538 2.46020260492
1539 2.60492040521
1540 2.46020260492
1541 2.31548480463
1542 2.02604920405
1543 1.88133140376
1544 1.88133140376
1545 1.73661360347
1546 1.73661360347
1547 1.73661360347
1548 1.59189580318
1549 1.59189580318
1550 1.73661360347
1551 1.88133140376
1552 1.44717800289
1553 1.15774240232
1554 1.01302460203
1555 0.723589001447
1556 0.723589001447
1557 0.723589001447
1558 0.723589001447
1559 0.578871201158
1560 0.723589001447
1561 0.723589001447
1562 0.723589001447
1563 0.868306801737
1564 1.01302460203
1565 1.01302460203
1566 1.01302460203
1567 1.01302460203
1568 1.15774240232
1569 1.15774240232
1570 1.01302460203
1571 0.868306801737
1572 0.868306801737
1573 0.868306801737
1574 0.723589001447
1575 0.723589001447
1576 0.723589001447
1577 0.723589001447
1578 0.723589001447
1579 0.578871201158
1580 0.434153400868
1581 0.434153400868
1582 0.578871201158
1583 0.434153400868
1584 0.434153400868
1585 0.723589001447
1586 1.15774240232
1587 1.15774240232
1588 1.3024602026
1589 1.3024602026
1590 1.44717800289
1591 1.44717800289
1592 1.44717800289
1593 1.44717800289
1594 1.59189580318
1595 1.73661360347
1596 1.73661360347
1597 1.73661360347
1598 1.73661360347
1599 1.88133140376
1600 1.88133140376
1601 1.88133140376
1602 1.73661360347
1603 1.73661360347
1604 1.59189580318
1605 1.3024602026
1606 0.868306801737
1607 0.868306801737
1608 0.578871201158
1609 0.578871201158
1610 0.434153400868
1611 0.723589001447
1612 0.868306801737
1613 1.01302460203
1614 0.868306801737
1615 0.723589001447
1616 0.723589001447
1617 0.723589001447
1618 1.01302460203
1619 1.01302460203
1620 1.01302460203
1621 1.01302460203
1622 1.15774240232
1623 1.15774240232
1624 1.15774240232
1625 1.3024602026
1626 1.3024602026
1627 1.44717800289
1628 1.59189580318
1629 1.59189580318
1630 1.59189580318
1631 1.3024602026
1632 1.15774240232
1633 1.01302460203
1634 1.15774240232
1635 1.3024602026
1636 1.3024602026
1637 1.3024602026
1638 1.01302460203
1639 1.15774240232
1640 1.15774240232
1641 1.15774240232
1642 1.01302460203
1643 1.01302460203
1644 1.15774240232
1645 1.01302460203
1646 1.01302460203
1647 0.868306801737
1648 0.723589001447
1649 0.723589001447
1650 0.723589001447
1651 0.723589001447
1652 0.868306801737
1653 0.868306801737
1654 0.723589001447
1655 0.578871201158
1656 0.578871201158
1657 0.578871201158
1658 0.578871201158
1659 0.434153400868
1660 0.578871201158
1661 0.868306801737
1662 1.01302460203
1663 1.01302460203
1664 0.868306801737
1665 0.868306801737
1666 1.3024602026
1667 1.44717800289
1668 1.59189580318
1669 1.59189580318
1670 1.88133140376
1671 2.02604920405
1672 1.88133140376
1673 2.31548480463
1674 2.31548480463
1675 2.89435600579
1676 2.89435600579
1677 3.03907380608
1678 3.03907380608
1679 2.89435600579
1680 2.7496382055
1681 2.46020260492
1682 2.60492040521
1683 2.7496382055
1684 2.89435600579
1685 2.89435600579
1686 2.46020260492
1687 2.31548480463
1688 2.17076700434
1689 2.31548480463
1690 2.02604920405
1691 2.17076700434
1692 2.17076700434
1693 1.73661360347
1694 1.73661360347
1695 1.15774240232
1696 1.15774240232
1697 1.01302460203
1698 1.01302460203
1699 1.01302460203
1700 1.01302460203
1701 1.01302460203
1702 0.723589001447
1703 0.578871201158
1704 0.434153400868
1705 0.434153400868
1706 0.434153400868
1707 0.434153400868
1708 0.434153400868
1709 0.434153400868
1710 0.434153400868
1711 0.144717800289
1712 0.289435600579
1713 0.289435600579
1714 0.578871201158
1715 0.723589001447
1716 0.723589001447
1717 0.868306801737
1718 0.868306801737
1719 0.868306801737
1720 1.01302460203
1721 1.15774240232
1722 1.3024602026
1723 1.3024602026
1724 1.44717800289
1725 1.44717800289
1726 1.59189580318
1727 1.59189580318
1728 1.59189580318
1729 1.73661360347
1730 2.02604920405
1731 2.7496382055
1732 3.90738060781
1733 5.499276411
1734 6.51230101302
1735 7.67004341534
1736 9.26193921852
1737 9.98552821997
1738 10.5643994211
1739 10.998552822
1740 11.5774240232
1741 11.5774240232
1742 11.4327062229
1743 11.5774240232
1744 11.5774240232
1745 11.8668596237
1746 11.7221418234
1747 11.7221418234
1748 11.7221418234
1749 11.4327062229
1750 11.2879884226
1751 10.5643994211
1752 9.40665701881
1753 7.95947901592
1754 6.65701881331
1755 5.499276411
1756 3.90738060781
1757 3.18379160637
1758 2.7496382055
1759 2.31548480463
1760 1.59189580318
1761 1.44717800289
1762 1.44717800289
1763 1.3024602026
1764 1.15774240232
1765 0.868306801737
1766 0.868306801737
1767 0.868306801737
1768 1.01302460203
1769 1.01302460203
1770 0.868306801737
1771 0.868306801737
1772 0.723589001447
1773 0.578871201158
1774 0.578871201158
1775 0.434153400868
1776 0.578871201158
1777 0.578871201158
1778 0.578871201158
1779 1.01302460203
1780 1.15774240232
1781 1.3024602026
1782 1.44717800289
1783 1.44717800289
1784 1.59189580318
1785 1.59189580318
1786 1.59189580318
1787 1.73661360347
1788 1.59189580318
1789 1.59189580318
1790 1.59189580318
1791 1.73661360347
1792 1.73661360347
1793 1.73661360347
1794 1.73661360347
1795 1.88133140376
1796 1.73661360347
1797 1.59189580318
1798 1.44717800289
1799 1.01302460203
1800 1.01302460203
1801 0.868306801737
1802 0.723589001447
1803 0.723589001447
1804 0.723589001447
1805 0.723589001447
1806 1.88133140376
1807 2.60492040521
1808 4.92040520984
1809 7.52532561505
1810 13.024602026
1811 19.6816208394
1812 28.6541244573
1813 41.2445730825
1814 55.5716353111
1815 64.3994211288
1816 73.0824891462
1817 78.1476121563
1818 81.1866859624
1819 82.3444283647
1820 82.9232995658
1821 83.7916063676
1822 84.2257597685
1823 84.8046309696
1824 85.3835021708
1825 85.9623733719
1826 84.9493487699
1827 84.2257597685
1828 81.9102749638
1829 79.5947901592
1830 74.2402315485
1831 67.4384949349
1832 58.4659913169
1833 45.8755426918
1834 31.5484804631
1835 22.5759768452
1836 13.8929088278
1837 8.97250361795
1838 6.07814761216
1839 5.06512301013
1840 4.34153400868
1841 3.61794500724
1842 3.18379160637
1843 2.7496382055
1844 2.02604920405
1845 1.44717800289
1846 1.3024602026
1847 1.15774240232
1848 1.15774240232
1849 0.868306801737
1850 0.723589001447
1851 0.723589001447
1852 0.723589001447
1853 0.723589001447
1854 0.868306801737
1855 0.868306801737
1856 0.868306801737
1857 0.723589001447
1858 0.578871201158
1859 0.578871201158
1860 0.578871201158
1861 0.578871201158
1862 0.578871201158
1863 0.434153400868
1864 0.434153400868
1865 0.578871201158
1866 0.578871201158
1867 0.578871201158
1868 0.578871201158
1869 0.578871201158
1870 0.578871201158
1871 0.723589001447
1872 0.868306801737
1873 0.868306801737
1874 1.15774240232
1875 1.15774240232
1876 1.3024602026
1877 1.59189580318
1878 1.59189580318
1879 1.44717800289
1880 1.44717800289
1881 1.3024602026
1882 1.3024602026
1883 1.44717800289
1884 1.73661360347
1885 1.88133140376
1886 2.02604920405
1887 2.02604920405
1888 2.17076700434
1889 2.17076700434
1890 2.17076700434
1891 2.02604920405
1892 1.88133140376
1893 1.88133140376
1894 1.44717800289
1895 1.44717800289
1896 1.3024602026
1897 1.01302460203
1898 1.15774240232
1899 1.15774240232
1900 1.15774240232
1901 1.15774240232
1902 1.15774240232
1903 1.01302460203
1904 0.723589001447
1905 0.434153400868
1906 0.289435600579
1907 0.434153400868
1908 0.289435600579
1909 0.289435600579
1910 0.289435600579
1911 0.289435600579
1912 0.434153400868
1913 0.723589001447
1914 0.723589001447
1915 0.868306801737
1916 0.868306801737
1917 0.868306801737
1918 0.723589001447
1919 0.868306801737
1920 1.01302460203
1921 1.3024602026
1922 1.44717800289
1923 1.44717800289
1924 1.59189580318
1925 1.59189580318
1926 1.59189580318
1927 1.44717800289
1928 1.59189580318
1929 1.59189580318
1930 1.73661360347
1931 2.02604920405
1932 2.02604920405
1933 1.88133140376
1934 2.02604920405
1935 2.17076700434
1936 2.17076700434
1937 2.17076700434
1938 2.17076700434
1939 2.02604920405
1940 1.88133140376
1941 1.59189580318
1942 1.44717800289
1943 1.59189580318
1944 1.44717800289
1945 1.44717800289
1946 1.44717800289
1947 1.59189580318
1948 1.44717800289
1949 1.44717800289
1950 1.3024602026
1951 1.01302460203
1952 0.868306801737
1953 0.723589001447
1954 0.578871201158
1955 0.289435600579
1956 0.289435600579
1957 0.289435600579
1958 0.289435600579
1959 0.434153400868
1960 0.434153400868
1961 0.723589001447
1962 0.723589001447
1963 0.578871201158
1964 0.868306801737
1965 0.868306801737
1966 0.868306801737
1967 0.868306801737
1968 1.15774240232
1969 1.3024602026
1970 1.44717800289
1971 1.44717800289
1972 1.44717800289
1973 1.44717800289
1974 1.59189580318
1975 1.88133140376
1976 1.88133140376
1977 2.17076700434
1978 2.17076700434
1979 2.17076700434
1980 2.17076700434
1981 2.17076700434
1982 2.60492040521
1983 2.89435600579
1984 2.60492040521
1985 2.89435600579
1986 3.03907380608
1987 2.89435600579
1988 2.60492040521
1989 2.46020260492
1990 2.31548480463
1991 2.31548480463
1992 2.31548480463
1993 2.31548480463
1994 2.17076700434
1995 1.88133140376
1996 1.88133140376
1997 1.59189580318
1998 1.59189580318
1999 1.59189580318
2000 1.59189580318
2001 1.3024602026
2002 0.868306801737
2003 0.578871201158
2004 0.578871201158
2005 0.289435600579
2006 0.144717800289
2007 0.144717800289
2008 0.144717800289
2009 0.144717800289
2010 0.289435600579
2011 0.434153400868
2012 0.434153400868
2013 0.434153400868
2014 0.434153400868
2015 0.434153400868
2016 0.434153400868
2017 0.434153400868
2018 0.723589001447
2019 0.723589001447
2020 0.723589001447
2021 0.723589001447
2022 1.3024602026
2023 1.73661360347
2024 1.73661360347
2025 2.31548480463
2026 2.31548480463
2027 2.46020260492
2028 2.46020260492
2029 2.60492040521
2030 2.60492040521
2031 2.7496382055
2032 3.47322720695
2033 4.34153400868
2034 4.63096960926
2035 5.20984081042
2036 5.499276411
2037 6.36758321274
2038 6.51230101302
2039 7.23589001447
2040 7.38060781476
2041 7.52532561505
2042 7.09117221418
2043 6.65701881331
2044 6.65701881331
2045 6.36758321274
2046 6.51230101302
2047 6.51230101302
2048 6.8017366136
2049 6.65701881331
2050 6.51230101302
2051 6.22286541245
2052 5.499276411
2053 4.63096960926
2054 4.63096960926
2055 4.0520984081
2056 3.76266280753
2057 2.89435600579
2058 2.46020260492
2059 1.59189580318
2060 1.73661360347
2061 1.73661360347
2062 1.59189580318
2063 1.59189580318
2064 1.59189580318
2065 1.3024602026
2066 1.15774240232
2067 1.15774240232
2068 0.868306801737
2069 0.868306801737
2070 1.01302460203
2071 1.15774240232
2072 1.15774240232
2073 1.15774240232
2074 0.868306801737
2075 0.868306801737
2076 1.01302460203
2077 1.15774240232
2078 1.3024602026
2079 2.60492040521
2080 9.11722141823
2081 28.7988422576
2082 51.2301013025
2083 63.6758321274
2084 69.7539797395
2085 73.2272069465
2086 74.5296671491
2087 75.1085383502
2088 75.2532561505
2089 75.3979739508
2090 75.2532561505
2091 75.1085383502
2092 75.1085383502
2093 75.1085383502
2094 75.1085383502
2095 75.1085383502
2096 75.2532561505
2097 75.1085383502
2098 74.9638205499
2099 73.8060781476
2100 67.1490593343
2101 47.3227206946
2102 24.8914616498
2103 12.4457308249
2104 6.36758321274
2105 2.89435600579
2106 1.73661360347
2107 1.01302460203
2108 0.868306801737
2109 0.723589001447
2110 0.723589001447
2111 0.723589001447
2112 1.01302460203
2113 1.15774240232
2114 1.3024602026
2115 1.3024602026
2116 1.01302460203
2117 1.01302460203
2118 1.01302460203
2119 0.868306801737
2120 0.723589001447
2121 1.01302460203
2122 1.15774240232
2123 1.3024602026
2124 1.3024602026
2125 1.73661360347
2126 1.73661360347
2127 1.88133140376
2128 2.17076700434
2129 2.17076700434
2130 2.31548480463
2131 2.31548480463
2132 2.02604920405
2133 1.88133140376
2134 1.73661360347
2135 1.73661360347
2136 1.73661360347
2137 1.73661360347
2138 1.73661360347
2139 1.73661360347
2140 1.88133140376
2141 1.59189580318
2142 1.44717800289
2143 1.3024602026
2144 1.73661360347
2145 1.44717800289
2146 1.3024602026
2147 1.15774240232
2148 0.868306801737
2149 1.01302460203
2150 1.01302460203
2151 1.3024602026
2152 1.59189580318
2153 1.88133140376
2154 2.02604920405
2155 2.17076700434
2156 2.17076700434
2157 2.7496382055
2158 2.7496382055
2159 3.03907380608
2160 3.18379160637
2161 3.18379160637
2162 3.47322720695
2163 3.47322720695
2164 3.32850940666
2165 3.76266280753
2166 3.76266280753
2167 4.0520984081
2168 4.19681620839
2169 4.0520984081
2170 3.90738060781
2171 3.90738060781
2172 3.61794500724
2173 3.47322720695
2174 3.47322720695
2175 3.32850940666
2176 3.32850940666
2177 2.7496382055
2178 3.03907380608
2179 2.89435600579
2180 2.7496382055
2181 2.7496382055
2182 3.03907380608
2183 3.03907380608
2184 3.03907380608
2185 2.60492040521
2186 2.60492040521
2187 2.31548480463
2188 2.17076700434
2189 2.17076700434
2190 2.17076700434
2191 1.88133140376
2192 1.88133140376
2193 1.73661360347
2194 1.59189580318
2195 1.59189580318
2196 1.73661360347
2197 1.73661360347
2198 1.44717800289
2199 1.3024602026
2200 1.15774240232
2201 1.15774240232
2202 0.578871201158
2203 0.578871201158
2204 0.289435600579
2205 0.144717800289
2206 0.434153400868
2207 0.434153400868
2208 0.434153400868
2209 0.578871201158
2210 0.578871201158
2211 0.723589001447
2212 0.723589001447
2213 0.723589001447
2214 0.723589001447
2215 0.723589001447
2216 1.15774240232
2217 1.3024602026
2218 1.3024602026
2219 1.3024602026
2220 1.44717800289
2221 1.44717800289
2222 1.44717800289
2223 1.59189580318
2224 1.73661360347
2225 1.73661360347
2226 1.44717800289
2227 1.59189580318
2228 1.59189580318
2229 1.44717800289
2230 1.44717800289
2231 1.3024602026
2232 1.3024602026
2233 1.44717800289
2234 1.44717800289
2235 1.44717800289
2236 0.868306801737
2237 0.723589001447
2238 0.723589001447
2239 0.723589001447
2240 0.578871201158
2241 0.578871201158
2242 0.578871201158
2243 0.434153400868
2244 0.289435600579
2245 0.289435600579
2246 0.289435600579
2247 0.144717800289
2248 0.144717800289
2249 0.144717800289
2250 0.144717800289
2251 0.144717800289
2252 0.144717800289
2253 0.144717800289
2254 0.144717800289
2255 0.144717800289
2256 0.144717800289
2257 0.289435600579
2258 0.289435600579
2259 0.578871201158
2260 0.723589001447
2261 0.868306801737
2262 0.868306801737
2263 0.868306801737
2264 1.01302460203
2265 1.01302460203
2266 1.01302460203
2267 1.15774240232
2268 1.44717800289
2269 1.73661360347
2270 2.02604920405
2271 2.02604920405
2272 2.17076700434
2273 2.17076700434
2274 2.17076700434
2275 2.31548480463
2276 2.31548480463
2277 2.31548480463
2278 2.31548480463
2279 2.17076700434
2280 2.02604920405
2281 1.88133140376
2282 2.02604920405
2283 2.31548480463
2284 2.46020260492
2285 2.46020260492
2286 2.60492040521
2287 2.60492040521
2288 2.31548480463
2289 2.02604920405
2290 1.73661360347
2291 1.73661360347
2292 1.59189580318
2293 1.44717800289
2294 1.44717800289
2295 1.44717800289
2296 1.44717800289
2297 1.3024602026
2298 1.3024602026
2299 1.15774240232
2300 1.15774240232
2301 1.3024602026
2302 1.15774240232
2303 0.868306801737
2304 0.578871201158
2305 0.723589001447
2306 0.578871201158
2307 0.434153400868
2308 0.434153400868
2309 0.434153400868
2310 0.868306801737
2311 0.868306801737
2312 0.868306801737
2313 0.868306801737
2314 0.868306801737
2315 0.723589001447
2316 0.723589001447
2317 0.723589001447
2318 0.723589001447
2319 1.01302460203
2320 1.15774240232
2321 1.01302460203
2322 1.3024602026
2323 1.44717800289
2324 1.44717800289
2325 1.59189580318
2326 1.59189580318
2327 1.59189580318
2328 1.88133140376
2329 1.88133140376
2330 1.59189580318
2331 1.59189580318
2332 2.31548480463
2333 3.18379160637
2334 3.61794500724
2335 4.19681620839
2336 4.19681620839
2337 4.63096960926
2338 5.20984081042
2339 4.92040520984
2340 4.92040520984
2341 4.92040520984
2342 4.63096960926
2343 4.48625180897
2344 4.48625180897
2345 4.19681620839
2346 4.19681620839
2347 4.19681620839
2348 3.90738060781
2349 3.90738060781
2350 3.90738060781
2351 3.90738060781
2352 3.18379160637
2353 2.31548480463
2354 1.88133140376
2355 1.3024602026
2356 1.3024602026
2357 0.868306801737
2358 0.434153400868
2359 0.723589001447
2360 0.578871201158
2361 0.578871201158
2362 0.723589001447
2363 0.723589001447
2364 0.723589001447
2365 0.723589001447
2366 0.723589001447
2367 0.868306801737
2368 0.868306801737
2369 0.868306801737
2370 0.723589001447
2371 0.723589001447
2372 0.723589001447
2373 0.723589001447
2374 0.723589001447
2375 0.723589001447
2376 0.868306801737
2377 1.01302460203
2378 1.01302460203
2379 0.723589001447
2380 0.723589001447
2381 0.723589001447
2382 0.578871201158
2383 0.578871201158
2384 0.723589001447
2385 0.723589001447
2386 0.868306801737
2387 0.868306801737
2388 0.868306801737
2389 1.01302460203
2390 1.01302460203
2391 1.01302460203
2392 1.15774240232
2393 1.3024602026
2394 1.3024602026
2395 1.3024602026
2396 1.15774240232
2397 1.01302460203
2398 0.868306801737
2399 0.868306801737
2400 0.868306801737
2401 0.868306801737
2402 1.01302460203
2403 1.01302460203
2404 0.868306801737
2405 0.868306801737
2406 0.868306801737
2407 0.868306801737
2408 1.01302460203
2409 1.01302460203
2410 1.15774240232
2411 1.15774240232
2412 1.01302460203
2413 1.01302460203
2414 1.44717800289
2415 1.59189580318
2416 1.59189580318
2417 1.59189580318
2418 1.73661360347
2419 1.73661360347
2420 1.73661360347
2421 1.73661360347
2422 1.59189580318
2423 1.59189580318
2424 1.73661360347
2425 1.88133140376
2426 1.73661360347
2427 1.59189580318
2428 1.44717800289
2429 1.3024602026
2430 1.15774240232
2431 1.15774240232
2432 1.15774240232
2433 1.01302460203
2434 0.868306801737
2435 0.723589001447
2436 1.01302460203
2437 1.01302460203
2438 0.868306801737
2439 0.868306801737
2440 0.868306801737
2441 0.868306801737
2442 0.868306801737
2443 1.01302460203
2444 1.01302460203
2445 0.868306801737
2446 0.868306801737
2447 0.868306801737
2448 0.868306801737
2449 0.868306801737
2450 0.868306801737
2451 0.868306801737
2452 0.868306801737
2453 0.868306801737
2454 0.723589001447
2455 0.868306801737
2456 0.723589001447
2457 0.723589001447
2458 0.723589001447
2459 0.868306801737
2460 0.868306801737
2461 0.868306801737
2462 0.868306801737
2463 0.723589001447
2464 0.578871201158
2465 0.868306801737
2466 0.868306801737
2467 0.868306801737
2468 0.868306801737
2469 0.868306801737
2470 1.01302460203
2471 1.3024602026
2472 1.44717800289
2473 1.59189580318
2474 1.44717800289
2475 1.3024602026
2476 1.15774240232
2477 1.3024602026
2478 1.44717800289
2479 1.3024602026
2480 1.3024602026
2481 1.44717800289
2482 1.44717800289
2483 1.59189580318
2484 1.59189580318
2485 1.44717800289
2486 1.44717800289
2487 1.59189580318
2488 1.88133140376
2489 1.88133140376
2490 1.73661360347
2491 1.44717800289
2492 1.3024602026
2493 1.15774240232
2494 1.3024602026
2495 1.3024602026
2496 1.3024602026
2497 1.15774240232
2498 1.15774240232
2499 1.15774240232
2500 1.15774240232
2501 1.01302460203
2502 1.01302460203
2503 0.868306801737
2504 0.868306801737
2505 0.723589001447
2506 1.01302460203
2507 0.868306801737
2508 0.723589001447
2509 0.868306801737
2510 0.868306801737
2511 1.44717800289
2512 1.73661360347
2513 1.88133140376
2514 1.88133140376
2515 1.88133140376
2516 2.02604920405
2517 2.02604920405
2518 2.02604920405
2519 2.02604920405
2520 2.31548480463
2521 2.31548480463
2522 2.31548480463
2523 2.31548480463
2524 2.31548480463
2525 2.31548480463
2526 2.02604920405
2527 2.17076700434
2528 2.02604920405
2529 1.88133140376
2530 1.88133140376
2531 1.3024602026
2532 1.3024602026
2533 1.3024602026
2534 1.3024602026
2535 1.3024602026
2536 1.3024602026
2537 1.3024602026
2538 1.15774240232
2539 1.15774240232
2540 0.868306801737
2541 1.01302460203
2542 1.01302460203
2543 1.01302460203
2544 1.01302460203
2545 1.01302460203
2546 1.15774240232
2547 1.01302460203
2548 1.01302460203
2549 1.01302460203
2550 1.01302460203
2551 1.01302460203
2552 0.723589001447
2553 0.578871201158
2554 0.434153400868
2555 0.434153400868
2556 0.434153400868
2557 0.723589001447
2558 0.723589001447
2559 1.3024602026
2560 1.73661360347
2561 2.31548480463
2562 4.63096960926
2563 7.23589001447
2564 9.5513748191
2565 12.7351664255
2566 18.0897250362
2567 22.1418234443
2568 27.496382055
2569 31.2590448625
2570 36.6136034732
2571 40.2315484805
2572 43.5600578871
2573 46.3096960926
2574 48.7698986975
2575 50.0723589001
2576 50.0723589001
2577 50.0723589001
2578 50.506512301
2579 50.2170767004
2580 49.9276410999
2581 49.3487698987
2582 47.1780028944
2583 44.7178002894
2584 42.5470332851
2585 39.3632416787
2586 33.8639652677
2587 29.8118668596
2588 24.4573082489
2589 20.6946454414
2590 15.3400868307
2591 11.7221418234
2592 8.53835021708
2593 5.78871201158
2594 3.32850940666
2595 2.02604920405
2596 1.88133140376
2597 1.59189580318
2598 1.3024602026
2599 1.01302460203
2600 0.868306801737
2601 0.868306801737
2602 0.723589001447
2603 0.578871201158
2604 0.434153400868
2605 0.578871201158
2606 0.723589001447
2607 0.868306801737
2608 0.868306801737
2609 1.3024602026
2610 1.3024602026
2611 1.3024602026
2612 1.15774240232
2613 1.15774240232
2614 1.15774240232
2615 1.3024602026
2616 1.3024602026
2617 1.3024602026
2618 1.3024602026
2619 1.3024602026
2620 1.44717800289
2621 1.3024602026
2622 1.3024602026
2623 1.3024602026
2624 1.3024602026
2625 1.44717800289
2626 1.3024602026
2627 1.3024602026
2628 1.3024602026
2629 0.868306801737
2630 0.868306801737
2631 0.868306801737
2632 1.01302460203
2633 1.01302460203
2634 1.01302460203
2635 0.868306801737
2636 0.868306801737
2637 0.868306801737
2638 0.723589001447
2639 0.723589001447
2640 0.723589001447
2641 0.723589001447
2642 0.868306801737
2643 0.868306801737
2644 1.01302460203
2645 0.723589001447
2646 0.723589001447
2647 0.578871201158
2648 0.578871201158
2649 0.578871201158
2650 0.723589001447
2651 0.868306801737
2652 0.723589001447
2653 0.723589001447
2654 0.723589001447
2655 0.723589001447
2656 0.868306801737
2657 0.868306801737
2658 0.868306801737
2659 1.3024602026
2660 1.3024602026
2661 1.3024602026
2662 1.15774240232
2663 1.3024602026
2664 1.44717800289
2665 1.44717800289
2666 1.73661360347
2667 2.02604920405
2668 2.31548480463
2669 2.46020260492
2670 2.31548480463
2671 2.17076700434
2672 2.17076700434
2673 2.31548480463
2674 2.31548480463
2675 2.31548480463
2676 2.46020260492
2677 2.60492040521
2678 2.7496382055
2679 2.31548480463
2680 2.46020260492
2681 2.46020260492
2682 2.7496382055
2683 2.60492040521
2684 2.46020260492
2685 2.7496382055
2686 2.46020260492
2687 2.17076700434
2688 1.88133140376
2689 1.73661360347
2690 1.73661360347
2691 1.73661360347
2692 1.73661360347
2693 1.59189580318
2694 1.59189580318
2695 1.59189580318
2696 1.3024602026
2697 1.15774240232
2698 1.01302460203
2699 1.01302460203
2700 0.723589001447
2701 0.723589001447
2702 0.434153400868
2703 0.434153400868
2704 0.289435600579
2705 0.144717800289
2706 0.289435600579
2707 0.289435600579
2708 0.434153400868
2709 0.578871201158
2710 0.723589001447
2711 1.01302460203
2712 1.15774240232
2713 1.15774240232
2714 1.44717800289
2715 1.44717800289
2716 1.44717800289
2717 1.73661360347
2718 1.88133140376
2719 2.02604920405
2720 2.02604920405
2721 2.17076700434
2722 2.60492040521
2723 2.7496382055
2724 2.7496382055
2725 2.60492040521
2726 2.46020260492
2727 2.46020260492
2728 2.31548480463
2729 2.17076700434
2730 2.17076700434
2731 1.88133140376
2732 1.73661360347
2733 1.73661360347
2734 1.59189580318
2735 1.59189580318
2736 1.59189580318
2737 1.44717800289
2738 1.3024602026
2739 1.15774240232
2740 1.15774240232
2741 1.01302460203
2742 0.578871201158
2743 0.578871201158
2744 0.723589001447
2745 0.723589001447
2746 0.723589001447
2747 0.723589001447
2748 0.723589001447
2749 0.723589001447
2750 0.578871201158
2751 0.578871201158
2752 0.578871201158
2753 0.578871201158
2754 0.578871201158
2755 0.578871201158
2756 0.868306801737
2757 0.868306801737
2758 1.01302460203
2759 1.01302460203
2760 1.3024602026
2761 1.44717800289
2762 1.44717800289
2763 1.3024602026
2764 1.15774240232
2765 1.15774240232
2766 1.15774240232
2767 1.15774240232
2768 1.15774240232
2769 1.3024602026
2770 1.44717800289
2771 1.44717800289
2772 1.44717800289
2773 1.59189580318
2774 1.59189580318
2775 1.59189580318
2776 1.3024602026
2777 1.15774240232
2778 1.01302460203
2779 1.15774240232
2780 1.01302460203
2781 0.868306801737
2782 0.868306801737
2783 0.868306801737
2784 0.868306801737
2785 0.868306801737
2786 0.868306801737
2787 0.868306801737
2788 0.868306801737
2789 0.723589001447
2790 0.578871201158
2791 0.723589001447
2792 0.868306801737
2793 0.723589001447
2794 0.578871201158
2795 0.578871201158
2796 0.578871201158
2797 0.578871201158
2798 0.578871201158
2799 0.578871201158
2800 0.578871201158
2801 0.578871201158
2802 0.578871201158
2803 0.578871201158
2804 0.578871201158
2805 0.723589001447
2806 0.723589001447
2807 1.15774240232
2808 1.15774240232
2809 1.3024602026
2810 1.59189580318
2811 1.73661360347
2812 1.73661360347
2813 1.73661360347
2814 1.88133140376
2815 2.17076700434
2816 2.31548480463
2817 2.46020260492
2818 2.46020260492
2819 2.31548480463
2820 2.60492040521
2821 2.60492040521
2822 3.03907380608
2823 3.03907380608
2824 3.18379160637
2825 3.03907380608
2826 3.18379160637
2827 2.7496382055
2828 2.89435600579
2829 2.7496382055
2830 2.60492040521
2831 2.31548480463
2832 2.31548480463
2833 2.31548480463
2834 2.17076700434
2835 2.02604920405
2836 2.02604920405
2837 1.88133140376
2838 1.88133140376
2839 1.88133140376
2840 1.44717800289
2841 1.44717800289
2842 1.01302460203
2843 1.01302460203
2844 0.868306801737
2845 0.868306801737
2846 0.723589001447
2847 0.723589001447
2848 0.578871201158
2849 0.578871201158
2850 0.434153400868
2851 0.578871201158
2852 0.434153400868
2853 0.434153400868
2854 0.434153400868
2855 0.289435600579
2856 0.144717800289
2857 0.144717800289
2858 0.144717800289
2859 0.144717800289
2860 0.144717800289
2861 0.289435600579
2862 0.289435600579
2863 0.578871201158
2864 0.578871201158
2865 0.578871201158
2866 0.723589001447
2867 1.01302460203
2868 1.15774240232
2869 1.3024602026
2870 1.59189580318
2871 1.59189580318
2872 1.59189580318
2873 1.73661360347
2874 1.88133140376
2875 2.02604920405
2876 2.17076700434
2877 2.17076700434
2878 2.17076700434
2879 2.31548480463
2880 2.31548480463
2881 2.17076700434
2882 2.31548480463
2883 2.17076700434
2884 2.46020260492
2885 2.60492040521
2886 2.60492040521
2887 2.46020260492
2888 2.31548480463
2889 2.17076700434
2890 1.88133140376
2891 1.73661360347
2892 1.73661360347
2893 1.59189580318
2894 1.44717800289
2895 1.3024602026
2896 1.3024602026
2897 1.3024602026
2898 1.3024602026
2899 1.15774240232
2900 1.15774240232
2901 1.15774240232
2902 1.15774240232
2903 1.01302460203
2904 0.723589001447
2905 0.578871201158
2906 0.434153400868
2907 0.434153400868
2908 0.578871201158
2909 0.578871201158
2910 0.723589001447
2911 0.868306801737
2912 1.01302460203
2913 1.01302460203
2914 1.15774240232
2915 1.3024602026
2916 1.15774240232
2917 1.3024602026
2918 1.3024602026
2919 1.3024602026
2920 1.3024602026
2921 1.44717800289
2922 1.3024602026
2923 1.3024602026
2924 1.3024602026
2925 1.44717800289
2926 1.44717800289
2927 1.44717800289
2928 1.3024602026
2929 1.3024602026
2930 1.15774240232
2931 1.01302460203
2932 1.01302460203
2933 1.01302460203
2934 0.868306801737
2935 0.723589001447
2936 0.723589001447
2937 0.578871201158
2938 0.723589001447
2939 0.868306801737
2940 0.868306801737
2941 0.723589001447
2942 0.723589001447
2943 0.723589001447
2944 0.723589001447
2945 0.578871201158
2946 0.723589001447
2947 0.578871201158
2948 0.578871201158
2949 0.578871201158
2950 0.578871201158
2951 0.578871201158
2952 0.578871201158
2953 0.578871201158
2954 0.723589001447
2955 0.723589001447
2956 0.868306801737
2957 0.868306801737
2958 0.868306801737
2959 0.723589001447
2960 1.01302460203
2961 1.15774240232
2962 1.3024602026
2963 1.3024602026
2964 1.44717800289
2965 1.44717800289
2966 1.44717800289
2967 1.44717800289
2968 1.44717800289
2969 1.59189580318
2970 1.73661360347
2971 2.17076700434
2972 2.31548480463
2973 2.46020260492
2974 2.31548480463
2975 2.60492040521
2976 2.46020260492
2977 2.46020260492
2978 2.31548480463
2979 2.31548480463
2980 2.02604920405
2981 1.88133140376
2982 2.02604920405
2983 2.17076700434
2984 2.31548480463
2985 2.31548480463
2986 2.31548480463
2987 2.60492040521
2988 2.60492040521
2989 2.60492040521
2990 2.60492040521
2991 2.17076700434
2992 1.88133140376
2993 1.73661360347
2994 1.73661360347
2995 1.44717800289
2996 1.44717800289
2997 1.44717800289
2998 1.59189580318
2999 1.59189580318
3000 1.59189580318
3001 1.59189580318
3002 1.44717800289
3003 1.3024602026
3004 1.01302460203
3005 1.01302460203
3006 0.868306801737
3007 0.868306801737
3008 1.01302460203
3009 0.868306801737
3010 0.723589001447
3011 0.723589001447
3012 0.723589001447
3013 1.01302460203
3014 1.01302460203
3015 1.15774240232
3016 1.15774240232
3017 1.3024602026
3018 1.3024602026
3019 1.59189580318
3020 1.88133140376
3021 1.88133140376
3022 1.73661360347
3023 1.88133140376
3024 2.02604920405
3025 2.02604920405
3026 2.31548480463
3027 2.02604920405
3028 1.88133140376
3029 1.88133140376
3030 1.88133140376
3031 1.88133140376
3032 2.02604920405
3033 1.73661360347
3034 2.02604920405
3035 1.88133140376
3036 1.88133140376
3037 1.88133140376
3038 1.73661360347
3039 1.44717800289
3040 1.3024602026
3041 1.3024602026
3042 1.3024602026
3043 1.3024602026
3044 1.15774240232
3045 1.15774240232
3046 0.868306801737
3047 0.868306801737
3048 0.868306801737
3049 0.868306801737
3050 0.868306801737
3051 0.868306801737
3052 0.723589001447
3053 0.723589001447
3054 0.434153400868
3055 0.434153400868
3056 0.434153400868
3057 0.578871201158
3058 0.578871201158
3059 0.723589001447
3060 0.868306801737
3061 1.01302460203
3062 1.44717800289
3063 1.59189580318
3064 1.88133140376
3065 1.88133140376
3066 1.88133140376
3067 1.88133140376
3068 1.88133140376
3069 1.88133140376
3070 1.88133140376
3071 1.88133140376
3072 2.02604920405
3073 2.02604920405
3074 2.31548480463
3075 2.46020260492
3076 2.46020260492
3077 2.17076700434
3078 2.17076700434
3079 2.02604920405
3080 1.73661360347
3081 1.73661360347
3082 1.3024602026
3083 1.15774240232
3084 0.868306801737
3085 0.868306801737
3086 0.868306801737
3087 0.868306801737
3088 0.868306801737
3089 1.15774240232
3090 1.15774240232
3091 1.15774240232
3092 1.01302460203
3093 1.01302460203
3094 0.723589001447
3095 0.578871201158
3096 0.578871201158
3097 0.723589001447
3098 0.723589001447
3099 0.723589001447
3100 0.723589001447
3101 0.578871201158
3102 0.578871201158
3103 0.434153400868
3104 0.578871201158
3105 0.578871201158
3106 0.578871201158
3107 0.578871201158
3108 0.578871201158
3109 0.289435600579
3110 0.289435600579
3111 0.578871201158
3112 0.578871201158
3113 0.578871201158
3114 0.723589001447
3115 0.723589001447
3116 0.868306801737
3117 0.723589001447
3118 0.723589001447
3119 0.868306801737
3120 1.15774240232
3121 1.15774240232
3122 1.3024602026
3123 1.3024602026
3124 1.15774240232
3125 1.44717800289
3126 1.59189580318
3127 1.59189580318
3128 1.88133140376
3129 2.02604920405
3130 2.02604920405
3131 1.73661360347
3132 1.73661360347
3133 2.02604920405
3134 1.88133140376
3135 1.88133140376
3136 1.88133140376
3137 1.88133140376
3138 2.02604920405
3139 1.88133140376
3140 1.59189580318
3141 1.59189580318
3142 1.44717800289
3143 1.59189580318
3144 1.59189580318
3145 1.3024602026
3146 1.15774240232
3147 1.15774240232
3148 0.868306801737
3149 0.723589001447
3150 0.723589001447
3151 0.723589001447
3152 0.723589001447
3153 0.434153400868
3154 0.434153400868
3155 0.434153400868
3156 0.289435600579
3157 0.289435600579
3158 0.144717800289
3159 0.144717800289
3160 0.144717800289
3161 0.144717800289
3162 0.144717800289
3163 0.0
3164 0.144717800289
3165 0.144717800289
3166 0.144717800289
3167 0.144717800289
3168 0.289435600579
3169 0.289435600579
3170 0.289435600579
3171 0.434153400868
3172 0.434153400868
3173 0.434153400868
3174 0.434153400868
3175 0.434153400868
3176 0.434153400868
3177 0.434153400868
3178 0.434153400868
3179 0.434153400868
3180 0.434153400868
3181 0.434153400868
3182 0.434153400868
3183 0.578871201158
3184 0.434153400868
3185 0.434153400868
3186 0.578871201158
3187 0.578871201158
3188 0.434153400868
3189 0.434153400868
3190 0.578871201158
3191 0.434153400868
3192 0.578871201158
3193 0.723589001447
3194 0.723589001447
3195 0.723589001447
3196 0.723589001447
3197 1.01302460203
3198 1.01302460203
3199 1.01302460203
3200 1.01302460203
3201 1.01302460203
3202 1.15774240232
3203 1.01302460203
3204 1.01302460203
3205 1.01302460203
3206 1.01302460203
3207 1.01302460203
3208 1.01302460203
3209 1.01302460203
3210 1.01302460203
3211 1.15774240232
3212 1.15774240232
3213 1.01302460203
3214 1.01302460203
3215 1.01302460203
3216 1.01302460203
3217 0.723589001447
3218 0.723589001447
3219 0.723589001447
3220 0.868306801737
3221 1.01302460203
3222 0.868306801737
3223 0.868306801737
3224 0.868306801737
3225 0.868306801737
3226 0.723589001447
3227 0.723589001447
3228 0.868306801737
3229 1.01302460203
3230 0.868306801737
3231 0.723589001447
3232 0.578871201158
3233 1.01302460203
3234 1.15774240232
3235 1.73661360347
3236 1.73661360347
3237 1.73661360347
3238 1.73661360347
3239 1.88133140376
3240 1.73661360347
3241 1.59189580318
3242 1.73661360347
3243 1.73661360347
3244 1.73661360347
3245 1.73661360347
3246 1.73661360347
3247 1.73661360347
3248 1.59189580318
3249 1.44717800289
3250 1.44717800289
3251 1.44717800289
3252 1.44717800289
3253 1.01302460203
3254 0.868306801737
3255 0.289435600579
3256 0.289435600579
3257 0.289435600579
3258 0.434153400868
3259 0.434153400868
3260 0.578871201158
3261 1.15774240232
3262 1.01302460203
3263 1.01302460203
3264 1.01302460203
3265 1.15774240232
3266 1.44717800289
3267 1.73661360347
3268 1.88133140376
3269 2.02604920405
3270 2.02604920405
3271 2.17076700434
3272 2.17076700434
3273 2.17076700434
3274 2.7496382055
3275 2.89435600579
3276 3.03907380608
3277 3.03907380608
3278 3.03907380608
3279 3.03907380608
3280 3.03907380608
3281 2.60492040521
3282 2.7496382055
3283 2.7496382055
3284 2.89435600579
3285 2.89435600579
3286 2.60492040521
3287 2.31548480463
3288 2.17076700434
3289 2.02604920405
3290 2.02604920405
3291 1.88133140376
3292 2.02604920405
3293 2.02604920405
3294 1.44717800289
3295 1.3024602026
3296 1.15774240232
3297 1.15774240232
3298 1.01302460203
3299 1.01302460203
3300 0.868306801737
3301 0.723589001447
3302 0.578871201158
3303 0.723589001447
3304 0.578871201158
3305 0.434153400868
3306 0.434153400868
3307 0.578871201158
3308 0.723589001447
3309 0.868306801737
3310 1.15774240232
3311 1.15774240232
3312 1.01302460203
3313 1.15774240232
3314 1.15774240232
3315 1.3024602026
3316 1.44717800289
3317 1.59189580318
3318 1.73661360347
3319 1.59189580318
3320 1.59189580318
3321 1.73661360347
3322 1.73661360347
3323 1.59189580318
3324 1.59189580318
3325 1.59189580318
3326 1.59189580318
3327 1.73661360347
3328 1.59189580318
3329 1.44717800289
3330 1.3024602026
3331 1.44717800289
3332 1.59189580318
3333 1.59189580318
3334 1.59189580318
3335 1.44717800289
3336 1.3024602026
3337 1.3024602026
3338 1.15774240232
3339 1.15774240232
3340 1.15774240232
3341 1.01302460203
3342 1.15774240232
3343 1.15774240232
3344 1.15774240232
3345 1.15774240232
3346 1.15774240232
3347 0.868306801737
3348 0.868306801737
3349 0.868306801737
3350 0.723589001447
3351 0.578871201158
3352 0.434153400868
3353 0.289435600579
3354 0.434153400868
3355 0.434153400868
3356 0.723589001447
3357 0.723589001447
3358 0.868306801737
3359 1.15774240232
3360 1.3024602026
3361 1.3024602026
3362 1.3024602026
3363 1.44717800289
3364 1.59189580318
3365 1.88133140376
3366 2.02604920405
3367 2.02604920405
3368 2.17076700434
3369 2.31548480463
3370 2.7496382055
3371 2.89435600579
3372 2.89435600579
3373 3.03907380608
3374 3.03907380608
3375 3.03907380608
3376 2.7496382055
3377 2.60492040521
3378 2.60492040521
3379 2.46020260492
3380 2.31548480463
3381 2.31548480463
3382 2.17076700434
3383 2.31548480463
3384 2.17076700434
3385 1.88133140376
3386 1.73661360347
3387 1.73661360347
3388 1.73661360347
3389 1.73661360347
3390 1.3024602026
3391 1.15774240232
3392 1.15774240232
3393 1.01302460203
3394 0.868306801737
3395 0.868306801737
3396 0.868306801737
3397 0.868306801737
3398 0.723589001447
3399 0.578871201158
3400 0.578871201158
3401 0.578871201158
3402 0.578871201158
3403 0.289435600579
3404 0.289435600579
3405 0.289435600579
3406 0.289435600579
3407 0.289435600579
3408 0.434153400868
3409 0.289435600579
3410 0.434153400868
3411 0.578871201158
3412 0.578871201158
3413 0.723589001447
3414 0.723589001447
3415 0.723589001447
3416 0.868306801737
3417 0.868306801737
3418 0.868306801737
3419 0.868306801737
3420 1.01302460203
3421 1.15774240232
3422 1.44717800289
3423 1.44717800289
3424 1.44717800289
3425 1.73661360347
3426 1.73661360347
3427 1.88133140376
3428 1.59189580318
3429 1.59189580318
3430 1.59189580318
3431 1.59189580318
3432 1.59189580318
3433 1.44717800289
3434 1.59189580318
3435 1.59189580318
3436 1.73661360347
3437 1.73661360347
3438 2.02604920405
3439 2.02604920405
3440 1.88133140376
3441 1.73661360347
3442 1.44717800289
3443 1.44717800289
3444 1.44717800289
3445 1.15774240232
3446 1.15774240232
3447 1.01302460203
3448 1.01302460203
3449 1.01302460203
3450 0.868306801737
