0 0.144717800289
1 0.434153400868
2 0.434153400868
3 0.434153400868
4 0.723589001447
5 0.723589001447
6 1.01302460203
7 1.01302460203
8 1.44717800289
9 1.73661360347
10 1.88133140376
11 2.02604920405
12 2.31548480463
13 2.31548480463
14 2.46020260492
15 2.60492040521
16 2.7496382055
17 2.7496382055
18 2.89435600579
19 3.03907380608
20 2.89435600579
21 2.89435600579
22 2.89435600579
23 2.89435600579
24 2.60492040521
25 2.7496382055
26 2.46020260492
27 2.46020260492
28 2.02604920405
29 1.88133140376
30 1.73661360347
31 1.73661360347
32 1.44717800289
33 1.44717800289
34 1.3024602026
35 1.15774240232
36 1.01302460203
37 1.01302460203
38 0.868306801737
39 0.723589001447
40 0.723589001447
41 0.434153400868
42 0.434153400868
43 0.434153400868
44 0.434153400868
45 0.289435600579
46 0.289435600579
47 0.289435600579
48 0.289435600579
49 0.144717800289
50 0.144717800289
51 0.0
52 0.0
53 0.0
54 0.144717800289
55 0.144717800289
56 0.144717800289
57 0.144717800289
58 0.144717800289
59 0.144717800289
60 0.289435600579
61 0.289435600579
62 0.289435600579
63 0.289435600579
64 0.289435600579
65 0.289435600579
66 0.289435600579
67 0.434153400868
68 0.434153400868
69 0.434153400868
70 0.434153400868
71 0.434153400868
72 0.434153400868
73 0.578871201158
74 0.434153400868
75 0.434153400868
76 0.434153400868
77 0.434153400868
78 0.434153400868
79 0.434153400868
80 0.289435600579
81 0.434153400868
82 0.578871201158
83 0.578871201158
84 0.723589001447
85 0.723589001447
86 0.723589001447
87 0.578871201158
88 0.578871201158
89 0.578871201158
90 0.578871201158
91 0.578871201158
92 0.578871201158
93 0.434153400868
94 0.434153400868
95 0.434153400868
96 0.434153400868
97 0.434153400868
98 0.434153400868
99 0.434153400868
100 0.434153400868
101 0.289435600579
102 0.144717800289
103 0.144717800289
104 0.0
105 0.0
106 0.0
107 0.0
108 0.0
109 0.0
110 0.0
111 0.144717800289
112 0.144717800289
113 0.144717800289
114 0.434153400868
115 0.434153400868
116 0.434153400868
117 0.434153400868
118 0.434153400868
119 0.578871201158
120 0.578871201158
121 0.578871201158
122 0.578871201158
123 0.578871201158
124 0.578871201158
125 0.578871201158
126 0.578871201158
127 0.578871201158
128 0.578871201158
129 0.578871201158
130 0.578871201158
131 0.434153400868
132 0.434153400868
133 0.434153400868
134 0.144717800289
135 0.144717800289
136 0.144717800289
137 0.144717800289
138 0.144717800289
139 0.0
140 0.0
141 0.0
142 0.0
143 0.0
144 0.0
145 0.0
146 0.0
147 0.0
148 0.0
149 0.0
150 0.0
151 0.0
152 0.0
153 0.0
154 0.0
155 0.0
156 0.0
157 0.0
158 0.0
159 0.0
160 0.144717800289
161 0.289435600579
162 0.434153400868
163 0.434153400868
164 0.434153400868
165 0.434153400868
166 0.434153400868
167 0.434153400868
168 0.434153400868
169 0.723589001447
170 0.723589001447
171 0.723589001447
172 0.723589001447
173 0.723589001447
174 0.868306801737
175 0.868306801737
176 0.868306801737
177 0.868306801737
178 0.868306801737
179 4.34153400868
180 4.19681620839
181 4.0520984081
182 3.90738060781
183 3.90738060781
184 3.90738060781
185 3.90738060781
186 3.90738060781
187 3.90738060781
188 3.90738060781
189 3.61794500724
190 3.61794500724
191 3.61794500724
192 3.61794500724
193 3.61794500724
194 3.47322720695
195 3.47322720695
196 3.47322720695
197 3.47322720695
198 3.47322720695
199 0.0
200 0.0
201 0.0
202 0.0
203 0.0
204 0.0
205 0.0
206 0.0
207 0.0
208 0.0
209 0.0
210 0.0
211 0.0
212 0.0
213 0.0
214 0.0
215 0.0
216 0.0
217 0.0
218 0.0
219 0.0
220 0.0
221 0.0
222 0.0
223 0.0
224 0.0
225 0.0
226 0.0
227 0.0
228 0.144717800289
229 0.144717800289
230 0.144717800289
231 0.289435600579
232 0.289435600579
233 0.578871201158
234 0.578871201158
235 0.578871201158
236 0.578871201158
237 0.578871201158
238 0.723589001447
239 1.01302460203
240 1.01302460203
241 1.01302460203
242 1.01302460203
243 1.01302460203
244 1.01302460203
245 1.01302460203
246 1.01302460203
247 1.01302460203
248 0.868306801737
249 0.868306801737
250 0.868306801737
251 0.723589001447
252 0.723589001447
253 0.434153400868
254 0.434153400868
255 0.434153400868
256 0.434153400868
257 0.434153400868
258 0.289435600579
259 0.0
260 0.0
261 0.0
262 0.0
263 0.0
264 1.59189580318
265 3.03907380608
266 3.76266280753
267 3.76266280753
268 3.76266280753
269 3.90738060781
270 4.48625180897
271 4.63096960926
272 5.20984081042
273 5.35455861071
274 5.78871201158
275 5.93342981187
276 5.93342981187
277 5.93342981187
278 5.93342981187
279 5.93342981187
280 5.93342981187
281 5.93342981187
282 5.93342981187
283 5.93342981187
284 4.34153400868
285 2.89435600579
286 2.31548480463
287 2.31548480463
288 2.31548480463
289 2.17076700434
290 1.59189580318
291 1.44717800289
292 0.868306801737
293 0.723589001447
294 0.289435600579
295 0.144717800289
296 0.144717800289
297 0.144717800289
298 0.144717800289
299 0.144717800289
300 0.144717800289
301 0.144717800289
302 0.144717800289
303 0.144717800289
304 0.144717800289
305 0.289435600579
306 0.289435600579
307 0.289435600579
308 0.289435600579
309 0.434153400868
310 0.434153400868
311 0.434153400868
312 0.578871201158
313 0.578871201158
314 0.578871201158
315 0.578871201158
316 0.578871201158
317 0.578871201158
318 0.578871201158
319 0.578871201158
320 0.578871201158
321 0.578871201158
322 0.578871201158
323 0.578871201158
324 0.578871201158
325 0.434153400868
326 0.289435600579
327 0.289435600579
328 0.578871201158
329 0.434153400868
330 0.434153400868
331 0.723589001447
332 0.578871201158
333 0.578871201158
334 0.578871201158
335 0.578871201158
336 0.578871201158
337 0.578871201158
338 0.578871201158
339 0.578871201158
340 0.578871201158
341 0.578871201158
342 0.578871201158
343 0.578871201158
344 0.578871201158
345 0.578871201158
346 0.578871201158
347 0.578871201158
348 0.289435600579
349 0.289435600579
350 0.289435600579
351 0.0
352 0.0
353 0.0
354 0.0
355 0.0
356 0.0
357 0.144717800289
358 0.144717800289
359 0.144717800289
360 0.144717800289
361 0.144717800289
362 0.144717800289
363 0.289435600579
364 0.289435600579
365 0.289435600579
366 0.289435600579
367 0.289435600579
368 0.723589001447
369 0.723589001447
370 0.723589001447
371 0.723589001447
372 0.723589001447
373 0.723589001447
374 0.723589001447
375 0.723589001447
376 0.723589001447
377 0.723589001447
378 0.723589001447
379 0.723589001447
380 0.723589001447
381 0.723589001447
382 0.868306801737
383 0.723589001447
384 0.723589001447
385 0.723589001447
386 0.723589001447
387 0.723589001447
388 0.289435600579
389 0.289435600579
390 0.289435600579
391 0.289435600579
392 0.289435600579
393 0.289435600579
394 0.289435600579
395 0.289435600579
396 0.289435600579
397 0.144717800289
398 0.144717800289
399 0.144717800289
400 0.144717800289
401 0.144717800289
402 0.0
403 0.0
404 0.0
405 0.0
406 0.0
407 0.0
408 0.0
409 0.0
410 0.0
411 0.0
412 0.0
413 0.0
414 0.0
415 0.144717800289
416 0.144717800289
417 0.144717800289
418 0.289435600579
419 0.289435600579
420 0.289435600579
421 0.289435600579
422 0.289435600579
423 0.289435600579
424 0.289435600579
425 0.289435600579
426 0.289435600579
427 0.434153400868
428 0.434153400868
429 0.434153400868
430 0.434153400868
431 0.434153400868
432 0.434153400868
433 0.434153400868
434 0.434153400868
435 0.289435600579
436 0.289435600579
437 0.289435600579
438 0.289435600579
439 0.289435600579
440 0.289435600579
441 0.289435600579
442 0.289435600579
443 0.289435600579
444 0.289435600579
445 0.289435600579
446 0.289435600579
447 0.144717800289
448 0.144717800289
449 0.144717800289
450 0.144717800289
451 0.144717800289
452 0.144717800289
453 0.144717800289
454 0.144717800289
455 0.144717800289
456 0.144717800289
457 0.144717800289
458 0.0
459 0.0
460 0.0
461 0.0
462 0.0
463 0.0
464 0.723589001447
465 0.723589001447
466 0.723589001447
467 0.723589001447
468 0.723589001447
469 0.723589001447
470 0.723589001447
471 0.723589001447
472 0.723589001447
473 0.723589001447
474 0.723589001447
475 0.868306801737
476 0.868306801737
477 0.868306801737
478 0.868306801737
479 0.868306801737
480 0.868306801737
481 1.01302460203
482 1.01302460203
483 1.01302460203
484 0.578871201158
485 0.578871201158
486 0.578871201158
487 0.578871201158
488 0.578871201158
489 0.578871201158
490 0.578871201158
491 0.578871201158
492 0.578871201158
493 0.578871201158
494 0.578871201158
495 0.434153400868
496 0.434153400868
497 0.434153400868
498 0.434153400868
499 0.434153400868
500 0.434153400868
501 0.289435600579
502 0.289435600579
503 0.289435600579
504 0.144717800289
505 0.144717800289
506 0.144717800289
507 0.144717800289
508 0.144717800289
509 0.289435600579
510 0.289435600579
511 0.289435600579
512 0.289435600579
513 0.868306801737
514 0.868306801737
515 0.868306801737
516 0.868306801737
517 0.868306801737
518 0.868306801737
519 0.868306801737
520 1.59189580318
521 1.59189580318
522 1.59189580318
523 1.59189580318
524 1.44717800289
525 1.44717800289
526 1.44717800289
527 1.44717800289
528 1.59189580318
529 1.44717800289
530 1.44717800289
531 1.44717800289
532 1.59189580318
533 1.01302460203
534 1.01302460203
535 1.01302460203
536 1.01302460203
537 1.01302460203
538 1.01302460203
539 1.01302460203
540 0.289435600579
541 0.289435600579
542 0.289435600579
543 0.289435600579
544 0.289435600579
545 0.289435600579
546 0.289435600579
547 0.289435600579
548 0.144717800289
549 0.144717800289
550 0.144717800289
551 0.144717800289
552 0.0
553 0.0
554 0.0
555 0.289435600579
556 0.434153400868
557 0.434153400868
558 0.434153400868
559 0.434153400868
560 0.434153400868
561 0.578871201158
562 0.578871201158
563 0.578871201158
564 0.578871201158
565 1.01302460203
566 1.01302460203
567 1.01302460203
568 1.01302460203
569 1.01302460203
570 1.01302460203
571 1.01302460203
572 1.01302460203
573 1.44717800289
574 1.44717800289
575 1.15774240232
576 1.01302460203
577 1.15774240232
578 1.15774240232
579 1.15774240232
580 1.15774240232
581 1.01302460203
582 1.01302460203
583 1.01302460203
584 1.01302460203
585 0.868306801737
586 0.868306801737
587 0.868306801737
588 0.868306801737
589 0.868306801737
590 0.868306801737
591 0.868306801737
592 0.868306801737
593 0.434153400868
594 0.578871201158
595 0.578871201158
596 0.578871201158
597 0.434153400868
598 0.434153400868
599 0.434153400868
600 0.434153400868
601 0.434153400868
602 0.434153400868
603 0.434153400868
604 0.434153400868
605 0.144717800289
606 0.144717800289
607 0.144717800289
608 0.144717800289
609 0.144717800289
610 0.578871201158
611 0.578871201158
612 0.578871201158
613 0.578871201158
614 0.434153400868
615 0.434153400868
616 0.434153400868
617 0.578871201158
618 0.578871201158
619 0.578871201158
620 0.578871201158
621 0.578871201158
622 0.578871201158
623 0.578871201158
624 0.578871201158
625 0.578871201158
626 0.578871201158
627 0.578871201158
628 0.578871201158
629 0.578871201158
630 0.144717800289
631 0.289435600579
632 0.578871201158
633 0.578871201158
634 0.723589001447
635 0.723589001447
636 0.868306801737
637 0.723589001447
638 0.723589001447
639 0.723589001447
640 0.723589001447
641 0.723589001447
642 0.723589001447
643 0.723589001447
644 0.723589001447
645 0.723589001447
646 0.723589001447
647 0.723589001447
648 0.723589001447
649 0.723589001447
650 0.723589001447
651 0.578871201158
652 0.289435600579
653 0.289435600579
654 0.144717800289
655 0.144717800289
656 0.0
657 0.0
658 0.0
659 0.0
660 0.0
661 0.144717800289
662 0.144717800289
663 0.289435600579
664 0.289435600579
665 0.289435600579
666 0.289435600579
667 0.289435600579
668 0.289435600579
669 0.289435600579
670 0.289435600579
671 0.434153400868
672 0.434153400868
673 0.434153400868
674 0.434153400868
675 0.434153400868
676 0.434153400868
677 0.434153400868
678 0.434153400868
679 0.434153400868
680 0.434153400868
681 0.289435600579
682 0.289435600579
683 0.144717800289
684 0.144717800289
685 0.144717800289
686 0.144717800289
687 0.144717800289
688 0.144717800289
689 0.144717800289
690 0.144717800289
691 0.0
692 0.0
693 0.0
694 0.0
695 0.0
696 0.0
697 0.0
698 0.0
699 0.0
700 0.0
701 0.0
702 0.0
703 0.0
704 0.0
705 0.0
706 0.0
707 0.0
708 0.0
709 0.0
710 0.0
711 0.0
712 0.144717800289
713 0.144717800289
714 0.144717800289
715 0.289435600579
716 0.578871201158
717 0.578871201158
718 0.578871201158
719 0.578871201158
720 0.578871201158
721 0.578871201158
722 0.578871201158
723 0.578871201158
724 0.578871201158
725 0.578871201158
726 0.578871201158
727 0.723589001447
728 0.723589001447
729 0.723589001447
730 0.723589001447
731 0.723589001447
732 0.578871201158
733 0.723589001447
734 0.723589001447
735 0.578871201158
736 0.289435600579
737 0.289435600579
738 0.289435600579
739 0.289435600579
740 0.289435600579
741 0.289435600579
742 0.289435600579
743 0.434153400868
744 0.434153400868
745 0.434153400868
746 0.434153400868
747 0.289435600579
748 0.289435600579
749 0.289435600579
750 0.289435600579
751 0.289435600579
752 0.289435600579
753 0.144717800289
754 0.144717800289
755 0.144717800289
756 0.144717800289
757 0.144717800289
758 0.434153400868
759 0.434153400868
760 0.434153400868
761 0.434153400868
762 0.434153400868
763 0.289435600579
764 0.289435600579
765 0.289435600579
766 0.434153400868
767 0.723589001447
768 0.868306801737
769 1.15774240232
770 1.15774240232
771 1.15774240232
772 1.15774240232
773 1.15774240232
774 1.15774240232
775 1.15774240232
776 1.15774240232
777 1.59189580318
778 1.3024602026
779 4.63096960926
780 4.63096960926
781 4.63096960926
782 4.63096960926
783 4.63096960926
784 4.63096960926
785 4.63096960926
786 4.48625180897
787 4.19681620839
788 4.0520984081
789 3.76266280753
790 3.76266280753
791 3.76266280753
792 3.76266280753
793 3.76266280753
794 3.76266280753
795 3.76266280753
796 3.76266280753
797 3.32850940666
798 3.32850940666
799 0.0
800 0.0
801 0.0
802 0.0
803 0.0
804 0.0
805 0.0
806 0.0
807 0.0
808 0.0
809 0.0
810 0.0
811 0.0
812 0.0
813 0.0
814 0.0
815 0.0
816 0.0
817 0.0
818 0.0
819 0.0
820 0.0
821 0.0
822 0.0
823 0.0
824 0.0
825 0.0
826 0.0
827 0.0
828 0.0
829 0.0
830 0.0
831 0.144717800289
832 0.144717800289
833 0.144717800289
834 0.144717800289
835 0.144717800289
836 0.144717800289
837 0.144717800289
838 0.144717800289
839 0.144717800289
840 0.144717800289
841 0.289435600579
842 0.289435600579
843 0.289435600579
844 0.289435600579
845 0.289435600579
846 0.289435600579
847 0.434153400868
848 0.434153400868
849 0.434153400868
850 0.434153400868
851 0.289435600579
852 1.15774240232
853 1.15774240232
854 1.15774240232
855 1.15774240232
856 1.15774240232
857 1.15774240232
858 1.15774240232
859 1.15774240232
860 1.15774240232
861 1.01302460203
862 1.01302460203
863 2.02604920405
864 2.02604920405
865 2.02604920405
866 2.02604920405
867 2.31548480463
868 2.89435600579
869 2.89435600579
870 2.89435600579
871 3.32850940666
872 2.89435600579
873 2.89435600579
874 2.89435600579
875 2.89435600579
876 2.89435600579
877 2.89435600579
878 2.89435600579
879 2.89435600579
880 2.89435600579
881 2.89435600579
882 2.89435600579
883 1.88133140376
884 1.88133140376
885 1.88133140376
886 1.88133140376
887 1.44717800289
888 0.868306801737
889 0.868306801737
890 0.868306801737
891 0.434153400868
892 0.0
893 0.0
894 0.0
895 0.0
896 0.0
897 0.0
898 0.0
899 0.0
900 0.0
901 0.0
902 0.0
903 0.0
904 0.0
905 0.0
906 0.0
907 0.0
908 0.144717800289
909 0.144717800289
910 0.144717800289
911 0.144717800289
912 0.289435600579
913 0.289435600579
914 0.434153400868
915 0.434153400868
916 0.434153400868
917 0.434153400868
918 0.434153400868
919 0.434153400868
920 0.434153400868
921 0.434153400868
922 0.434153400868
923 0.434153400868
924 0.434153400868
925 0.434153400868
926 0.434153400868
927 0.434153400868
928 0.289435600579
929 0.289435600579
930 0.434153400868
931 0.434153400868
932 0.289435600579
933 0.289435600579
934 0.144717800289
935 0.144717800289
936 0.144717800289
937 0.289435600579
938 0.289435600579
939 0.289435600579
940 0.289435600579
941 0.289435600579
942 0.289435600579
943 0.289435600579
944 0.289435600579
945 0.289435600579
946 0.289435600579
947 0.289435600579
948 0.289435600579
949 0.289435600579
950 0.144717800289
951 0.144717800289
952 0.144717800289
953 0.144717800289
954 0.144717800289
955 0.144717800289
956 0.144717800289
957 0.0
958 0.0
959 0.144717800289
960 0.144717800289
961 0.144717800289
962 0.144717800289
963 0.144717800289
964 0.144717800289
965 0.434153400868
966 0.434153400868
967 0.723589001447
968 0.723589001447
969 0.723589001447
970 0.723589001447
971 0.723589001447
972 0.723589001447
973 0.723589001447
974 0.723589001447
975 0.723589001447
976 0.723589001447
977 0.723589001447
978 0.723589001447
979 0.578871201158
980 0.578871201158
981 0.578871201158
982 0.578871201158
983 0.578871201158
984 0.578871201158
985 0.289435600579
986 0.289435600579
987 0.0
988 0.0
989 0.0
990 0.0
991 0.0
992 0.0
993 0.0
994 0.0
995 0.0
996 0.0
997 0.0
998 0.0
999 0.0
1000 0.0
1001 0.0
1002 0.0
1003 0.0
1004 0.0
1005 0.0
1006 0.0
1007 0.144717800289
1008 0.144717800289
1009 0.144717800289
1010 0.144717800289
1011 0.289435600579
1012 0.289435600579
1013 0.289435600579
1014 0.289435600579
1015 0.289435600579
1016 0.289435600579
1017 0.289435600579
1018 0.289435600579
1019 0.289435600579
1020 0.289435600579
1021 0.289435600579
1022 0.289435600579
1023 0.289435600579
1024 0.289435600579
1025 0.289435600579
1026 0.289435600579
1027 0.144717800289
1028 0.144717800289
1029 0.144717800289
1030 0.144717800289
1031 0.144717800289
1032 0.578871201158
1033 0.578871201158
1034 0.578871201158
1035 0.578871201158
1036 0.578871201158
1037 0.578871201158
1038 0.578871201158
1039 0.578871201158
1040 0.578871201158
1041 0.578871201158
1042 0.578871201158
1043 0.578871201158
1044 0.578871201158
1045 0.578871201158
1046 0.578871201158
1047 0.578871201158
1048 0.578871201158
1049 0.578871201158
1050 0.578871201158
1051 0.434153400868
1052 0.0
1053 0.0
1054 0.0
1055 0.0
1056 0.0
1057 0.0
1058 0.0
1059 0.0
1060 0.0
1061 0.0
1062 0.0
1063 0.144717800289
1064 0.144717800289
1065 0.144717800289
1066 0.144717800289
1067 0.144717800289
1068 0.144717800289
1069 0.144717800289
1070 0.144717800289
1071 0.144717800289
1072 0.434153400868
1073 0.434153400868
1074 0.434153400868
1075 0.434153400868
1076 0.434153400868
1077 0.434153400868
1078 0.434153400868
1079 0.434153400868
1080 5.78871201158
1081 5.78871201158
1082 5.78871201158
1083 5.64399421129
1084 5.64399421129
1085 5.64399421129
1086 7.95947901592
1087 7.95947901592
1088 7.95947901592
1089 7.95947901592
1090 7.95947901592
1091 7.95947901592
1092 7.67004341534
1093 7.67004341534
1094 7.67004341534
1095 7.67004341534
1096 7.67004341534
1097 7.67004341534
1098 7.67004341534
1099 7.67004341534
1100 2.31548480463
1101 2.31548480463
1102 2.31548480463
1103 2.31548480463
1104 2.31548480463
1105 2.31548480463
1106 0.0
1107 0.0
1108 0.0
1109 0.0
1110 0.0
1111 0.0
1112 0.0
1113 0.0
1114 0.0
1115 0.0
1116 0.0
1117 0.0
1118 0.0
1119 0.0
1120 0.0
1121 0.0
1122 0.0
1123 0.0
1124 0.0
1125 0.0
1126 0.0
1127 0.0
1128 0.144717800289
1129 0.144717800289
1130 0.144717800289
1131 0.144717800289
1132 0.289435600579
1133 0.434153400868
1134 0.434153400868
1135 0.434153400868
1136 0.434153400868
1137 0.434153400868
1138 0.434153400868
1139 0.434153400868
1140 0.434153400868
1141 0.434153400868
1142 0.434153400868
1143 0.434153400868
1144 0.434153400868
1145 0.578871201158
1146 0.578871201158
1147 0.578871201158
1148 0.434153400868
1149 0.434153400868
1150 0.434153400868
1151 0.434153400868
1152 0.289435600579
1153 0.144717800289
1154 0.144717800289
1155 0.144717800289
1156 0.144717800289
1157 0.144717800289
1158 0.144717800289
1159 0.144717800289
1160 0.144717800289
1161 0.144717800289
1162 0.144717800289
1163 2.31548480463
1164 3.03907380608
1165 4.34153400868
1166 5.06512301013
1167 5.35455861071
1168 5.35455861071
1169 5.35455861071
1170 6.65701881331
1171 6.94645441389
1172 7.09117221418
1173 7.23589001447
1174 7.23589001447
1175 7.38060781476
1176 7.38060781476
1177 7.38060781476
1178 7.38060781476
1179 7.38060781476
1180 7.38060781476
1181 7.38060781476
1182 7.38060781476
1183 5.20984081042
1184 4.48625180897
1185 3.03907380608
1186 2.31548480463
1187 2.02604920405
1188 2.02604920405
1189 2.02604920405
1190 0.723589001447
1191 0.434153400868
1192 0.289435600579
1193 0.144717800289
1194 0.144717800289
1195 0.0
1196 0.0
1197 0.0
1198 0.0
1199 0.0
1200 0.0
1201 0.0
1202 0.0
1203 0.0
1204 0.0
1205 0.0
1206 0.0
1207 0.0
1208 0.0
1209 0.144717800289
1210 0.289435600579
1211 0.289435600579
1212 0.289435600579
1213 0.289435600579
1214 0.289435600579
1215 0.289435600579
1216 0.289435600579
1217 0.289435600579
1218 0.289435600579
1219 0.289435600579
1220 0.289435600579
1221 0.434153400868
1222 0.434153400868
1223 0.434153400868
1224 0.434153400868
1225 0.578871201158
1226 0.578871201158
1227 0.578871201158
1228 0.578871201158
1229 0.434153400868
1230 0.289435600579
1231 0.289435600579
1232 0.289435600579
1233 0.289435600579
1234 0.289435600579
1235 0.289435600579
1236 0.289435600579
1237 0.289435600579
1238 0.289435600579
1239 0.289435600579
1240 0.289435600579
1241 0.144717800289
1242 0.144717800289
1243 0.144717800289
1244 0.144717800289
1245 0.0
1246 0.0
1247 0.0
1248 0.0
1249 0.0
1250 0.0
1251 0.0
1252 0.0
1253 0.0
1254 0.0
1255 0.0
1256 0.144717800289
1257 0.144717800289
1258 0.144717800289
1259 0.144717800289
1260 0.289435600579
1261 0.289435600579
1262 0.289435600579
1263 0.289435600579
1264 0.723589001447
1265 0.868306801737
1266 0.868306801737
1267 0.868306801737
1268 0.868306801737
1269 1.15774240232
1270 1.15774240232
1271 1.3024602026
1272 1.3024602026
1273 1.3024602026
1274 1.44717800289
1275 1.44717800289
1276 1.3024602026
1277 1.3024602026
1278 1.3024602026
1279 1.3024602026
1280 1.15774240232
1281 1.15774240232
1282 1.15774240232
1283 1.15774240232
1284 0.723589001447
1285 0.578871201158
1286 0.578871201158
1287 0.578871201158
1288 0.578871201158
1289 0.289435600579
1290 0.289435600579
1291 0.144717800289
1292 0.144717800289
1293 0.144717800289
1294 0.0
1295 0.0
1296 0.0
1297 0.0
1298 0.0
1299 0.0
1300 0.0
1301 0.0
1302 0.0
1303 0.0
1304 0.0
1305 0.0
1306 0.0
1307 0.0
1308 0.0
1309 0.0
1310 0.0
1311 0.0
1312 0.0
1313 0.0
1314 0.0
1315 0.0
1316 0.0
1317 0.0
1318 0.0
1319 0.0
1320 0.0
1321 0.0
1322 0.0
1323 0.144717800289
1324 0.144717800289
1325 0.144717800289
1326 0.144717800289
1327 0.144717800289
1328 0.144717800289
1329 0.144717800289
1330 0.434153400868
1331 0.434153400868
1332 0.434153400868
1333 0.434153400868
1334 0.434153400868
1335 0.434153400868
1336 0.434153400868
1337 0.578871201158
1338 0.578871201158
1339 0.578871201158
1340 0.578871201158
1341 0.578871201158
1342 0.578871201158
1343 0.434153400868
1344 0.434153400868
1345 0.434153400868
1346 0.434153400868
1347 0.434153400868
1348 0.434153400868
1349 0.434153400868
1350 0.144717800289
1351 0.144717800289
1352 0.144717800289
1353 0.144717800289
1354 0.144717800289
1355 0.144717800289
1356 0.144717800289
1357 0.0
1358 0.0
1359 0.0
1360 0.0
1361 0.434153400868
1362 0.578871201158
1363 0.578871201158
1364 0.578871201158
1365 0.578871201158
1366 0.578871201158
1367 0.578871201158
1368 0.578871201158
1369 0.578871201158
1370 0.578871201158
1371 0.578871201158
1372 0.578871201158
1373 0.578871201158
1374 0.578871201158
1375 0.578871201158
1376 0.578871201158
1377 0.868306801737
1378 0.868306801737
1379 1.01302460203
1380 1.01302460203
1381 0.578871201158
1382 0.434153400868
1383 0.434153400868
1384 0.434153400868
1385 0.434153400868
1386 0.434153400868
1387 0.434153400868
1388 0.434153400868
1389 0.434153400868
1390 0.434153400868
1391 0.434153400868
1392 0.434153400868
1393 0.434153400868
1394 0.434153400868
1395 0.434153400868
1396 0.434153400868
1397 0.144717800289
1398 0.144717800289
1399 0.0
1400 0.0
1401 0.0
1402 0.0
1403 0.0
1404 0.0
1405 0.0
1406 0.0
1407 0.144717800289
1408 0.144717800289
1409 0.144717800289
1410 0.434153400868
1411 0.434153400868
1412 0.578871201158
1413 0.578871201158
1414 0.578871201158
1415 0.578871201158
1416 0.578871201158
1417 0.578871201158
1418 0.723589001447
1419 0.723589001447
1420 0.723589001447
1421 0.723589001447
1422 0.723589001447
1423 0.723589001447
1424 0.723589001447
1425 0.723589001447
1426 0.723589001447
1427 0.578871201158
1428 0.578871201158
1429 0.578871201158
1430 0.289435600579
1431 0.289435600579
1432 0.144717800289
1433 0.144717800289
1434 0.144717800289
1435 0.144717800289
1436 0.144717800289
1437 0.144717800289
1438 0.0
1439 0.0
1440 0.144717800289
1441 0.144717800289
1442 0.144717800289
1443 0.144717800289
1444 0.144717800289
1445 0.144717800289
1446 0.144717800289
1447 0.144717800289
1448 0.144717800289
1449 0.144717800289
1450 0.144717800289
1451 0.144717800289
1452 0.144717800289
1453 0.144717800289
1454 0.144717800289
1455 0.144717800289
1456 0.144717800289
1457 0.144717800289
1458 0.144717800289
1459 0.144717800289
1460 0.144717800289
1461 0.144717800289
1462 0.578871201158
1463 0.723589001447
1464 0.723589001447
1465 0.723589001447
1466 1.15774240232
1467 1.15774240232
1468 1.15774240232
1469 1.3024602026
1470 1.3024602026
1471 1.3024602026
1472 1.3024602026
1473 1.44717800289
1474 1.44717800289
1475 1.59189580318
1476 1.59189580318
1477 1.59189580318
1478 1.59189580318
1479 1.59189580318
1480 1.44717800289
1481 1.44717800289
1482 1.15774240232
1483 1.15774240232
1484 1.3024602026
1485 1.3024602026
1486 0.868306801737
1487 0.868306801737
1488 0.868306801737
1489 0.723589001447
1490 0.723589001447
1491 0.723589001447
1492 0.723589001447
1493 0.578871201158
1494 0.578871201158
1495 0.434153400868
1496 0.434153400868
1497 0.434153400868
1498 0.434153400868
1499 0.434153400868
1500 0.434153400868
1501 0.434153400868
1502 0.289435600579
1503 0.144717800289
1504 0.0
1505 0.0
1506 0.0
1507 0.0
1508 0.0
1509 0.0
1510 0.0
1511 0.0
1512 0.144717800289
1513 0.144717800289
1514 0.289435600579
1515 0.289435600579
1516 0.434153400868
1517 0.434153400868
1518 0.434153400868
1519 0.434153400868
1520 0.434153400868
1521 0.434153400868
1522 0.434153400868
1523 0.434153400868
1524 0.434153400868
1525 0.434153400868
1526 0.434153400868
1527 0.434153400868
1528 0.434153400868
1529 0.434153400868
1530 0.434153400868
1531 0.434153400868
1532 0.289435600579
1533 0.289435600579
1534 0.144717800289
1535 0.144717800289
1536 0.0
1537 0.0
1538 0.0
1539 0.0
1540 0.0
1541 0.0
1542 0.0
1543 0.0
1544 0.0
1545 0.0
1546 0.0
1547 0.0
1548 0.0
1549 0.0
1550 0.0
1551 0.144717800289
1552 0.144717800289
1553 0.144717800289
1554 0.144717800289
1555 0.144717800289
1556 0.144717800289
1557 0.144717800289
1558 0.144717800289
1559 0.144717800289
1560 0.144717800289
1561 0.144717800289
1562 0.144717800289
1563 0.144717800289
1564 0.289435600579
1565 0.289435600579
1566 0.289435600579
1567 0.289435600579
1568 0.289435600579
1569 0.289435600579
1570 0.289435600579
1571 0.144717800289
1572 0.144717800289
1573 0.144717800289
1574 0.144717800289
1575 0.144717800289
1576 0.144717800289
1577 0.144717800289
1578 0.144717800289
1579 0.144717800289
1580 0.144717800289
1581 0.144717800289
1582 0.289435600579
1583 0.289435600579
1584 0.289435600579
1585 0.578871201158
1586 0.578871201158
1587 0.578871201158
1588 0.578871201158
1589 0.578871201158
1590 0.578871201158
1591 0.578871201158
1592 0.578871201158
1593 0.578871201158
1594 0.578871201158
1595 0.723589001447
1596 0.723589001447
1597 0.723589001447
1598 0.723589001447
1599 0.723589001447
1600 0.723589001447
1601 0.723589001447
1602 0.578871201158
1603 0.578871201158
1604 0.434153400868
1605 0.144717800289
1606 0.144717800289
1607 0.144717800289
1608 0.144717800289
1609 0.144717800289
1610 0.144717800289
1611 0.144717800289
1612 0.144717800289
1613 0.289435600579
1614 0.289435600579
1615 0.144717800289
1616 0.144717800289
1617 0.144717800289
1618 0.144717800289
1619 0.289435600579
1620 0.289435600579
1621 0.289435600579
1622 0.289435600579
1623 0.289435600579
1624 0.289435600579
1625 0.289435600579
1626 0.289435600579
1627 0.434153400868
1628 0.578871201158
1629 0.578871201158
1630 0.578871201158
1631 0.578871201158
1632 0.578871201158
1633 0.434153400868
1634 0.578871201158
1635 0.723589001447
1636 0.723589001447
1637 0.723589001447
1638 0.723589001447
1639 0.578871201158
1640 0.578871201158
1641 0.578871201158
1642 0.578871201158
1643 0.578871201158
1644 0.578871201158
1645 0.578871201158
1646 0.578871201158
1647 0.434153400868
1648 0.289435600579
1649 0.289435600579
1650 0.289435600579
1651 0.289435600579
1652 0.289435600579
1653 0.289435600579
1654 0.144717800289
1655 0.0
1656 0.0
1657 0.0
1658 0.0
1659 0.0
1660 0.144717800289
1661 0.144717800289
1662 0.289435600579
1663 0.289435600579
1664 0.289435600579
1665 0.289435600579
1666 0.289435600579
1667 0.289435600579
1668 0.289435600579
1669 0.289435600579
1670 0.289435600579
1671 0.289435600579
1672 0.289435600579
1673 0.289435600579
1674 0.289435600579
1675 0.289435600579
1676 0.289435600579
1677 0.434153400868
1678 0.434153400868
1679 0.434153400868
1680 0.289435600579
1681 0.289435600579
1682 0.434153400868
1683 0.578871201158
1684 0.723589001447
1685 0.723589001447
1686 0.723589001447
1687 0.723589001447
1688 0.723589001447
1689 0.723589001447
1690 0.723589001447
1691 0.723589001447
1692 0.723589001447
1693 0.723589001447
1694 0.723589001447
1695 0.723589001447
1696 0.723589001447
1697 0.578871201158
1698 0.578871201158
1699 0.578871201158
1700 0.578871201158
1701 0.578871201158
1702 0.289435600579
1703 0.144717800289
1704 0.0
1705 0.0
1706 0.0
1707 0.0
1708 0.0
1709 0.0
1710 0.0
1711 0.0
1712 0.0
1713 0.0
1714 0.0
1715 0.144717800289
1716 0.144717800289
1717 0.289435600579
1718 0.289435600579
1719 0.289435600579
1720 0.289435600579
1721 0.289435600579
1722 0.289435600579
1723 0.289435600579
1724 0.289435600579
1725 0.289435600579
1726 0.289435600579
1727 0.289435600579
1728 0.289435600579
1729 0.289435600579
1730 0.578871201158
1731 0.578871201158
1732 0.578871201158
1733 0.578871201158
1734 0.578871201158
1735 0.434153400868
1736 0.434153400868
1737 0.289435600579
1738 0.289435600579
1739 0.289435600579
1740 0.289435600579
1741 0.289435600579
1742 0.289435600579
1743 0.289435600579
1744 0.289435600579
1745 0.289435600579
1746 0.289435600579
1747 0.289435600579
1748 0.289435600579
1749 0.289435600579
1750 0.0
1751 0.0
1752 0.0
1753 0.0
1754 0.0
1755 0.0
1756 0.0
1757 0.0
1758 0.0
1759 0.0
1760 0.0
1761 0.0
1762 0.0
1763 0.0
1764 0.0
1765 0.0
1766 0.0
1767 0.0
1768 0.144717800289
1769 0.144717800289
1770 0.144717800289
1771 0.144717800289
1772 0.144717800289
1773 0.144717800289
1774 0.144717800289
1775 0.144717800289
1776 0.144717800289
1777 0.289435600579
1778 0.434153400868
1779 0.434153400868
1780 0.578871201158
1781 0.578871201158
1782 0.723589001447
1783 0.723589001447
1784 0.868306801737
1785 0.868306801737
1786 0.868306801737
1787 0.868306801737
1788 0.723589001447
1789 0.723589001447
1790 0.723589001447
1791 0.723589001447
1792 0.723589001447
1793 0.723589001447
1794 0.723589001447
1795 0.868306801737
1796 0.868306801737
1797 0.723589001447
1798 0.578871201158
1799 0.578871201158
1800 0.434153400868
1801 0.434153400868
1802 0.289435600579
1803 0.289435600579
1804 0.144717800289
1805 0.144717800289
1806 0.144717800289
1807 0.144717800289
1808 0.144717800289
1809 0.144717800289
1810 0.144717800289
1811 0.144717800289
1812 0.144717800289
1813 12.7351664255
1814 12.7351664255
1815 12.5904486252
1816 12.5904486252
1817 12.5904486252
1818 15.6295224313
1819 15.6295224313
1820 15.6295224313
1821 16.497829233
1822 16.9319826339
1823 17.510853835
1824 17.510853835
1825 17.510853835
1826 17.6555716353
1827 17.8002894356
1828 17.8002894356
1829 18.0897250362
1830 18.0897250362
1831 18.0897250362
1832 18.0897250362
1833 5.499276411
1834 5.499276411
1835 5.499276411
1836 5.499276411
1837 5.499276411
1838 2.46020260492
1839 2.46020260492
1840 2.46020260492
1841 1.59189580318
1842 1.15774240232
1843 0.578871201158
1844 0.578871201158
1845 0.578871201158
1846 0.434153400868
1847 0.289435600579
1848 0.289435600579
1849 0.0
1850 0.0
1851 0.0
1852 0.0
1853 0.0
1854 0.0
1855 0.0
1856 0.0
1857 0.0
1858 0.0
1859 0.144717800289
1860 0.144717800289
1861 0.289435600579
1862 0.289435600579
1863 0.289435600579
1864 0.289435600579
1865 0.434153400868
1866 0.434153400868
1867 0.434153400868
1868 0.434153400868
1869 0.434153400868
1870 0.434153400868
1871 0.434153400868
1872 0.578871201158
1873 0.578871201158
1874 0.578871201158
1875 0.578871201158
1876 0.723589001447
1877 1.01302460203
1878 1.01302460203
1879 0.868306801737
1880 0.868306801737
1881 0.723589001447
1882 0.723589001447
1883 0.723589001447
1884 0.723589001447
1885 0.578871201158
1886 0.578871201158
1887 0.578871201158
1888 0.578871201158
1889 0.578871201158
1890 0.578871201158
1891 0.578871201158
1892 0.434153400868
1893 0.434153400868
1894 0.434153400868
1895 0.434153400868
1896 0.289435600579
1897 0.0
1898 0.0
1899 0.0
1900 0.0
1901 0.0
1902 0.0
1903 0.0
1904 0.0
1905 0.0
1906 0.0
1907 0.0
1908 0.0
1909 0.0
1910 0.0
1911 0.0
1912 0.0
1913 0.289435600579
1914 0.289435600579
1915 0.434153400868
1916 0.434153400868
1917 0.434153400868
1918 0.434153400868
1919 0.434153400868
1920 0.434153400868
1921 0.434153400868
1922 0.578871201158
1923 0.578871201158
1924 0.578871201158
1925 0.578871201158
1926 0.578871201158
1927 0.578871201158
1928 0.578871201158
1929 0.578871201158
1930 0.578871201158
1931 0.578871201158
1932 0.578871201158
1933 0.289435600579
1934 0.434153400868
1935 0.289435600579
1936 0.289435600579
1937 0.289435600579
1938 0.289435600579
1939 0.289435600579
1940 0.289435600579
1941 0.289435600579
1942 0.144717800289
1943 0.144717800289
1944 0.144717800289
1945 0.144717800289
1946 0.144717800289
1947 0.144717800289
1948 0.144717800289
1949 0.144717800289
1950 0.144717800289
1951 0.144717800289
1952 0.144717800289
1953 0.144717800289
1954 0.0
1955 0.0
1956 0.0
1957 0.0
1958 0.0
1959 0.0
1960 0.0
1961 0.289435600579
1962 0.289435600579
1963 0.289435600579
1964 0.289435600579
1965 0.289435600579
1966 0.289435600579
1967 0.289435600579
1968 0.289435600579
1969 0.289435600579
1970 0.434153400868
1971 0.434153400868
1972 0.434153400868
1973 0.434153400868
1974 0.578871201158
1975 0.578871201158
1976 0.578871201158
1977 0.578871201158
1978 0.578871201158
1979 0.578871201158
1980 0.578871201158
1981 0.578871201158
1982 0.578871201158
1983 0.868306801737
1984 0.868306801737
1985 0.868306801737
1986 0.868306801737
1987 0.868306801737
1988 0.868306801737
1989 0.868306801737
1990 0.723589001447
1991 0.723589001447
1992 0.723589001447
1993 0.723589001447
1994 0.578871201158
1995 0.578871201158
1996 0.578871201158
1997 0.578871201158
1998 0.578871201158
1999 0.578871201158
2000 0.578871201158
2001 0.289435600579
2002 0.289435600579
2003 0.0
2004 0.0
2005 0.0
2006 0.0
2007 0.0
2008 0.0
2009 0.0
2010 0.0
2011 0.144717800289
2012 0.144717800289
2013 0.144717800289
2014 0.144717800289
2015 0.144717800289
2016 0.144717800289
2017 0.144717800289
2018 0.144717800289
2019 0.144717800289
2020 0.144717800289
2021 0.144717800289
2022 0.144717800289
2023 0.144717800289
2024 0.144717800289
2025 0.144717800289
2026 0.144717800289
2027 0.144717800289
2028 0.144717800289
2029 0.144717800289
2030 0.144717800289
2031 0.0
2032 0.0
2033 0.0
2034 0.0
2035 0.0
2036 0.0
2037 0.0
2038 0.0
2039 0.0
2040 0.0
2041 0.144717800289
2042 0.144717800289
2043 0.144717800289
2044 0.144717800289
2045 0.434153400868
2046 0.434153400868
2047 0.434153400868
2048 0.723589001447
2049 0.723589001447
2050 0.723589001447
2051 0.723589001447
2052 0.723589001447
2053 0.723589001447
2054 0.723589001447
2055 0.723589001447
2056 0.723589001447
2057 0.723589001447
2058 0.723589001447
2059 0.723589001447
2060 1.01302460203
2061 1.01302460203
2062 1.01302460203
2063 1.01302460203
2064 1.01302460203
2065 0.723589001447
2066 0.723589001447
2067 0.723589001447
2068 0.434153400868
2069 0.434153400868
2070 0.434153400868
2071 0.434153400868
2072 0.434153400868
2073 0.434153400868
2074 0.434153400868
2075 0.434153400868
2076 0.434153400868
2077 0.434153400868
2078 0.578871201158
2079 1.88133140376
2080 8.39363241679
2081 8.2489146165
2082 8.2489146165
2083 8.2489146165
2084 8.2489146165
2085 8.2489146165
2086 8.2489146165
2087 8.2489146165
2088 8.2489146165
2089 8.2489146165
2090 8.2489146165
2091 8.2489146165
2092 8.2489146165
2093 8.2489146165
2094 8.2489146165
2095 8.2489146165
2096 8.2489146165
2097 8.2489146165
2098 8.10419681621
2099 6.8017366136
2100 0.0
2101 0.0
2102 0.0
2103 0.0
2104 0.0
2105 0.0
2106 0.0
2107 0.0
2108 0.0
2109 0.0
2110 0.0
2111 0.0
2112 0.0
2113 0.0
2114 0.0
2115 0.0
2116 0.0
2117 0.0
2118 0.0
2119 0.0
2120 0.0
2121 0.289435600579
2122 0.289435600579
2123 0.289435600579
2124 0.289435600579
2125 0.289435600579
2126 0.289435600579
2127 0.289435600579
2128 0.289435600579
2129 0.289435600579
2130 0.289435600579
2131 0.289435600579
2132 0.289435600579
2133 0.289435600579
2134 0.289435600579
2135 0.289435600579
2136 0.289435600579
2137 0.289435600579
2138 0.289435600579
2139 0.289435600579
2140 0.289435600579
2141 0.0
2142 0.0
2143 0.0
2144 0.434153400868
2145 0.578871201158
2146 0.578871201158
2147 0.578871201158
2148 0.578871201158
2149 0.578871201158
2150 0.723589001447
2151 0.723589001447
2152 0.723589001447
2153 0.723589001447
2154 0.723589001447
2155 0.723589001447
2156 0.723589001447
2157 0.723589001447
2158 0.723589001447
2159 0.723589001447
2160 0.723589001447
2161 0.723589001447
2162 0.723589001447
2163 0.723589001447
2164 0.578871201158
2165 0.434153400868
2166 0.434153400868
2167 0.434153400868
2168 0.578871201158
2169 0.578871201158
2170 0.434153400868
2171 0.723589001447
2172 0.723589001447
2173 0.868306801737
2174 0.868306801737
2175 0.868306801737
2176 0.868306801737
2177 0.868306801737
2178 1.15774240232
2179 1.3024602026
2180 1.3024602026
2181 1.3024602026
2182 1.3024602026
2183 1.3024602026
2184 1.01302460203
2185 1.01302460203
2186 1.01302460203
2187 1.01302460203
2188 0.868306801737
2189 0.868306801737
2190 0.868306801737
2191 0.578871201158
2192 0.578871201158
2193 0.434153400868
2194 0.434153400868
2195 0.434153400868
2196 0.434153400868
2197 0.434153400868
2198 0.144717800289
2199 0.0
2200 0.0
2201 0.0
2202 0.0
2203 0.0
2204 0.0
2205 0.0
2206 0.0
2207 0.0
2208 0.0
2209 0.0
2210 0.0
2211 0.144717800289
2212 0.144717800289
2213 0.144717800289
2214 0.144717800289
2215 0.144717800289
2216 0.723589001447
2217 0.868306801737
2218 0.868306801737
2219 0.868306801737
2220 0.868306801737
2221 0.868306801737
2222 0.868306801737
2223 1.01302460203
2224 1.15774240232
2225 1.15774240232
2226 1.15774240232
2227 1.15774240232
2228 1.15774240232
2229 1.15774240232
2230 1.15774240232
2231 1.01302460203
2232 1.01302460203
2233 1.01302460203
2234 1.01302460203
2235 1.01302460203
2236 0.434153400868
2237 0.289435600579
2238 0.289435600579
2239 0.289435600579
2240 0.289435600579
2241 0.289435600579
2242 0.289435600579
2243 0.144717800289
2244 0.0
2245 0.0
2246 0.0
2247 0.0
2248 0.0
2249 0.0
2250 0.0
2251 0.0
2252 0.0
2253 0.144717800289
2254 0.144717800289
2255 0.144717800289
2256 0.144717800289
2257 0.144717800289
2258 0.144717800289
2259 0.144717800289
2260 0.289435600579
2261 0.434153400868
2262 0.434153400868
2263 0.434153400868
2264 0.434153400868
2265 0.434153400868
2266 0.434153400868
2267 0.434153400868
2268 0.434153400868
2269 0.434153400868
2270 0.723589001447
2271 0.723589001447
2272 0.868306801737
2273 0.723589001447
2274 0.723589001447
2275 0.723589001447
2276 0.723589001447
2277 0.868306801737
2278 0.868306801737
2279 0.868306801737
2280 0.723589001447
2281 0.578871201158
2282 0.723589001447
2283 1.01302460203
2284 1.3024602026
2285 1.3024602026
2286 1.3024602026
2287 1.44717800289
2288 1.44717800289
2289 1.44717800289
2290 1.15774240232
2291 1.15774240232
2292 1.01302460203
2293 1.01302460203
2294 1.01302460203
2295 1.01302460203
2296 1.01302460203
2297 0.868306801737
2298 0.868306801737
2299 0.868306801737
2300 0.868306801737
2301 0.868306801737
2302 0.723589001447
2303 0.434153400868
2304 0.144717800289
2305 0.144717800289
2306 0.144717800289
2307 0.0
2308 0.0
2309 0.0
2310 0.0
2311 0.0
2312 0.0
2313 0.0
2314 0.0
2315 0.0
2316 0.0
2317 0.0
2318 0.0
2319 0.289435600579
2320 0.289435600579
2321 0.289435600579
2322 0.289435600579
2323 0.289435600579
2324 0.289435600579
2325 0.289435600579
2326 0.289435600579
2327 0.289435600579
2328 0.289435600579
2329 0.289435600579
2330 0.434153400868
2331 0.434153400868
2332 0.434153400868
2333 0.434153400868
2334 0.434153400868
2335 1.01302460203
2336 1.01302460203
2337 1.44717800289
2338 1.44717800289
2339 1.15774240232
2340 1.15774240232
2341 1.15774240232
2342 1.15774240232
2343 1.15774240232
2344 1.15774240232
2345 1.15774240232
2346 1.15774240232
2347 1.15774240232
2348 1.15774240232
2349 1.15774240232
2350 1.01302460203
2351 1.01302460203
2352 1.01302460203
2353 1.01302460203
2354 1.01302460203
2355 0.434153400868
2356 0.434153400868
2357 0.0
2358 0.0
2359 0.289435600579
2360 0.289435600579
2361 0.289435600579
2362 0.434153400868
2363 0.434153400868
2364 0.434153400868
2365 0.434153400868
2366 0.434153400868
2367 0.578871201158
2368 0.578871201158
2369 0.578871201158
2370 0.578871201158
2371 0.578871201158
2372 0.578871201158
2373 0.578871201158
2374 0.578871201158
2375 0.578871201158
2376 0.723589001447
2377 0.868306801737
2378 0.868306801737
2379 0.578871201158
2380 0.578871201158
2381 0.578871201158
2382 0.434153400868
2383 0.434153400868
2384 0.578871201158
2385 0.578871201158
2386 0.723589001447
2387 0.578871201158
2388 0.578871201158
2389 0.578871201158
2390 0.578871201158
2391 0.578871201158
2392 0.578871201158
2393 0.578871201158
2394 0.578871201158
2395 0.578871201158
2396 0.434153400868
2397 0.289435600579
2398 0.289435600579
2399 0.289435600579
2400 0.289435600579
2401 0.289435600579
2402 0.434153400868
2403 0.434153400868
2404 0.289435600579
2405 0.289435600579
2406 0.289435600579
2407 0.289435600579
2408 0.289435600579
2409 0.289435600579
2410 0.289435600579
2411 0.289435600579
2412 0.289435600579
2413 0.289435600579
2414 0.289435600579
2415 0.289435600579
2416 0.289435600579
2417 0.289435600579
2418 0.289435600579
2419 0.289435600579
2420 0.289435600579
2421 0.289435600579
2422 0.144717800289
2423 0.144717800289
2424 0.144717800289
2425 0.289435600579
2426 0.144717800289
2427 0.144717800289
2428 0.144717800289
2429 0.144717800289
2430 0.144717800289
2431 0.144717800289
2432 0.144717800289
2433 0.144717800289
2434 0.144717800289
2435 0.144717800289
2436 0.144717800289
2437 0.144717800289
2438 0.144717800289
2439 0.144717800289
2440 0.144717800289
2441 0.144717800289
2442 0.144717800289
2443 0.144717800289
2444 0.144717800289
2445 0.0
2446 0.0
2447 0.0
2448 0.0
2449 0.0
2450 0.0
2451 0.0
2452 0.0
2453 0.0
2454 0.0
2455 0.144717800289
2456 0.144717800289
2457 0.144717800289
2458 0.144717800289
2459 0.289435600579
2460 0.289435600579
2461 0.289435600579
2462 0.289435600579
2463 0.289435600579
2464 0.289435600579
2465 0.289435600579
2466 0.289435600579
2467 0.289435600579
2468 0.289435600579
2469 0.289435600579
2470 0.289435600579
2471 0.289435600579
2472 0.434153400868
2473 0.578871201158
2474 0.578871201158
2475 0.434153400868
2476 0.434153400868
2477 0.434153400868
2478 0.434153400868
2479 0.289435600579
2480 0.289435600579
2481 0.434153400868
2482 0.434153400868
2483 0.578871201158
2484 0.578871201158
2485 0.578871201158
2486 0.578871201158
2487 0.723589001447
2488 0.723589001447
2489 0.723589001447
2490 0.723589001447
2491 0.723589001447
2492 0.578871201158
2493 0.434153400868
2494 0.578871201158
2495 0.578871201158
2496 0.578871201158
2497 0.578871201158
2498 0.578871201158
2499 0.578871201158
2500 0.578871201158
2501 0.434153400868
2502 0.434153400868
2503 0.289435600579
2504 0.289435600579
2505 0.289435600579
2506 0.578871201158
2507 0.434153400868
2508 0.434153400868
2509 0.578871201158
2510 0.578871201158
2511 1.15774240232
2512 1.15774240232
2513 1.15774240232
2514 1.01302460203
2515 1.01302460203
2516 1.01302460203
2517 1.01302460203
2518 1.15774240232
2519 1.15774240232
2520 1.15774240232
2521 1.15774240232
2522 1.15774240232
2523 1.15774240232
2524 1.15774240232
2525 1.15774240232
2526 0.868306801737
2527 0.868306801737
2528 0.868306801737
2529 0.723589001447
2530 0.723589001447
2531 0.144717800289
2532 0.434153400868
2533 0.434153400868
2534 0.578871201158
2535 0.578871201158
2536 0.723589001447
2537 0.723589001447
2538 0.578871201158
2539 0.578871201158
2540 0.578871201158
2541 0.578871201158
2542 0.578871201158
2543 0.578871201158
2544 0.578871201158
2545 0.578871201158
2546 0.578871201158
2547 0.578871201158
2548 0.578871201158
2549 0.578871201158
2550 0.578871201158
2551 0.578871201158
2552 0.289435600579
2553 0.289435600579
2554 0.144717800289
2555 0.144717800289
2556 0.0
2557 0.0
2558 0.0
2559 0.0
2560 0.0
2561 0.0
2562 0.0
2563 0.0
2564 0.0
2565 0.0
2566 0.0
2567 0.0
2568 0.0
2569 0.0
2570 0.0
2571 0.0
2572 0.0
2573 0.0
2574 0.0
2575 0.0
2576 0.0
2577 0.0
2578 0.0
2579 0.289435600579
2580 0.434153400868
2581 0.434153400868
2582 0.434153400868
2583 0.434153400868
2584 0.434153400868
2585 0.434153400868
2586 0.434153400868
2587 0.434153400868
2588 0.434153400868
2589 0.434153400868
2590 0.434153400868
2591 0.434153400868
2592 0.434153400868
2593 0.434153400868
2594 0.434153400868
2595 0.434153400868
2596 0.434153400868
2597 0.434153400868
2598 0.434153400868
2599 0.144717800289
2600 0.0
2601 0.144717800289
2602 0.144717800289
2603 0.144717800289
2604 0.144717800289
2605 0.289435600579
2606 0.289435600579
2607 0.434153400868
2608 0.434153400868
2609 0.434153400868
2610 0.434153400868
2611 0.434153400868
2612 0.434153400868
2613 0.434153400868
2614 0.434153400868
2615 0.434153400868
2616 0.434153400868
2617 0.434153400868
2618 0.578871201158
2619 0.578871201158
2620 0.723589001447
2621 0.578871201158
2622 0.578871201158
2623 0.578871201158
2624 0.578871201158
2625 0.434153400868
2626 0.434153400868
2627 0.434153400868
2628 0.434153400868
2629 0.434153400868
2630 0.434153400868
2631 0.434153400868
2632 0.578871201158
2633 0.578871201158
2634 0.578871201158
2635 0.578871201158
2636 0.578871201158
2637 0.578871201158
2638 0.434153400868
2639 0.434153400868
2640 0.289435600579
2641 0.289435600579
2642 0.289435600579
2643 0.289435600579
2644 0.434153400868
2645 0.434153400868
2646 0.434153400868
2647 0.289435600579
2648 0.289435600579
2649 0.289435600579
2650 0.434153400868
2651 0.434153400868
2652 0.289435600579
2653 0.289435600579
2654 0.289435600579
2655 0.289435600579
2656 0.289435600579
2657 0.289435600579
2658 0.289435600579
2659 0.289435600579
2660 0.434153400868
2661 0.434153400868
2662 0.434153400868
2663 0.578871201158
2664 0.434153400868
2665 0.434153400868
2666 0.723589001447
2667 1.01302460203
2668 1.01302460203
2669 1.15774240232
2670 1.01302460203
2671 1.01302460203
2672 1.01302460203
2673 1.01302460203
2674 1.01302460203
2675 1.01302460203
2676 1.01302460203
2677 1.01302460203
2678 1.01302460203
2679 1.01302460203
2680 1.15774240232
2681 1.15774240232
2682 1.15774240232
2683 1.01302460203
2684 1.01302460203
2685 1.01302460203
2686 0.723589001447
2687 0.434153400868
2688 0.434153400868
2689 0.289435600579
2690 0.289435600579
2691 0.289435600579
2692 0.289435600579
2693 0.289435600579
2694 0.289435600579
2695 0.289435600579
2696 0.289435600579
2697 0.289435600579
2698 0.289435600579
2699 0.289435600579
2700 0.0
2701 0.0
2702 0.0
2703 0.0
2704 0.0
2705 0.0
2706 0.0
2707 0.0
2708 0.0
2709 0.0
2710 0.0
2711 0.0
2712 0.0
2713 0.0
2714 0.0
2715 0.0
2716 0.0
2717 0.0
2718 0.0
2719 0.0
2720 0.0
2721 0.0
2722 0.0
2723 0.144717800289
2724 0.144717800289
2725 0.144717800289
2726 0.144717800289
2727 0.144717800289
2728 0.144717800289
2729 0.144717800289
2730 0.144717800289
2731 0.144717800289
2732 0.144717800289
2733 0.144717800289
2734 0.144717800289
2735 0.144717800289
2736 0.144717800289
2737 0.289435600579
2738 0.289435600579
2739 0.289435600579
2740 0.289435600579
2741 0.289435600579
2742 0.289435600579
2743 0.144717800289
2744 0.144717800289
2745 0.144717800289
2746 0.144717800289
2747 0.144717800289
2748 0.144717800289
2749 0.144717800289
2750 0.144717800289
2751 0.144717800289
2752 0.144717800289
2753 0.144717800289
2754 0.289435600579
2755 0.289435600579
2756 0.289435600579
2757 0.144717800289
2758 0.144717800289
2759 0.144717800289
2760 0.434153400868
2761 0.578871201158
2762 0.578871201158
2763 0.578871201158
2764 0.578871201158
2765 0.578871201158
2766 0.578871201158
2767 0.578871201158
2768 0.578871201158
2769 0.578871201158
2770 0.723589001447
2771 0.723589001447
2772 0.723589001447
2773 0.723589001447
2774 0.578871201158
2775 0.578871201158
2776 0.578871201158
2777 0.578871201158
2778 0.578871201158
2779 0.723589001447
2780 0.578871201158
2781 0.434153400868
2782 0.434153400868
2783 0.434153400868
2784 0.434153400868
2785 0.434153400868
2786 0.434153400868
2787 0.434153400868
2788 0.434153400868
2789 0.434153400868
2790 0.289435600579
2791 0.289435600579
2792 0.289435600579
2793 0.289435600579
2794 0.289435600579
2795 0.289435600579
2796 0.289435600579
2797 0.289435600579
2798 0.289435600579
2799 0.144717800289
2800 0.0
2801 0.0
2802 0.0
2803 0.0
2804 0.0
2805 0.0
2806 0.0
2807 0.0
2808 0.0
2809 0.0
2810 0.0
2811 0.0
2812 0.0
2813 0.0
2814 0.0
2815 0.289435600579
2816 0.434153400868
2817 0.434153400868
2818 0.434153400868
2819 0.434153400868
2820 0.434153400868
2821 0.434153400868
2822 0.868306801737
2823 0.868306801737
2824 1.01302460203
2825 1.01302460203
2826 1.15774240232
2827 1.15774240232
2828 1.15774240232
2829 1.15774240232
2830 1.15774240232
2831 1.15774240232
2832 1.3024602026
2833 1.3024602026
2834 1.3024602026
2835 1.15774240232
2836 1.01302460203
2837 1.01302460203
2838 1.01302460203
2839 1.01302460203
2840 1.01302460203
2841 1.01302460203
2842 0.578871201158
2843 0.578871201158
2844 0.434153400868
2845 0.434153400868
2846 0.289435600579
2847 0.289435600579
2848 0.289435600579
2849 0.289435600579
2850 0.289435600579
2851 0.289435600579
2852 0.144717800289
2853 0.144717800289
2854 0.144717800289
2855 0.0
2856 0.0
2857 0.0
2858 0.0
2859 0.0
2860 0.0
2861 0.144717800289
2862 0.144717800289
2863 0.144717800289
2864 0.144717800289
2865 0.144717800289
2866 0.289435600579
2867 0.289435600579
2868 0.289435600579
2869 0.434153400868
2870 0.434153400868
2871 0.578871201158
2872 0.578871201158
2873 0.578871201158
2874 0.578871201158
2875 0.578871201158
2876 0.578871201158
2877 0.578871201158
2878 0.578871201158
2879 0.578871201158
2880 0.578871201158
2881 0.434153400868
2882 0.578871201158
2883 0.578871201158
2884 0.578871201158
2885 0.578871201158
2886 0.434153400868
2887 0.578871201158
2888 0.578871201158
2889 0.434153400868
2890 0.434153400868
2891 0.289435600579
2892 0.289435600579
2893 0.289435600579
2894 0.289435600579
2895 0.289435600579
2896 0.289435600579
2897 0.289435600579
2898 0.289435600579
2899 0.289435600579
2900 0.289435600579
2901 0.289435600579
2902 0.144717800289
2903 0.144717800289
2904 0.144717800289
2905 0.144717800289
2906 0.144717800289
2907 0.0
2908 0.0
2909 0.0
2910 0.144717800289
2911 0.144717800289
2912 0.144717800289
2913 0.144717800289
2914 0.289435600579
2915 0.434153400868
2916 0.434153400868
2917 0.434153400868
2918 0.434153400868
2919 0.434153400868
2920 0.434153400868
2921 0.434153400868
2922 0.434153400868
2923 0.434153400868
2924 0.434153400868
2925 0.434153400868
2926 0.434153400868
2927 0.578871201158
2928 0.578871201158
2929 0.578871201158
2930 0.434153400868
2931 0.434153400868
2932 0.434153400868
2933 0.434153400868
2934 0.289435600579
2935 0.144717800289
2936 0.144717800289
2937 0.144717800289
2938 0.289435600579
2939 0.289435600579
2940 0.289435600579
2941 0.289435600579
2942 0.289435600579
2943 0.289435600579
2944 0.289435600579
2945 0.289435600579
2946 0.289435600579
2947 0.144717800289
2948 0.144717800289
2949 0.144717800289
2950 0.144717800289
2951 0.144717800289
2952 0.144717800289
2953 0.144717800289
2954 0.144717800289
2955 0.144717800289
2956 0.289435600579
2957 0.289435600579
2958 0.289435600579
2959 0.289435600579
2960 0.578871201158
2961 0.578871201158
2962 0.578871201158
2963 0.578871201158
2964 0.578871201158
2965 0.578871201158
2966 0.578871201158
2967 0.578871201158
2968 0.578871201158
2969 0.723589001447
2970 0.723589001447
2971 0.723589001447
2972 0.723589001447
2973 0.723589001447
2974 0.723589001447
2975 0.723589001447
2976 0.578871201158
2977 0.578871201158
2978 0.434153400868
2979 0.434153400868
2980 0.144717800289
2981 0.144717800289
2982 0.434153400868
2983 0.434153400868
2984 0.434153400868
2985 0.434153400868
2986 0.434153400868
2987 0.434153400868
2988 0.434153400868
2989 0.434153400868
2990 0.434153400868
2991 0.434153400868
2992 0.434153400868
2993 0.434153400868
2994 0.434153400868
2995 0.434153400868
2996 0.434153400868
2997 0.434153400868
2998 0.434153400868
2999 0.434153400868
3000 0.434153400868
3001 0.434153400868
3002 0.144717800289
3003 0.144717800289
3004 0.144717800289
3005 0.144717800289
3006 0.144717800289
3007 0.144717800289
3008 0.144717800289
3009 0.0
3010 0.0
3011 0.0
3012 0.0
3013 0.0
3014 0.0
3015 0.0
3016 0.0
3017 0.144717800289
3018 0.144717800289
3019 0.144717800289
3020 0.434153400868
3021 0.434153400868
3022 0.434153400868
3023 0.434153400868
3024 0.434153400868
3025 0.434153400868
3026 0.434153400868
3027 0.434153400868
3028 0.434153400868
3029 0.434153400868
3030 0.434153400868
3031 0.434153400868
3032 0.434153400868
3033 0.434153400868
3034 0.434153400868
3035 0.434153400868
3036 0.434153400868
3037 0.289435600579
3038 0.289435600579
3039 0.289435600579
3040 0.144717800289
3041 0.144717800289
3042 0.144717800289
3043 0.144717800289
3044 0.144717800289
3045 0.144717800289
3046 0.144717800289
3047 0.144717800289
3048 0.144717800289
3049 0.144717800289
3050 0.144717800289
3051 0.144717800289
3052 0.144717800289
3053 0.144717800289
3054 0.144717800289
3055 0.144717800289
3056 0.144717800289
3057 0.144717800289
3058 0.144717800289
3059 0.144717800289
3060 0.0
3061 0.144717800289
3062 0.144717800289
3063 0.434153400868
3064 0.434153400868
3065 0.434153400868
3066 0.434153400868
3067 0.434153400868
3068 0.434153400868
3069 0.434153400868
3070 0.434153400868
3071 0.434153400868
3072 0.434153400868
3073 0.434153400868
3074 0.434153400868
3075 0.434153400868
3076 0.434153400868
3077 0.434153400868
3078 0.434153400868
3079 0.434153400868
3080 0.434153400868
3081 0.434153400868
3082 0.434153400868
3083 0.144717800289
3084 0.144717800289
3085 0.144717800289
3086 0.144717800289
3087 0.144717800289
3088 0.144717800289
3089 0.144717800289
3090 0.144717800289
3091 0.144717800289
3092 0.144717800289
3093 0.144717800289
3094 0.144717800289
3095 0.144717800289
3096 0.144717800289
3097 0.144717800289
3098 0.144717800289
3099 0.144717800289
3100 0.144717800289
3101 0.0
3102 0.0
3103 0.0
3104 0.0
3105 0.0
3106 0.0
3107 0.0
3108 0.0
3109 0.0
3110 0.0
3111 0.289435600579
3112 0.289435600579
3113 0.289435600579
3114 0.434153400868
3115 0.434153400868
3116 0.434153400868
3117 0.434153400868
3118 0.434153400868
3119 0.578871201158
3120 0.578871201158
3121 0.578871201158
3122 0.723589001447
3123 0.723589001447
3124 0.723589001447
3125 1.01302460203
3126 1.01302460203
3127 1.01302460203
3128 1.01302460203
3129 1.15774240232
3130 1.15774240232
3131 0.868306801737
3132 0.868306801737
3133 0.868306801737
3134 0.723589001447
3135 0.723589001447
3136 0.723589001447
3137 0.723589001447
3138 0.723589001447
3139 0.578871201158
3140 0.578871201158
3141 0.578871201158
3142 0.434153400868
3143 0.434153400868
3144 0.434153400868
3145 0.144717800289
3146 0.144717800289
3147 0.144717800289
3148 0.144717800289
3149 0.0
3150 0.0
3151 0.0
3152 0.0
3153 0.0
3154 0.0
3155 0.0
3156 0.0
3157 0.0
3158 0.0
3159 0.0
3160 0.0
3161 0.0
3162 0.0
3163 0.0
3164 0.144717800289
3165 0.144717800289
3166 0.144717800289
3167 0.144717800289
3168 0.144717800289
3169 0.144717800289
3170 0.144717800289
3171 0.144717800289
3172 0.144717800289
3173 0.144717800289
3174 0.144717800289
3175 0.144717800289
3176 0.144717800289
3177 0.144717800289
3178 0.144717800289
3179 0.144717800289
3180 0.144717800289
3181 0.144717800289
3182 0.144717800289
3183 0.289435600579
3184 0.144717800289
3185 0.144717800289
3186 0.289435600579
3187 0.289435600579
3188 0.289435600579
3189 0.289435600579
3190 0.434153400868
3191 0.434153400868
3192 0.434153400868
3193 0.578871201158
3194 0.578871201158
3195 0.578871201158
3196 0.578871201158
3197 0.578871201158
3198 0.578871201158
3199 0.578871201158
3200 0.578871201158
3201 0.578871201158
3202 0.578871201158
3203 0.434153400868
3204 0.434153400868
3205 0.434153400868
3206 0.289435600579
3207 0.289435600579
3208 0.289435600579
3209 0.289435600579
3210 0.144717800289
3211 0.289435600579
3212 0.289435600579
3213 0.144717800289
3214 0.144717800289
3215 0.144717800289
3216 0.144717800289
3217 0.144717800289
3218 0.144717800289
3219 0.144717800289
3220 0.144717800289
3221 0.144717800289
3222 0.144717800289
3223 0.144717800289
3224 0.144717800289
3225 0.144717800289
3226 0.144717800289
3227 0.144717800289
3228 0.144717800289
3229 0.289435600579
3230 0.289435600579
3231 0.144717800289
3232 0.144717800289
3233 0.578871201158
3234 0.578871201158
3235 0.578871201158
3236 0.578871201158
3237 0.578871201158
3238 0.578871201158
3239 0.578871201158
3240 0.578871201158
3241 0.578871201158
3242 0.578871201158
3243 0.578871201158
3244 0.578871201158
3245 0.578871201158
3246 0.578871201158
3247 0.578871201158
3248 0.578871201158
3249 0.434153400868
3250 0.434153400868
3251 0.434153400868
3252 0.434153400868
3253 0.0
3254 0.0
3255 0.0
3256 0.0
3257 0.0
3258 0.0
3259 0.0
3260 0.0
3261 0.0
3262 0.0
3263 0.0
3264 0.0
3265 0.144717800289
3266 0.434153400868
3267 0.723589001447
3268 0.868306801737
3269 1.01302460203
3270 1.01302460203
3271 1.01302460203
3272 1.01302460203
3273 1.01302460203
3274 1.01302460203
3275 1.15774240232
3276 1.15774240232
3277 1.15774240232
3278 1.15774240232
3279 1.15774240232
3280 1.3024602026
3281 1.3024602026
3282 1.3024602026
3283 1.3024602026
3284 1.44717800289
3285 1.3024602026
3286 1.01302460203
3287 0.723589001447
3288 0.578871201158
3289 0.434153400868
3290 0.434153400868
3291 0.434153400868
3292 0.434153400868
3293 0.434153400868
3294 0.434153400868
3295 0.289435600579
3296 0.289435600579
3297 0.289435600579
3298 0.289435600579
3299 0.289435600579
3300 0.144717800289
3301 0.144717800289
3302 0.144717800289
3303 0.144717800289
3304 0.0
3305 0.0
3306 0.0
3307 0.0
3308 0.144717800289
3309 0.289435600579
3310 0.289435600579
3311 0.289435600579
3312 0.289435600579
3313 0.289435600579
3314 0.289435600579
3315 0.434153400868
3316 0.434153400868
3317 0.434153400868
3318 0.434153400868
3319 0.434153400868
3320 0.434153400868
3321 0.578871201158
3322 0.578871201158
3323 0.578871201158
3324 0.578871201158
3325 0.578871201158
3326 0.578871201158
3327 0.578871201158
3328 0.434153400868
3329 0.289435600579
3330 0.289435600579
3331 0.289435600579
3332 0.289435600579
3333 0.434153400868
3334 0.434153400868
3335 0.289435600579
3336 0.289435600579
3337 0.289435600579
3338 0.289435600579
3339 0.289435600579
3340 0.289435600579
3341 0.144717800289
3342 0.144717800289
3343 0.144717800289
3344 0.144717800289
3345 0.144717800289
3346 0.144717800289
3347 0.144717800289
3348 0.144717800289
3349 0.144717800289
3350 0.144717800289
3351 0.144717800289
3352 0.144717800289
3353 0.0
3354 0.0
3355 0.0
3356 0.0
3357 0.144717800289
3358 0.144717800289
3359 0.144717800289
3360 0.289435600579
3361 0.289435600579
3362 0.434153400868
3363 0.578871201158
3364 0.578871201158
3365 0.578871201158
3366 0.723589001447
3367 0.723589001447
3368 0.723589001447
3369 0.868306801737
3370 0.868306801737
3371 0.868306801737
3372 0.868306801737
3373 0.868306801737
3374 0.868306801737
3375 0.868306801737
3376 0.868306801737
3377 0.723589001447
3378 0.723589001447
3379 0.868306801737
3380 0.723589001447
3381 0.723589001447
3382 0.578871201158
3383 0.434153400868
3384 0.434153400868
3385 0.434153400868
3386 0.289435600579
3387 0.289435600579
3388 0.289435600579
3389 0.144717800289
3390 0.144717800289
3391 0.144717800289
3392 0.144717800289
3393 0.144717800289
3394 0.144717800289
3395 0.144717800289
3396 0.144717800289
3397 0.144717800289
3398 0.144717800289
3399 0.0
3400 0.0
3401 0.0
3402 0.0
3403 0.0
3404 0.0
3405 0.0
3406 0.0
3407 0.0
3408 0.289435600579
3409 0.289435600579
3410 0.289435600579
3411 0.289435600579
3412 0.289435600579
3413 0.289435600579
3414 0.289435600579
3415 0.289435600579
3416 0.289435600579
3417 0.289435600579
3418 0.289435600579
3419 0.289435600579
3420 0.434153400868
3421 0.578871201158
3422 0.578871201158
3423 0.578871201158
3424 0.578871201158
3425 0.868306801737
3426 0.868306801737
3427 1.01302460203
3428 0.723589001447
3429 0.723589001447
3430 0.723589001447
3431 0.723589001447
3432 0.723589001447
3433 0.723589001447
3434 0.723589001447
3435 0.723589001447
3436 0.723589001447
3437 0.723589001447
3438 0.723589001447
3439 0.723589001447
3440 0.578871201158
3441 0.434153400868
3442 0.434153400868
3443 0.434153400868
3444 0.434153400868
3445 0.144717800289
3446 0.144717800289
3447 0.0
3448 0.0
3449 0.0
3450 0.0
