0 0.144717800289
1 0.144717800289
2 0.0
3 0.0
4 0.0
5 0.578871201158
6 0.578871201158
7 0.578871201158
8 0.578871201158
9 0.578871201158
10 0.578871201158
11 0.578871201158
12 0.578871201158
13 0.723589001447
14 0.723589001447
15 0.723589001447
16 0.723589001447
17 0.723589001447
18 0.723589001447
19 0.723589001447
20 0.723589001447
21 0.723589001447
22 0.723589001447
23 0.723589001447
24 0.868306801737
25 0.289435600579
26 0.289435600579
27 0.289435600579
28 0.289435600579
29 0.289435600579
30 0.289435600579
31 0.289435600579
32 0.289435600579
33 0.144717800289
34 0.144717800289
35 0.144717800289
36 0.144717800289
37 0.144717800289
38 0.144717800289
39 0.144717800289
40 0.144717800289
41 0.144717800289
42 0.144717800289
43 0.144717800289
44 0.144717800289
45 0.144717800289
46 0.144717800289
47 0.144717800289
48 0.144717800289
49 0.144717800289
50 0.144717800289
51 0.144717800289
52 0.144717800289
53 0.144717800289
54 0.144717800289
55 0.144717800289
56 0.289435600579
57 0.289435600579
58 0.289435600579
59 0.434153400868
60 0.434153400868
61 0.434153400868
62 0.434153400868
63 0.434153400868
64 0.434153400868
65 0.578871201158
66 0.578871201158
67 0.578871201158
68 0.578871201158
69 0.578871201158
70 0.578871201158
71 0.578871201158
72 0.578871201158
73 0.578871201158
74 0.578871201158
75 0.723589001447
76 0.578871201158
77 0.723589001447
78 0.723589001447
79 0.578871201158
80 0.868306801737
81 0.868306801737
82 0.868306801737
83 0.868306801737
84 0.723589001447
85 0.578871201158
86 0.578871201158
87 0.578871201158
88 0.578871201158
89 0.578871201158
90 0.578871201158
91 0.578871201158
92 0.723589001447
93 0.723589001447
94 0.723589001447
95 0.578871201158
96 0.578871201158
97 0.434153400868
98 0.578871201158
99 0.723589001447
100 0.434153400868
101 0.434153400868
102 0.434153400868
103 0.434153400868
104 0.434153400868
105 0.434153400868
106 0.434153400868
107 0.434153400868
108 0.434153400868
109 0.578871201158
110 0.578871201158
111 0.578871201158
112 0.723589001447
113 0.723589001447
114 0.723589001447
115 0.723589001447
116 1.01302460203
117 1.01302460203
118 0.868306801737
119 0.723589001447
120 0.868306801737
121 1.01302460203
122 1.01302460203
123 1.01302460203
124 1.01302460203
125 1.01302460203
126 1.01302460203
127 1.15774240232
128 1.15774240232
129 1.01302460203
130 1.01302460203
131 1.01302460203
132 0.723589001447
133 0.723589001447
134 0.723589001447
135 0.723589001447
136 0.434153400868
137 0.434153400868
138 0.434153400868
139 0.434153400868
140 0.289435600579
141 0.144717800289
142 0.144717800289
143 0.144717800289
144 0.144717800289
145 0.144717800289
146 0.144717800289
147 0.0
148 0.0
149 0.144717800289
150 0.144717800289
151 0.144717800289
152 0.144717800289
153 0.144717800289
154 0.144717800289
155 0.144717800289
156 0.144717800289
157 0.144717800289
158 0.144717800289
159 0.144717800289
160 0.144717800289
161 0.144717800289
162 0.144717800289
163 0.144717800289
164 0.144717800289
165 0.144717800289
166 0.144717800289
167 0.144717800289
168 0.144717800289
169 0.0
170 0.0
171 0.0
172 0.0
173 0.0
174 0.0
175 0.144717800289
176 0.144717800289
177 0.144717800289
178 0.144717800289
179 0.144717800289
180 0.144717800289
181 0.144717800289
182 0.144717800289
183 0.144717800289
184 0.144717800289
185 0.144717800289
186 0.144717800289
187 0.868306801737
188 0.868306801737
189 0.868306801737
190 0.868306801737
191 0.868306801737
192 1.15774240232
193 1.15774240232
194 1.15774240232
195 1.15774240232
196 1.15774240232
197 1.3024602026
198 1.3024602026
199 1.3024602026
200 1.3024602026
201 1.3024602026
202 1.3024602026
203 1.3024602026
204 1.3024602026
205 1.3024602026
206 1.3024602026
207 0.723589001447
208 0.723589001447
209 0.723589001447
210 0.723589001447
211 0.723589001447
212 0.434153400868
213 0.434153400868
214 0.434153400868
215 0.289435600579
216 0.289435600579
217 0.144717800289
218 0.144717800289
219 0.144717800289
220 0.144717800289
221 0.144717800289
222 0.144717800289
223 0.144717800289
224 0.144717800289
225 0.144717800289
226 0.144717800289
227 0.0
228 0.0
229 0.0
230 0.0
231 0.0
232 0.0
233 0.0
234 0.0
235 0.289435600579
236 0.289435600579
237 0.289435600579
238 0.289435600579
239 0.289435600579
240 0.289435600579
241 0.289435600579
242 0.434153400868
243 0.434153400868
244 0.434153400868
245 0.434153400868
246 0.434153400868
247 0.434153400868
248 0.434153400868
249 0.434153400868
250 0.434153400868
251 0.578871201158
252 0.578871201158
253 0.578871201158
254 0.578871201158
255 0.289435600579
256 0.289435600579
257 0.289435600579
258 0.289435600579
259 0.289435600579
260 0.289435600579
261 0.289435600579
262 5.78871201158
263 5.78871201158
264 5.78871201158
265 5.78871201158
266 5.78871201158
267 5.93342981187
268 5.93342981187
269 5.93342981187
270 5.93342981187
271 5.78871201158
272 5.78871201158
273 5.78871201158
274 5.78871201158
275 5.78871201158
276 5.78871201158
277 5.78871201158
278 5.93342981187
279 5.93342981187
280 5.93342981187
281 5.93342981187
282 0.434153400868
283 0.434153400868
284 0.434153400868
285 0.434153400868
286 0.434153400868
287 0.289435600579
288 0.289435600579
289 0.289435600579
290 0.289435600579
291 0.289435600579
292 0.289435600579
293 0.289435600579
294 0.289435600579
295 0.289435600579
296 0.434153400868
297 0.434153400868
298 0.289435600579
299 0.289435600579
300 0.289435600579
301 0.434153400868
302 0.289435600579
303 0.289435600579
304 0.289435600579
305 0.289435600579
306 0.289435600579
307 0.289435600579
308 0.289435600579
309 0.289435600579
310 0.289435600579
311 0.289435600579
312 0.289435600579
313 0.289435600579
314 0.289435600579
315 0.289435600579
316 0.144717800289
317 0.144717800289
318 0.144717800289
319 0.144717800289
320 0.144717800289
321 0.0
322 0.0
323 0.0
324 0.0
325 0.0
326 0.0
327 0.0
328 0.0
329 0.0
330 0.0
331 0.0
332 0.0
333 0.0
334 0.0
335 0.0
336 0.0
337 0.0
338 0.0
339 0.0
340 0.0
341 0.0
342 0.0
343 0.0
344 0.0
345 0.0
346 0.144717800289
347 0.144717800289
348 0.144717800289
349 0.289435600579
350 0.289435600579
351 0.434153400868
352 0.434153400868
353 0.434153400868
354 0.434153400868
355 0.434153400868
356 0.434153400868
357 0.434153400868
358 0.434153400868
359 0.434153400868
360 0.578871201158
361 0.578871201158
362 0.578871201158
363 0.578871201158
364 0.578871201158
365 0.578871201158
366 0.434153400868
367 0.434153400868
368 0.434153400868
369 0.289435600579
370 0.289435600579
371 0.144717800289
372 0.144717800289
373 0.144717800289
374 0.144717800289
375 0.289435600579
376 0.289435600579
377 0.289435600579
378 0.289435600579
379 0.289435600579
380 0.144717800289
381 0.144717800289
382 0.144717800289
383 0.434153400868
384 0.434153400868
385 0.434153400868
386 0.434153400868
387 0.434153400868
388 0.434153400868
389 0.434153400868
390 0.434153400868
391 0.434153400868
392 0.434153400868
393 0.434153400868
394 0.434153400868
395 0.434153400868
396 0.434153400868
397 0.434153400868
398 0.434153400868
399 0.723589001447
400 0.723589001447
401 0.723589001447
402 0.723589001447
403 0.434153400868
404 0.434153400868
405 0.434153400868
406 0.434153400868
407 0.434153400868
408 0.578871201158
409 0.578871201158
410 0.578871201158
411 0.578871201158
412 0.578871201158
413 0.578871201158
414 0.578871201158
415 0.434153400868
416 0.434153400868
417 0.578871201158
418 0.578871201158
419 0.578871201158
420 0.723589001447
421 1.01302460203
422 1.01302460203
423 1.01302460203
424 1.01302460203
425 1.01302460203
426 1.01302460203
427 1.01302460203
428 0.868306801737
429 0.868306801737
430 1.01302460203
431 1.3024602026
432 1.3024602026
433 1.3024602026
434 1.3024602026
435 1.3024602026
436 1.3024602026
437 1.15774240232
438 1.15774240232
439 0.868306801737
440 0.723589001447
441 0.434153400868
442 0.434153400868
443 0.434153400868
444 0.434153400868
445 0.434153400868
446 0.434153400868
447 0.723589001447
448 0.723589001447
449 0.723589001447
450 0.723589001447
451 0.434153400868
452 0.434153400868
453 0.434153400868
454 0.434153400868
455 0.434153400868
456 0.578871201158
457 0.723589001447
458 0.723589001447
459 0.723589001447
460 0.723589001447
461 0.723589001447
462 0.723589001447
463 1.01302460203
464 1.01302460203
465 1.01302460203
466 1.3024602026
467 1.59189580318
468 1.59189580318
469 1.88133140376
470 1.73661360347
471 1.73661360347
472 1.73661360347
473 1.73661360347
474 1.73661360347
475 1.73661360347
476 1.59189580318
477 1.44717800289
478 1.44717800289
479 1.44717800289
480 1.59189580318
481 1.59189580318
482 1.59189580318
483 1.3024602026
484 1.3024602026
485 1.3024602026
486 1.01302460203
487 0.434153400868
488 0.434153400868
489 0.144717800289
490 0.144717800289
491 0.144717800289
492 0.144717800289
493 0.144717800289
494 0.144717800289
495 0.144717800289
496 0.144717800289
497 0.144717800289
498 0.144717800289
499 0.144717800289
500 0.0
501 0.0
502 0.0
503 0.289435600579
504 0.289435600579
505 0.289435600579
506 0.289435600579
507 0.434153400868
508 0.578871201158
509 0.578871201158
510 0.578871201158
511 0.578871201158
512 0.578871201158
513 0.578871201158
514 0.578871201158
515 0.578871201158
516 0.578871201158
517 0.578871201158
518 0.578871201158
519 0.578871201158
520 0.578871201158
521 0.578871201158
522 0.578871201158
523 0.289435600579
524 0.289435600579
525 0.289435600579
526 0.289435600579
527 0.434153400868
528 0.289435600579
529 0.434153400868
530 0.578871201158
531 0.578871201158
532 0.578871201158
533 0.578871201158
534 0.578871201158
535 0.578871201158
536 0.578871201158
537 0.578871201158
538 0.578871201158
539 0.578871201158
540 0.578871201158
541 0.578871201158
542 0.868306801737
543 0.868306801737
544 0.868306801737
545 0.868306801737
546 0.868306801737
547 0.578871201158
548 0.578871201158
549 0.434153400868
550 0.289435600579
551 0.289435600579
552 0.289435600579
553 0.289435600579
554 0.289435600579
555 0.289435600579
556 0.289435600579
557 0.289435600579
558 0.289435600579
559 0.289435600579
560 0.434153400868
561 0.434153400868
562 0.144717800289
563 0.144717800289
564 0.144717800289
565 0.144717800289
566 0.144717800289
567 0.144717800289
568 0.144717800289
569 0.144717800289
570 0.144717800289
571 0.723589001447
572 1.01302460203
573 1.01302460203
574 1.01302460203
575 1.01302460203
576 1.01302460203
577 1.01302460203
578 1.15774240232
579 1.15774240232
580 1.01302460203
581 1.01302460203
582 1.01302460203
583 1.01302460203
584 1.01302460203
585 1.01302460203
586 1.01302460203
587 1.3024602026
588 1.3024602026
589 1.3024602026
590 1.3024602026
591 0.723589001447
592 0.434153400868
593 0.434153400868
594 0.434153400868
595 0.434153400868
596 0.434153400868
597 0.434153400868
598 0.289435600579
599 0.289435600579
600 0.289435600579
601 0.289435600579
602 0.289435600579
603 0.289435600579
604 0.289435600579
605 0.289435600579
606 0.289435600579
607 0.0
608 0.0
609 0.144717800289
610 0.144717800289
611 0.144717800289
612 0.144717800289
613 0.434153400868
614 0.434153400868
615 0.578871201158
616 0.723589001447
617 0.723589001447
618 0.868306801737
619 0.868306801737
620 0.868306801737
621 0.868306801737
622 0.868306801737
623 0.868306801737
624 0.868306801737
625 0.868306801737
626 1.15774240232
627 1.15774240232
628 1.15774240232
629 1.01302460203
630 1.01302460203
631 1.01302460203
632 1.01302460203
633 0.723589001447
634 0.723589001447
635 0.723589001447
636 0.578871201158
637 0.578871201158
638 0.434153400868
639 0.434153400868
640 0.434153400868
641 0.434153400868
642 0.434153400868
643 0.434153400868
644 0.434153400868
645 0.434153400868
646 0.144717800289
647 0.144717800289
648 0.144717800289
649 0.144717800289
650 0.144717800289
651 0.144717800289
652 0.144717800289
653 0.144717800289
654 0.144717800289
655 0.0
656 0.0
657 0.0
658 0.0
659 0.0
660 0.144717800289
661 0.144717800289
662 0.144717800289
663 0.144717800289
664 0.144717800289
665 0.144717800289
666 0.144717800289
667 0.144717800289
668 0.144717800289
669 0.144717800289
670 0.144717800289
671 0.144717800289
672 0.144717800289
673 0.144717800289
674 0.289435600579
675 0.723589001447
676 0.723589001447
677 0.723589001447
678 0.723589001447
679 0.723589001447
680 0.578871201158
681 0.578871201158
682 0.578871201158
683 0.578871201158
684 0.723589001447
685 0.723589001447
686 0.723589001447
687 1.01302460203
688 1.01302460203
689 1.01302460203
690 1.01302460203
691 1.01302460203
692 1.01302460203
693 1.01302460203
694 0.868306801737
695 0.434153400868
696 0.434153400868
697 0.723589001447
698 0.723589001447
699 0.723589001447
700 0.723589001447
701 0.723589001447
702 0.723589001447
703 0.723589001447
704 0.578871201158
705 0.578871201158
706 0.578871201158
707 0.289435600579
708 0.289435600579
709 0.289435600579
710 0.289435600579
711 0.289435600579
712 0.289435600579
713 0.289435600579
714 0.289435600579
715 0.289435600579
716 0.289435600579
717 0.0
718 0.0
719 0.0
720 0.0
721 0.0
722 0.0
723 0.144717800289
724 0.144717800289
725 0.144717800289
726 0.144717800289
727 0.144717800289
728 0.144717800289
729 0.289435600579
730 0.289435600579
731 0.289435600579
732 0.289435600579
733 0.289435600579
734 0.289435600579
735 0.289435600579
736 0.289435600579
737 0.289435600579
738 0.289435600579
739 0.289435600579
740 0.434153400868
741 0.434153400868
742 0.434153400868
743 0.289435600579
744 0.289435600579
745 0.289435600579
746 0.289435600579
747 0.289435600579
748 0.289435600579
749 0.144717800289
750 0.144717800289
751 0.144717800289
752 0.144717800289
753 0.144717800289
754 0.144717800289
755 0.144717800289
756 0.289435600579
757 0.289435600579
758 0.289435600579
759 0.289435600579
760 0.144717800289
761 0.289435600579
762 0.289435600579
763 0.289435600579
764 0.289435600579
765 0.289435600579
766 0.289435600579
767 0.289435600579
768 0.289435600579
769 0.289435600579
770 0.289435600579
771 0.434153400868
772 0.434153400868
773 0.434153400868
774 0.434153400868
775 0.434153400868
776 0.434153400868
777 0.434153400868
778 0.434153400868
779 0.434153400868
780 0.434153400868
781 0.289435600579
782 0.289435600579
783 0.289435600579
784 0.289435600579
785 0.289435600579
786 1.73661360347
787 1.73661360347
788 1.73661360347
789 1.73661360347
790 1.73661360347
791 1.59189580318
792 1.59189580318
793 1.59189580318
794 1.73661360347
795 1.73661360347
796 1.59189580318
797 1.59189580318
798 1.73661360347
799 1.88133140376
800 1.88133140376
801 1.88133140376
802 1.88133140376
803 1.88133140376
804 1.88133140376
805 1.88133140376
806 0.578871201158
807 0.723589001447
808 0.723589001447
809 0.868306801737
810 0.868306801737
811 0.868306801737
812 0.868306801737
813 0.868306801737
814 0.723589001447
815 0.723589001447
816 0.723589001447
817 0.723589001447
818 0.578871201158
819 0.434153400868
820 0.723589001447
821 0.868306801737
822 0.868306801737
823 0.868306801737
824 0.868306801737
825 0.868306801737
826 0.723589001447
827 0.578871201158
828 0.723589001447
829 0.578871201158
830 0.578871201158
831 0.578871201158
832 0.578871201158
833 0.578871201158
834 0.578871201158
835 0.578871201158
836 0.578871201158
837 0.578871201158
838 0.578871201158
839 0.578871201158
840 0.289435600579
841 0.144717800289
842 0.144717800289
843 0.144717800289
844 0.144717800289
845 0.144717800289
846 0.434153400868
847 0.434153400868
848 0.289435600579
849 0.289435600579
850 0.289435600579
851 0.289435600579
852 0.289435600579
853 1.01302460203
854 1.01302460203
855 1.01302460203
856 1.01302460203
857 1.01302460203
858 1.01302460203
859 1.01302460203
860 1.01302460203
861 1.01302460203
862 1.01302460203
863 1.01302460203
864 1.01302460203
865 1.01302460203
866 0.723589001447
867 0.723589001447
868 0.723589001447
869 0.723589001447
870 0.723589001447
871 0.723589001447
872 0.723589001447
873 0.0
874 0.0
875 0.0
876 0.0
877 0.0
878 0.0
879 0.144717800289
880 0.144717800289
881 0.144717800289
882 0.144717800289
883 0.144717800289
884 0.144717800289
885 0.144717800289
886 0.144717800289
887 0.144717800289
888 0.144717800289
889 0.144717800289
890 0.289435600579
891 0.289435600579
892 0.289435600579
893 0.289435600579
894 0.434153400868
895 0.434153400868
896 0.434153400868
897 0.434153400868
898 0.434153400868
899 0.434153400868
900 0.434153400868
901 0.434153400868
902 0.434153400868
903 0.434153400868
904 0.434153400868
905 0.434153400868
906 0.434153400868
907 0.434153400868
908 0.434153400868
909 0.434153400868
910 0.289435600579
911 0.289435600579
912 0.289435600579
913 0.434153400868
914 0.289435600579
915 0.289435600579
916 0.289435600579
917 0.289435600579
918 0.434153400868
919 0.289435600579
920 0.289435600579
921 0.434153400868
922 0.434153400868
923 0.434153400868
924 0.578871201158
925 0.578871201158
926 0.578871201158
927 0.578871201158
928 0.578871201158
929 0.578871201158
930 0.578871201158
931 0.723589001447
932 0.723589001447
933 0.578871201158
934 0.723589001447
935 0.723589001447
936 0.723589001447
937 0.723589001447
938 0.578871201158
939 0.578871201158
940 0.578871201158
941 0.434153400868
942 0.434153400868
943 0.578871201158
944 0.578871201158
945 0.578871201158
946 0.578871201158
947 0.578871201158
948 0.578871201158
949 0.578871201158
950 0.578871201158
951 0.434153400868
952 0.434153400868
953 0.434153400868
954 0.289435600579
955 0.434153400868
956 0.434153400868
957 0.434153400868
958 0.434153400868
959 0.434153400868
960 0.434153400868
961 1.01302460203
962 1.01302460203
963 1.01302460203
964 0.868306801737
965 0.868306801737
966 0.868306801737
967 0.868306801737
968 1.01302460203
969 1.01302460203
970 1.01302460203
971 1.01302460203
972 1.01302460203
973 1.01302460203
974 1.01302460203
975 0.868306801737
976 0.868306801737
977 1.01302460203
978 1.01302460203
979 1.01302460203
980 1.15774240232
981 0.578871201158
982 0.578871201158
983 0.434153400868
984 0.723589001447
985 0.723589001447
986 0.723589001447
987 0.723589001447
988 0.578871201158
989 0.578871201158
990 0.578871201158
991 0.578871201158
992 0.578871201158
993 0.578871201158
994 0.578871201158
995 0.578871201158
996 0.578871201158
997 0.578871201158
998 0.578871201158
999 0.578871201158
1000 0.434153400868
1001 0.434153400868
1002 0.434153400868
1003 0.434153400868
1004 0.144717800289
1005 0.144717800289
1006 0.144717800289
1007 0.144717800289
1008 0.144717800289
1009 0.144717800289
1010 0.144717800289
1011 0.144717800289
1012 0.144717800289
1013 0.144717800289
1014 0.144717800289
1015 0.144717800289
1016 0.144717800289
1017 0.0
1018 0.434153400868
1019 0.434153400868
1020 0.434153400868
1021 0.434153400868
1022 0.434153400868
1023 0.434153400868
1024 0.578871201158
1025 0.578871201158
1026 0.578871201158
1027 0.723589001447
1028 0.723589001447
1029 0.723589001447
1030 0.723589001447
1031 0.723589001447
1032 0.723589001447
1033 0.723589001447
1034 0.723589001447
1035 0.723589001447
1036 0.723589001447
1037 0.723589001447
1038 0.289435600579
1039 0.289435600579
1040 0.289435600579
1041 0.289435600579
1042 0.289435600579
1043 0.289435600579
1044 0.144717800289
1045 0.144717800289
1046 0.144717800289
1047 0.0
1048 0.0
1049 0.0
1050 0.0
1051 0.0
1052 0.0
1053 0.144717800289
1054 0.144717800289
1055 0.144717800289
1056 0.144717800289
1057 0.289435600579
1058 0.289435600579
1059 0.289435600579
1060 0.289435600579
1061 0.289435600579
1062 0.289435600579
1063 0.289435600579
1064 0.289435600579
1065 0.289435600579
1066 0.289435600579
1067 0.289435600579
1068 0.289435600579
1069 0.289435600579
1070 0.289435600579
1071 0.289435600579
1072 0.289435600579
1073 0.144717800289
1074 0.144717800289
1075 0.144717800289
1076 0.144717800289
1077 0.0
1078 0.0
1079 0.0
1080 0.0
1081 0.0
1082 0.0
1083 0.0
1084 6.51230101302
1085 6.51230101302
1086 6.51230101302
1087 6.51230101302
1088 6.51230101302
1089 6.51230101302
1090 6.51230101302
1091 6.8017366136
1092 6.8017366136
1093 6.8017366136
1094 6.94645441389
1095 6.94645441389
1096 6.94645441389
1097 6.94645441389
1098 6.94645441389
1099 6.94645441389
1100 6.94645441389
1101 7.09117221418
1102 7.09117221418
1103 7.09117221418
1104 0.578871201158
1105 0.578871201158
1106 0.578871201158
1107 0.578871201158
1108 0.578871201158
1109 0.578871201158
1110 0.578871201158
1111 0.289435600579
1112 0.289435600579
1113 0.289435600579
1114 0.289435600579
1115 0.289435600579
1116 0.289435600579
1117 0.289435600579
1118 0.289435600579
1119 0.289435600579
1120 0.289435600579
1121 0.144717800289
1122 0.144717800289
1123 0.289435600579
1124 0.289435600579
1125 0.289435600579
1126 0.434153400868
1127 0.434153400868
1128 0.434153400868
1129 0.434153400868
1130 0.434153400868
1131 0.434153400868
1132 0.434153400868
1133 0.434153400868
1134 0.434153400868
1135 0.434153400868
1136 0.434153400868
1137 0.434153400868
1138 0.434153400868
1139 0.434153400868
1140 0.578871201158
1141 0.578871201158
1142 0.578871201158
1143 0.578871201158
1144 0.578871201158
1145 0.578871201158
1146 0.434153400868
1147 0.434153400868
1148 0.578871201158
1149 0.578871201158
1150 0.578871201158
1151 0.578871201158
1152 0.578871201158
1153 0.578871201158
1154 0.434153400868
1155 0.434153400868
1156 0.434153400868
1157 0.434153400868
1158 0.434153400868
1159 8.82778581766
1160 12.4457308249
1161 12.4457308249
1162 14.3270622287
1163 14.1823444284
1164 14.1823444284
1165 14.1823444284
1166 14.1823444284
1167 14.1823444284
1168 14.4717800289
1169 15.0506512301
1170 15.0506512301
1171 15.0506512301
1172 15.0506512301
1173 15.0506512301
1174 15.0506512301
1175 15.0506512301
1176 15.0506512301
1177 15.0506512301
1178 15.0506512301
1179 6.65701881331
1180 2.89435600579
1181 2.89435600579
1182 1.01302460203
1183 1.01302460203
1184 1.01302460203
1185 1.01302460203
1186 1.01302460203
1187 1.01302460203
1188 0.578871201158
1189 0.0
1190 0.0
1191 0.0
1192 0.0
1193 0.144717800289
1194 0.144717800289
1195 0.144717800289
1196 0.144717800289
1197 0.144717800289
1198 0.289435600579
1199 0.289435600579
1200 0.289435600579
1201 0.289435600579
1202 0.434153400868
1203 0.434153400868
1204 0.434153400868
1205 0.434153400868
1206 0.434153400868
1207 0.434153400868
1208 0.578871201158
1209 0.578871201158
1210 0.578871201158
1211 0.578871201158
1212 0.578871201158
1213 0.434153400868
1214 0.434153400868
1215 0.434153400868
1216 0.434153400868
1217 0.434153400868
1218 0.434153400868
1219 0.434153400868
1220 0.434153400868
1221 0.434153400868
1222 0.289435600579
1223 0.289435600579
1224 0.289435600579
1225 0.289435600579
1226 0.289435600579
1227 0.578871201158
1228 0.434153400868
1229 0.434153400868
1230 0.434153400868
1231 0.434153400868
1232 0.578871201158
1233 0.578871201158
1234 0.578871201158
1235 0.578871201158
1236 0.578871201158
1237 0.578871201158
1238 0.434153400868
1239 0.434153400868
1240 0.434153400868
1241 0.434153400868
1242 0.434153400868
1243 0.434153400868
1244 0.434153400868
1245 0.434153400868
1246 0.723589001447
1247 0.434153400868
1248 0.578871201158
1249 0.578871201158
1250 0.578871201158
1251 0.578871201158
1252 0.434153400868
1253 0.434153400868
1254 0.434153400868
1255 0.578871201158
1256 0.578871201158
1257 0.578871201158
1258 0.578871201158
1259 0.578871201158
1260 0.578871201158
1261 0.578871201158
1262 0.723589001447
1263 0.868306801737
1264 0.868306801737
1265 0.868306801737
1266 0.578871201158
1267 0.723589001447
1268 0.578871201158
1269 0.578871201158
1270 0.578871201158
1271 0.578871201158
1272 0.578871201158
1273 0.723589001447
1274 0.723589001447
1275 0.578871201158
1276 0.578871201158
1277 0.578871201158
1278 0.578871201158
1279 0.578871201158
1280 0.578871201158
1281 0.578871201158
1282 0.434153400868
1283 0.289435600579
1284 0.578871201158
1285 0.578871201158
1286 0.578871201158
1287 0.434153400868
1288 0.434153400868
1289 0.434153400868
1290 0.434153400868
1291 0.434153400868
1292 0.434153400868
1293 0.289435600579
1294 0.289435600579
1295 0.289435600579
1296 0.289435600579
1297 0.289435600579
1298 0.289435600579
1299 0.289435600579
1300 0.289435600579
1301 0.434153400868
1302 0.578871201158
1303 0.578871201158
1304 0.289435600579
1305 0.289435600579
1306 0.289435600579
1307 0.289435600579
1308 0.289435600579
1309 0.289435600579
1310 0.289435600579
1311 0.434153400868
1312 0.434153400868
1313 0.578871201158
1314 0.578871201158
1315 0.578871201158
1316 0.578871201158
1317 0.868306801737
1318 0.868306801737
1319 1.15774240232
1320 1.15774240232
1321 1.01302460203
1322 0.868306801737
1323 0.868306801737
1324 0.868306801737
1325 0.868306801737
1326 0.868306801737
1327 0.868306801737
1328 0.868306801737
1329 1.15774240232
1330 1.15774240232
1331 1.01302460203
1332 1.01302460203
1333 0.868306801737
1334 1.01302460203
1335 1.01302460203
1336 1.01302460203
1337 0.723589001447
1338 0.723589001447
1339 0.434153400868
1340 0.434153400868
1341 0.434153400868
1342 0.434153400868
1343 0.434153400868
1344 0.434153400868
1345 0.434153400868
1346 0.434153400868
1347 0.434153400868
1348 0.434153400868
1349 0.144717800289
1350 0.144717800289
1351 0.144717800289
1352 0.144717800289
1353 0.144717800289
1354 0.0
1355 0.0
1356 0.0
1357 0.144717800289
1358 0.144717800289
1359 0.144717800289
1360 0.144717800289
1361 0.144717800289
1362 0.144717800289
1363 0.144717800289
1364 0.144717800289
1365 0.578871201158
1366 0.578871201158
1367 0.578871201158
1368 0.578871201158
1369 0.578871201158
1370 0.578871201158
1371 0.578871201158
1372 0.578871201158
1373 0.578871201158
1374 0.578871201158
1375 0.578871201158
1376 0.578871201158
1377 0.434153400868
1378 0.434153400868
1379 0.434153400868
1380 0.434153400868
1381 0.434153400868
1382 0.434153400868
1383 0.434153400868
1384 0.434153400868
1385 0.0
1386 0.0
1387 0.0
1388 0.0
1389 0.0
1390 0.0
1391 0.144717800289
1392 0.144717800289
1393 0.144717800289
1394 0.144717800289
1395 0.144717800289
1396 0.144717800289
1397 0.144717800289
1398 0.144717800289
1399 0.144717800289
1400 0.144717800289
1401 0.144717800289
1402 0.144717800289
1403 0.144717800289
1404 0.144717800289
1405 0.144717800289
1406 0.144717800289
1407 0.144717800289
1408 0.144717800289
1409 0.289435600579
1410 0.289435600579
1411 0.144717800289
1412 0.144717800289
1413 0.144717800289
1414 0.144717800289
1415 0.144717800289
1416 0.144717800289
1417 0.144717800289
1418 0.144717800289
1419 0.144717800289
1420 0.144717800289
1421 0.289435600579
1422 0.289435600579
1423 0.289435600579
1424 0.434153400868
1425 0.434153400868
1426 0.434153400868
1427 0.434153400868
1428 0.434153400868
1429 0.289435600579
1430 0.289435600579
1431 0.289435600579
1432 0.289435600579
1433 0.289435600579
1434 0.289435600579
1435 0.434153400868
1436 0.434153400868
1437 0.434153400868
1438 0.434153400868
1439 0.434153400868
1440 0.434153400868
1441 0.289435600579
1442 0.289435600579
1443 0.289435600579
1444 0.144717800289
1445 0.144717800289
1446 0.144717800289
1447 0.144717800289
1448 0.144717800289
1449 0.144717800289
1450 0.144717800289
1451 0.144717800289
1452 0.144717800289
1453 0.144717800289
1454 0.144717800289
1455 0.0
1456 0.0
1457 0.0
1458 0.0
1459 0.0
1460 0.0
1461 0.0
1462 0.0
1463 0.0
1464 0.0
1465 0.0
1466 0.0
1467 0.0
1468 0.0
1469 0.0
1470 0.0
1471 0.0
1472 0.0
1473 0.0
1474 0.0
1475 0.0
1476 0.144717800289
1477 0.144717800289
1478 0.144717800289
1479 0.144717800289
1480 0.144717800289
1481 0.144717800289
1482 0.144717800289
1483 0.144717800289
1484 0.144717800289
1485 0.434153400868
1486 0.434153400868
1487 0.434153400868
1488 0.434153400868
1489 0.434153400868
1490 0.578871201158
1491 0.578871201158
1492 0.578871201158
1493 0.578871201158
1494 0.578871201158
1495 0.578871201158
1496 0.434153400868
1497 0.434153400868
1498 0.434153400868
1499 0.434153400868
1500 0.578871201158
1501 0.578871201158
1502 0.578871201158
1503 0.578871201158
1504 0.578871201158
1505 0.289435600579
1506 0.289435600579
1507 0.289435600579
1508 0.289435600579
1509 0.289435600579
1510 0.144717800289
1511 0.144717800289
1512 0.144717800289
1513 0.144717800289
1514 0.144717800289
1515 0.144717800289
1516 0.144717800289
1517 0.144717800289
1518 0.144717800289
1519 0.289435600579
1520 0.144717800289
1521 0.144717800289
1522 0.434153400868
1523 0.434153400868
1524 0.434153400868
1525 0.578871201158
1526 0.578871201158
1527 0.578871201158
1528 0.723589001447
1529 0.723589001447
1530 0.723589001447
1531 0.723589001447
1532 0.723589001447
1533 0.723589001447
1534 0.723589001447
1535 0.723589001447
1536 0.723589001447
1537 0.723589001447
1538 0.723589001447
1539 0.578871201158
1540 0.578871201158
1541 0.578871201158
1542 0.289435600579
1543 0.289435600579
1544 0.289435600579
1545 0.144717800289
1546 0.144717800289
1547 0.144717800289
1548 0.0
1549 0.0
1550 0.144717800289
1551 0.144717800289
1552 0.144717800289
1553 0.144717800289
1554 0.289435600579
1555 0.289435600579
1556 0.289435600579
1557 0.289435600579
1558 0.289435600579
1559 0.434153400868
1560 0.578871201158
1561 0.578871201158
1562 0.578871201158
1563 0.723589001447
1564 0.723589001447
1565 0.723589001447
1566 0.723589001447
1567 0.723589001447
1568 0.868306801737
1569 0.868306801737
1570 0.723589001447
1571 0.723589001447
1572 0.723589001447
1573 0.723589001447
1574 0.578871201158
1575 0.578871201158
1576 0.578871201158
1577 0.578871201158
1578 0.578871201158
1579 0.434153400868
1580 0.289435600579
1581 0.289435600579
1582 0.289435600579
1583 0.144717800289
1584 0.144717800289
1585 0.144717800289
1586 0.578871201158
1587 0.578871201158
1588 0.723589001447
1589 0.723589001447
1590 0.868306801737
1591 0.868306801737
1592 0.868306801737
1593 0.868306801737
1594 0.868306801737
1595 0.868306801737
1596 0.868306801737
1597 0.868306801737
1598 0.868306801737
1599 1.01302460203
1600 1.01302460203
1601 1.01302460203
1602 1.01302460203
1603 1.01302460203
1604 1.01302460203
1605 1.01302460203
1606 0.578871201158
1607 0.578871201158
1608 0.289435600579
1609 0.289435600579
1610 0.144717800289
1611 0.144717800289
1612 0.289435600579
1613 0.289435600579
1614 0.289435600579
1615 0.289435600579
1616 0.289435600579
1617 0.289435600579
1618 0.578871201158
1619 0.434153400868
1620 0.434153400868
1621 0.434153400868
1622 0.434153400868
1623 0.434153400868
1624 0.434153400868
1625 0.434153400868
1626 0.434153400868
1627 0.434153400868
1628 0.434153400868
1629 0.434153400868
1630 0.434153400868
1631 0.434153400868
1632 0.289435600579
1633 0.289435600579
1634 0.289435600579
1635 0.289435600579
1636 0.289435600579
1637 0.289435600579
1638 0.0
1639 0.0
1640 0.0
1641 0.0
1642 0.0
1643 0.0
1644 0.0
1645 0.0
1646 0.0
1647 0.0
1648 0.0
1649 0.0
1650 0.0
1651 0.0
1652 0.0
1653 0.0
1654 0.0
1655 0.0
1656 0.0
1657 0.0
1658 0.0
1659 0.144717800289
1660 0.144717800289
1661 0.434153400868
1662 0.434153400868
1663 0.434153400868
1664 0.434153400868
1665 0.434153400868
1666 0.434153400868
1667 0.434153400868
1668 0.434153400868
1669 0.434153400868
1670 0.434153400868
1671 0.434153400868
1672 0.434153400868
1673 0.434153400868
1674 0.434153400868
1675 0.434153400868
1676 0.434153400868
1677 0.434153400868
1678 0.434153400868
1679 0.289435600579
1680 0.289435600579
1681 0.0
1682 0.0
1683 0.0
1684 0.0
1685 0.0
1686 0.0
1687 0.0
1688 0.0
1689 0.0
1690 0.0
1691 0.0
1692 0.0
1693 0.0
1694 0.0
1695 0.0
1696 0.0
1697 0.0
1698 0.0
1699 0.0
1700 0.0
1701 0.0
1702 0.0
1703 0.0
1704 0.0
1705 0.0
1706 0.0
1707 0.0
1708 0.0
1709 0.144717800289
1710 0.144717800289
1711 0.144717800289
1712 0.144717800289
1713 0.144717800289
1714 0.144717800289
1715 0.144717800289
1716 0.144717800289
1717 0.144717800289
1718 0.144717800289
1719 0.144717800289
1720 0.144717800289
1721 0.289435600579
1722 0.289435600579
1723 0.289435600579
1724 0.289435600579
1725 0.289435600579
1726 0.434153400868
1727 0.434153400868
1728 0.434153400868
1729 0.578871201158
1730 0.578871201158
1731 0.578871201158
1732 0.578871201158
1733 0.578871201158
1734 0.578871201158
1735 0.578871201158
1736 0.578871201158
1737 0.578871201158
1738 0.578871201158
1739 0.578871201158
1740 0.578871201158
1741 0.434153400868
1742 0.434153400868
1743 0.434153400868
1744 0.434153400868
1745 0.723589001447
1746 0.578871201158
1747 0.578871201158
1748 0.578871201158
1749 0.289435600579
1750 0.289435600579
1751 0.289435600579
1752 0.289435600579
1753 0.289435600579
1754 0.289435600579
1755 0.434153400868
1756 0.434153400868
1757 0.578871201158
1758 0.723589001447
1759 0.723589001447
1760 0.723589001447
1761 0.723589001447
1762 0.723589001447
1763 0.723589001447
1764 0.723589001447
1765 0.434153400868
1766 0.434153400868
1767 0.434153400868
1768 0.434153400868
1769 0.434153400868
1770 0.434153400868
1771 0.434153400868
1772 0.434153400868
1773 0.434153400868
1774 0.434153400868
1775 0.289435600579
1776 0.434153400868
1777 0.289435600579
1778 0.144717800289
1779 0.578871201158
1780 0.578871201158
1781 0.723589001447
1782 0.723589001447
1783 0.723589001447
1784 0.723589001447
1785 0.723589001447
1786 0.723589001447
1787 0.868306801737
1788 0.868306801737
1789 0.868306801737
1790 0.868306801737
1791 0.868306801737
1792 0.868306801737
1793 0.868306801737
1794 0.868306801737
1795 0.868306801737
1796 0.723589001447
1797 0.723589001447
1798 0.723589001447
1799 0.289435600579
1800 0.434153400868
1801 0.289435600579
1802 0.289435600579
1803 0.289435600579
1804 0.289435600579
1805 0.289435600579
1806 0.289435600579
1807 0.144717800289
1808 0.144717800289
1809 0.144717800289
1810 0.144717800289
1811 0.144717800289
1812 0.144717800289
1813 0.144717800289
1814 0.144717800289
1815 0.144717800289
1816 0.144717800289
1817 0.144717800289
1818 0.144717800289
1819 1.3024602026
1820 1.88133140376
1821 1.88133140376
1822 1.88133140376
1823 1.88133140376
1824 2.60492040521
1825 3.18379160637
1826 3.18379160637
1827 3.18379160637
1828 3.18379160637
1829 3.18379160637
1830 3.32850940666
1831 3.32850940666
1832 3.32850940666
1833 3.32850940666
1834 3.32850940666
1835 3.32850940666
1836 3.32850940666
1837 3.47322720695
1838 3.47322720695
1839 2.46020260492
1840 1.73661360347
1841 1.88133140376
1842 1.88133140376
1843 2.02604920405
1844 1.3024602026
1845 0.723589001447
1846 0.723589001447
1847 0.723589001447
1848 0.723589001447
1849 0.723589001447
1850 0.578871201158
1851 0.578871201158
1852 0.578871201158
1853 0.578871201158
1854 0.723589001447
1855 0.723589001447
1856 0.723589001447
1857 0.578871201158
1858 0.578871201158
1859 0.434153400868
1860 0.434153400868
1861 0.289435600579
1862 0.289435600579
1863 0.144717800289
1864 0.144717800289
1865 0.144717800289
1866 0.144717800289
1867 0.144717800289
1868 0.144717800289
1869 0.144717800289
1870 0.144717800289
1871 0.289435600579
1872 0.289435600579
1873 0.289435600579
1874 0.578871201158
1875 0.578871201158
1876 0.578871201158
1877 0.578871201158
1878 0.578871201158
1879 0.578871201158
1880 0.578871201158
1881 0.578871201158
1882 0.578871201158
1883 0.578871201158
1884 0.868306801737
1885 0.868306801737
1886 0.868306801737
1887 0.868306801737
1888 0.868306801737
1889 0.868306801737
1890 0.868306801737
1891 0.723589001447
1892 0.723589001447
1893 0.723589001447
1894 0.289435600579
1895 0.289435600579
1896 0.289435600579
1897 0.289435600579
1898 0.434153400868
1899 0.434153400868
1900 0.434153400868
1901 0.434153400868
1902 0.434153400868
1903 0.434153400868
1904 0.144717800289
1905 0.144717800289
1906 0.144717800289
1907 0.289435600579
1908 0.289435600579
1909 0.289435600579
1910 0.289435600579
1911 0.289435600579
1912 0.434153400868
1913 0.434153400868
1914 0.434153400868
1915 0.434153400868
1916 0.434153400868
1917 0.434153400868
1918 0.289435600579
1919 0.289435600579
1920 0.289435600579
1921 0.578871201158
1922 0.578871201158
1923 0.578871201158
1924 0.578871201158
1925 0.578871201158
1926 0.578871201158
1927 0.434153400868
1928 0.578871201158
1929 0.578871201158
1930 0.578871201158
1931 0.868306801737
1932 0.868306801737
1933 0.868306801737
1934 0.868306801737
1935 0.868306801737
1936 0.868306801737
1937 0.868306801737
1938 0.868306801737
1939 0.868306801737
1940 0.868306801737
1941 0.578871201158
1942 0.578871201158
1943 0.723589001447
1944 0.723589001447
1945 0.723589001447
1946 0.723589001447
1947 0.868306801737
1948 0.723589001447
1949 0.723589001447
1950 0.723589001447
1951 0.434153400868
1952 0.289435600579
1953 0.289435600579
1954 0.289435600579
1955 0.289435600579
1956 0.289435600579
1957 0.289435600579
1958 0.289435600579
1959 0.289435600579
1960 0.289435600579
1961 0.289435600579
1962 0.289435600579
1963 0.144717800289
1964 0.434153400868
1965 0.434153400868
1966 0.434153400868
1967 0.434153400868
1968 0.434153400868
1969 0.578871201158
1970 0.578871201158
1971 0.578871201158
1972 0.578871201158
1973 0.578871201158
1974 0.578871201158
1975 0.578871201158
1976 0.578871201158
1977 0.868306801737
1978 0.868306801737
1979 0.868306801737
1980 0.868306801737
1981 0.868306801737
1982 0.868306801737
1983 0.868306801737
1984 0.578871201158
1985 0.578871201158
1986 0.578871201158
1987 0.434153400868
1988 0.434153400868
1989 0.289435600579
1990 0.289435600579
1991 0.289435600579
1992 0.289435600579
1993 0.289435600579
1994 0.289435600579
1995 0.289435600579
1996 0.289435600579
1997 0.0
1998 0.0
1999 0.144717800289
2000 0.144717800289
2001 0.144717800289
2002 0.144717800289
2003 0.144717800289
2004 0.144717800289
2005 0.144717800289
2006 0.144717800289
2007 0.144717800289
2008 0.144717800289
2009 0.144717800289
2010 0.144717800289
2011 0.144717800289
2012 0.144717800289
2013 0.144717800289
2014 0.144717800289
2015 0.144717800289
2016 0.144717800289
2017 0.144717800289
2018 0.434153400868
2019 0.289435600579
2020 0.289435600579
2021 0.289435600579
2022 0.289435600579
2023 0.289435600579
2024 0.289435600579
2025 0.289435600579
2026 0.289435600579
2027 0.289435600579
2028 0.289435600579
2029 0.289435600579
2030 0.289435600579
2031 0.289435600579
2032 1.01302460203
2033 1.01302460203
2034 1.01302460203
2035 1.01302460203
2036 1.01302460203
2037 1.01302460203
2038 0.723589001447
2039 0.723589001447
2040 0.723589001447
2041 0.723589001447
2042 0.723589001447
2043 0.723589001447
2044 0.723589001447
2045 0.723589001447
2046 0.723589001447
2047 0.868306801737
2048 0.868306801737
2049 0.868306801737
2050 0.868306801737
2051 0.868306801737
2052 0.144717800289
2053 0.144717800289
2054 0.434153400868
2055 0.434153400868
2056 0.434153400868
2057 0.434153400868
2058 0.434153400868
2059 0.434153400868
2060 0.434153400868
2061 0.434153400868
2062 0.434153400868
2063 0.434153400868
2064 0.434153400868
2065 0.434153400868
2066 0.434153400868
2067 0.434153400868
2068 0.434153400868
2069 0.434153400868
2070 0.434153400868
2071 0.578871201158
2072 0.578871201158
2073 0.578871201158
2074 0.289435600579
2075 0.289435600579
2076 0.289435600579
2077 0.434153400868
2078 0.434153400868
2079 0.434153400868
2080 0.434153400868
2081 0.434153400868
2082 0.434153400868
2083 0.434153400868
2084 0.434153400868
2085 0.434153400868
2086 0.434153400868
2087 0.289435600579
2088 0.289435600579
2089 0.434153400868
2090 0.434153400868
2091 0.289435600579
2092 0.289435600579
2093 0.289435600579
2094 0.289435600579
2095 0.289435600579
2096 0.578871201158
2097 0.434153400868
2098 0.434153400868
2099 0.578871201158
2100 0.578871201158
2101 0.578871201158
2102 0.578871201158
2103 0.578871201158
2104 0.578871201158
2105 0.578871201158
2106 0.723589001447
2107 0.723589001447
2108 0.723589001447
2109 0.578871201158
2110 0.578871201158
2111 0.578871201158
2112 0.578871201158
2113 0.578871201158
2114 0.578871201158
2115 0.578871201158
2116 0.289435600579
2117 0.289435600579
2118 0.289435600579
2119 0.144717800289
2120 0.144717800289
2121 0.144717800289
2122 0.144717800289
2123 0.144717800289
2124 0.144717800289
2125 0.144717800289
2126 0.0
2127 0.144717800289
2128 0.434153400868
2129 0.434153400868
2130 0.578871201158
2131 0.578871201158
2132 0.578871201158
2133 0.578871201158
2134 0.578871201158
2135 0.578871201158
2136 0.578871201158
2137 0.578871201158
2138 0.578871201158
2139 0.578871201158
2140 0.578871201158
2141 0.578871201158
2142 0.578871201158
2143 0.578871201158
2144 0.578871201158
2145 0.578871201158
2146 0.578871201158
2147 0.434153400868
2148 0.144717800289
2149 0.144717800289
2150 0.0
2151 0.289435600579
2152 0.289435600579
2153 0.289435600579
2154 0.289435600579
2155 0.289435600579
2156 0.289435600579
2157 0.289435600579
2158 0.289435600579
2159 0.289435600579
2160 0.289435600579
2161 0.289435600579
2162 0.289435600579
2163 0.289435600579
2164 0.289435600579
2165 0.289435600579
2166 0.289435600579
2167 0.289435600579
2168 0.289435600579
2169 0.289435600579
2170 0.289435600579
2171 0.0
2172 0.0
2173 0.0
2174 0.0
2175 0.0
2176 0.0
2177 0.0
2178 0.0
2179 0.0
2180 0.0
2181 0.0
2182 0.578871201158
2183 0.578871201158
2184 0.868306801737
2185 1.01302460203
2186 1.01302460203
2187 1.01302460203
2188 1.01302460203
2189 1.01302460203
2190 1.01302460203
2191 1.01302460203
2192 1.01302460203
2193 1.01302460203
2194 1.01302460203
2195 1.01302460203
2196 1.15774240232
2197 1.15774240232
2198 1.15774240232
2199 1.15774240232
2200 1.15774240232
2201 1.15774240232
2202 0.578871201158
2203 0.578871201158
2204 0.289435600579
2205 0.144717800289
2206 0.434153400868
2207 0.434153400868
2208 0.434153400868
2209 0.578871201158
2210 0.578871201158
2211 0.578871201158
2212 0.578871201158
2213 0.578871201158
2214 0.578871201158
2215 0.578871201158
2216 0.434153400868
2217 0.434153400868
2218 0.434153400868
2219 0.434153400868
2220 0.434153400868
2221 0.434153400868
2222 0.434153400868
2223 0.434153400868
2224 0.434153400868
2225 0.434153400868
2226 0.144717800289
2227 0.144717800289
2228 0.144717800289
2229 0.0
2230 0.0
2231 0.0
2232 0.0
2233 0.144717800289
2234 0.144717800289
2235 0.144717800289
2236 0.144717800289
2237 0.144717800289
2238 0.144717800289
2239 0.144717800289
2240 0.144717800289
2241 0.144717800289
2242 0.144717800289
2243 0.144717800289
2244 0.144717800289
2245 0.144717800289
2246 0.144717800289
2247 0.144717800289
2248 0.144717800289
2249 0.144717800289
2250 0.144717800289
2251 0.144717800289
2252 0.144717800289
2253 0.0
2254 0.0
2255 0.0
2256 0.0
2257 0.144717800289
2258 0.144717800289
2259 0.434153400868
2260 0.434153400868
2261 0.434153400868
2262 0.434153400868
2263 0.434153400868
2264 0.434153400868
2265 0.434153400868
2266 0.434153400868
2267 0.578871201158
2268 0.578871201158
2269 0.868306801737
2270 0.868306801737
2271 0.868306801737
2272 0.868306801737
2273 0.868306801737
2274 0.868306801737
2275 0.868306801737
2276 0.868306801737
2277 0.723589001447
2278 0.723589001447
2279 0.578871201158
2280 0.578871201158
2281 0.578871201158
2282 0.578871201158
2283 0.578871201158
2284 0.578871201158
2285 0.578871201158
2286 0.723589001447
2287 0.578871201158
2288 0.578871201158
2289 0.289435600579
2290 0.289435600579
2291 0.289435600579
2292 0.289435600579
2293 0.289435600579
2294 0.289435600579
2295 0.434153400868
2296 0.434153400868
2297 0.434153400868
2298 0.434153400868
2299 0.289435600579
2300 0.289435600579
2301 0.289435600579
2302 0.289435600579
2303 0.289435600579
2304 0.289435600579
2305 0.434153400868
2306 0.289435600579
2307 0.289435600579
2308 0.289435600579
2309 0.289435600579
2310 0.723589001447
2311 0.723589001447
2312 0.723589001447
2313 0.723589001447
2314 0.723589001447
2315 0.578871201158
2316 0.578871201158
2317 0.578871201158
2318 0.578871201158
2319 0.578871201158
2320 0.578871201158
2321 0.578871201158
2322 0.868306801737
2323 0.868306801737
2324 0.868306801737
2325 0.723589001447
2326 0.723589001447
2327 0.723589001447
2328 0.723589001447
2329 0.723589001447
2330 0.289435600579
2331 0.289435600579
2332 1.01302460203
2333 1.01302460203
2334 1.01302460203
2335 1.01302460203
2336 1.01302460203
2337 1.01302460203
2338 1.01302460203
2339 1.01302460203
2340 1.15774240232
2341 1.15774240232
2342 0.868306801737
2343 0.868306801737
2344 0.868306801737
2345 0.868306801737
2346 0.868306801737
2347 0.868306801737
2348 0.868306801737
2349 0.868306801737
2350 1.01302460203
2351 1.01302460203
2352 0.289435600579
2353 0.289435600579
2354 0.289435600579
2355 0.289435600579
2356 0.289435600579
2357 0.289435600579
2358 0.434153400868
2359 0.434153400868
2360 0.289435600579
2361 0.289435600579
2362 0.289435600579
2363 0.289435600579
2364 0.289435600579
2365 0.289435600579
2366 0.289435600579
2367 0.289435600579
2368 0.289435600579
2369 0.289435600579
2370 0.144717800289
2371 0.144717800289
2372 0.144717800289
2373 0.144717800289
2374 0.144717800289
2375 0.144717800289
2376 0.144717800289
2377 0.144717800289
2378 0.144717800289
2379 0.144717800289
2380 0.144717800289
2381 0.144717800289
2382 0.144717800289
2383 0.144717800289
2384 0.144717800289
2385 0.144717800289
2386 0.144717800289
2387 0.144717800289
2388 0.144717800289
2389 0.144717800289
2390 0.144717800289
2391 0.144717800289
2392 0.289435600579
2393 0.289435600579
2394 0.289435600579
2395 0.289435600579
2396 0.289435600579
2397 0.289435600579
2398 0.144717800289
2399 0.144717800289
2400 0.144717800289
2401 0.144717800289
2402 0.144717800289
2403 0.144717800289
2404 0.144717800289
2405 0.144717800289
2406 0.144717800289
2407 0.289435600579
2408 0.289435600579
2409 0.434153400868
2410 0.434153400868
2411 0.434153400868
2412 0.289435600579
2413 0.434153400868
2414 0.434153400868
2415 0.434153400868
2416 0.434153400868
2417 0.434153400868
2418 0.434153400868
2419 0.434153400868
2420 0.434153400868
2421 0.434153400868
2422 0.434153400868
2423 0.434153400868
2424 0.434153400868
2425 0.434153400868
2426 0.434153400868
2427 0.289435600579
2428 0.289435600579
2429 0.144717800289
2430 0.144717800289
2431 0.144717800289
2432 0.144717800289
2433 0.0
2434 0.289435600579
2435 0.289435600579
2436 0.578871201158
2437 0.578871201158
2438 0.578871201158
2439 0.578871201158
2440 0.578871201158
2441 0.578871201158
2442 0.578871201158
2443 0.723589001447
2444 0.868306801737
2445 0.868306801737
2446 0.868306801737
2447 0.868306801737
2448 0.868306801737
2449 0.868306801737
2450 0.868306801737
2451 0.868306801737
2452 0.868306801737
2453 0.868306801737
2454 0.578871201158
2455 0.578871201158
2456 0.434153400868
2457 0.434153400868
2458 0.434153400868
2459 0.434153400868
2460 0.434153400868
2461 0.434153400868
2462 0.434153400868
2463 0.289435600579
2464 0.144717800289
2465 0.144717800289
2466 0.144717800289
2467 0.144717800289
2468 0.144717800289
2469 0.144717800289
2470 0.144717800289
2471 0.144717800289
2472 0.144717800289
2473 0.144717800289
2474 0.144717800289
2475 0.144717800289
2476 0.0
2477 0.144717800289
2478 0.144717800289
2479 0.144717800289
2480 0.144717800289
2481 0.144717800289
2482 0.144717800289
2483 0.144717800289
2484 0.144717800289
2485 0.144717800289
2486 0.144717800289
2487 0.144717800289
2488 0.144717800289
2489 0.144717800289
2490 0.144717800289
2491 0.144717800289
2492 0.144717800289
2493 0.144717800289
2494 0.144717800289
2495 0.144717800289
2496 0.144717800289
2497 0.0
2498 0.0
2499 0.0
2500 0.0
2501 0.0
2502 0.0
2503 0.0
2504 0.0
2505 0.0
2506 0.0
2507 0.0
2508 0.144717800289
2509 0.144717800289
2510 0.144717800289
2511 0.144717800289
2512 0.144717800289
2513 0.144717800289
2514 0.289435600579
2515 0.289435600579
2516 0.434153400868
2517 0.434153400868
2518 0.434153400868
2519 0.434153400868
2520 0.434153400868
2521 0.434153400868
2522 0.434153400868
2523 0.434153400868
2524 0.434153400868
2525 0.434153400868
2526 0.434153400868
2527 0.434153400868
2528 0.289435600579
2529 0.289435600579
2530 0.289435600579
2531 0.289435600579
2532 0.289435600579
2533 0.434153400868
2534 0.289435600579
2535 0.289435600579
2536 0.144717800289
2537 0.144717800289
2538 0.144717800289
2539 0.144717800289
2540 0.144717800289
2541 0.289435600579
2542 0.289435600579
2543 0.289435600579
2544 0.289435600579
2545 0.289435600579
2546 0.434153400868
2547 0.434153400868
2548 0.434153400868
2549 0.434153400868
2550 0.434153400868
2551 0.434153400868
2552 0.434153400868
2553 0.289435600579
2554 0.289435600579
2555 0.289435600579
2556 0.289435600579
2557 0.289435600579
2558 0.289435600579
2559 0.868306801737
2560 0.868306801737
2561 0.723589001447
2562 0.723589001447
2563 0.723589001447
2564 0.723589001447
2565 0.723589001447
2566 0.578871201158
2567 0.578871201158
2568 0.578871201158
2569 0.578871201158
2570 0.578871201158
2571 0.578871201158
2572 3.90738060781
2573 3.90738060781
2574 3.90738060781
2575 3.90738060781
2576 3.90738060781
2577 3.90738060781
2578 3.90738060781
2579 3.32850940666
2580 3.32850940666
2581 3.47322720695
2582 3.61794500724
2583 3.61794500724
2584 3.76266280753
2585 3.76266280753
2586 3.76266280753
2587 3.76266280753
2588 3.76266280753
2589 3.76266280753
2590 3.76266280753
2591 3.76266280753
2592 0.578871201158
2593 0.578871201158
2594 0.578871201158
2595 0.578871201158
2596 0.578871201158
2597 0.578871201158
2598 0.723589001447
2599 0.723589001447
2600 0.723589001447
2601 0.578871201158
2602 0.434153400868
2603 0.434153400868
2604 0.289435600579
2605 0.289435600579
2606 0.434153400868
2607 0.434153400868
2608 0.434153400868
2609 0.434153400868
2610 0.434153400868
2611 0.434153400868
2612 0.289435600579
2613 0.289435600579
2614 0.289435600579
2615 0.434153400868
2616 0.434153400868
2617 0.434153400868
2618 0.289435600579
2619 0.289435600579
2620 0.289435600579
2621 0.289435600579
2622 0.289435600579
2623 0.289435600579
2624 0.289435600579
2625 0.289435600579
2626 0.144717800289
2627 0.144717800289
2628 0.144717800289
2629 0.144717800289
2630 0.144717800289
2631 0.144717800289
2632 0.144717800289
2633 0.144717800289
2634 0.144717800289
2635 0.0
2636 0.0
2637 0.0
2638 0.0
2639 0.0
2640 0.0
2641 0.0
2642 0.144717800289
2643 0.144717800289
2644 0.144717800289
2645 0.144717800289
2646 0.144717800289
2647 0.144717800289
2648 0.144717800289
2649 0.144717800289
2650 0.144717800289
2651 0.289435600579
2652 0.289435600579
2653 0.289435600579
2654 0.289435600579
2655 0.289435600579
2656 0.434153400868
2657 0.434153400868
2658 0.434153400868
2659 0.868306801737
2660 0.868306801737
2661 0.868306801737
2662 0.723589001447
2663 0.723589001447
2664 0.723589001447
2665 0.723589001447
2666 0.723589001447
2667 0.723589001447
2668 1.01302460203
2669 1.01302460203
2670 1.01302460203
2671 0.868306801737
2672 0.868306801737
2673 0.868306801737
2674 0.868306801737
2675 0.868306801737
2676 0.723589001447
2677 0.723589001447
2678 0.723589001447
2679 0.289435600579
2680 0.289435600579
2681 0.289435600579
2682 0.289435600579
2683 0.289435600579
2684 0.434153400868
2685 0.434153400868
2686 0.434153400868
2687 0.434153400868
2688 0.144717800289
2689 0.144717800289
2690 0.144717800289
2691 0.144717800289
2692 0.144717800289
2693 0.144717800289
2694 0.144717800289
2695 0.144717800289
2696 0.144717800289
2697 0.144717800289
2698 0.144717800289
2699 0.144717800289
2700 0.144717800289
2701 0.144717800289
2702 0.144717800289
2703 0.144717800289
2704 0.0
2705 0.144717800289
2706 0.144717800289
2707 0.144717800289
2708 0.289435600579
2709 0.289435600579
2710 0.289435600579
2711 0.289435600579
2712 0.289435600579
2713 0.289435600579
2714 0.289435600579
2715 0.289435600579
2716 0.289435600579
2717 0.289435600579
2718 0.434153400868
2719 0.578871201158
2720 0.578871201158
2721 0.723589001447
2722 0.723589001447
2723 0.723589001447
2724 0.723589001447
2725 0.578871201158
2726 0.578871201158
2727 0.578871201158
2728 0.434153400868
2729 0.434153400868
2730 0.434153400868
2731 0.434153400868
2732 0.434153400868
2733 0.434153400868
2734 0.434153400868
2735 0.434153400868
2736 0.434153400868
2737 0.434153400868
2738 0.289435600579
2739 0.144717800289
2740 0.144717800289
2741 0.0
2742 0.0
2743 0.144717800289
2744 0.144717800289
2745 0.144717800289
2746 0.144717800289
2747 0.144717800289
2748 0.144717800289
2749 0.144717800289
2750 0.144717800289
2751 0.144717800289
2752 0.144717800289
2753 0.144717800289
2754 0.144717800289
2755 0.144717800289
2756 0.144717800289
2757 0.289435600579
2758 0.434153400868
2759 0.434153400868
2760 0.434153400868
2761 0.434153400868
2762 0.434153400868
2763 0.289435600579
2764 0.289435600579
2765 0.289435600579
2766 0.289435600579
2767 0.289435600579
2768 0.289435600579
2769 0.434153400868
2770 0.434153400868
2771 0.434153400868
2772 0.434153400868
2773 0.434153400868
2774 0.434153400868
2775 0.434153400868
2776 0.434153400868
2777 0.289435600579
2778 0.144717800289
2779 0.144717800289
2780 0.144717800289
2781 0.144717800289
2782 0.144717800289
2783 0.144717800289
2784 0.144717800289
2785 0.144717800289
2786 0.144717800289
2787 0.144717800289
2788 0.144717800289
2789 0.0
2790 0.0
2791 0.144717800289
2792 0.144717800289
2793 0.144717800289
2794 0.144717800289
2795 0.144717800289
2796 0.144717800289
2797 0.144717800289
2798 0.144717800289
2799 0.289435600579
2800 0.289435600579
2801 0.289435600579
2802 0.289435600579
2803 0.289435600579
2804 0.289435600579
2805 0.289435600579
2806 0.289435600579
2807 0.289435600579
2808 0.289435600579
2809 0.289435600579
2810 0.578871201158
2811 0.434153400868
2812 0.434153400868
2813 0.434153400868
2814 0.434153400868
2815 0.434153400868
2816 0.434153400868
2817 0.578871201158
2818 0.578871201158
2819 0.434153400868
2820 0.868306801737
2821 0.868306801737
2822 0.868306801737
2823 0.868306801737
2824 0.868306801737
2825 0.868306801737
2826 0.868306801737
2827 0.868306801737
2828 1.01302460203
2829 1.01302460203
2830 0.868306801737
2831 0.868306801737
2832 0.868306801737
2833 0.868306801737
2834 0.868306801737
2835 0.868306801737
2836 1.01302460203
2837 0.868306801737
2838 0.868306801737
2839 0.868306801737
2840 0.434153400868
2841 0.434153400868
2842 0.434153400868
2843 0.434153400868
2844 0.434153400868
2845 0.434153400868
2846 0.434153400868
2847 0.434153400868
2848 0.289435600579
2849 0.289435600579
2850 0.144717800289
2851 0.144717800289
2852 0.144717800289
2853 0.144717800289
2854 0.144717800289
2855 0.144717800289
2856 0.0
2857 0.0
2858 0.0
2859 0.0
2860 0.0
2861 0.0
2862 0.0
2863 0.0
2864 0.0
2865 0.0
2866 0.0
2867 0.289435600579
2868 0.289435600579
2869 0.289435600579
2870 0.578871201158
2871 0.578871201158
2872 0.578871201158
2873 0.578871201158
2874 0.578871201158
2875 0.723589001447
2876 0.868306801737
2877 0.868306801737
2878 0.868306801737
2879 1.01302460203
2880 1.01302460203
2881 1.01302460203
2882 1.01302460203
2883 1.01302460203
2884 1.01302460203
2885 1.01302460203
2886 1.01302460203
2887 0.723589001447
2888 0.723589001447
2889 0.723589001447
2890 0.434153400868
2891 0.434153400868
2892 0.434153400868
2893 0.434153400868
2894 0.434153400868
2895 0.289435600579
2896 0.144717800289
2897 0.144717800289
2898 0.144717800289
2899 0.0
2900 0.0
2901 0.0
2902 0.144717800289
2903 0.144717800289
2904 0.144717800289
2905 0.144717800289
2906 0.144717800289
2907 0.289435600579
2908 0.434153400868
2909 0.434153400868
2910 0.434153400868
2911 0.578871201158
2912 0.723589001447
2913 0.723589001447
2914 0.723589001447
2915 0.723589001447
2916 0.723589001447
2917 0.723589001447
2918 0.723589001447
2919 0.723589001447
2920 0.723589001447
2921 0.868306801737
2922 0.723589001447
2923 0.723589001447
2924 0.723589001447
2925 0.868306801737
2926 0.868306801737
2927 0.723589001447
2928 0.578871201158
2929 0.578871201158
2930 0.578871201158
2931 0.434153400868
2932 0.289435600579
2933 0.289435600579
2934 0.289435600579
2935 0.289435600579
2936 0.289435600579
2937 0.289435600579
2938 0.289435600579
2939 0.289435600579
2940 0.289435600579
2941 0.144717800289
2942 0.144717800289
2943 0.144717800289
2944 0.144717800289
2945 0.0
2946 0.144717800289
2947 0.144717800289
2948 0.144717800289
2949 0.144717800289
2950 0.144717800289
2951 0.144717800289
2952 0.289435600579
2953 0.289435600579
2954 0.434153400868
2955 0.434153400868
2956 0.434153400868
2957 0.434153400868
2958 0.434153400868
2959 0.434153400868
2960 0.434153400868
2961 0.434153400868
2962 0.434153400868
2963 0.434153400868
2964 0.434153400868
2965 0.434153400868
2966 0.434153400868
2967 0.434153400868
2968 0.434153400868
2969 0.434153400868
2970 0.578871201158
2971 0.578871201158
2972 0.434153400868
2973 0.578871201158
2974 0.434153400868
2975 0.723589001447
2976 0.723589001447
2977 0.723589001447
2978 0.723589001447
2979 0.723589001447
2980 0.723589001447
2981 0.723589001447
2982 0.723589001447
2983 0.723589001447
2984 0.723589001447
2985 0.723589001447
2986 0.578871201158
2987 0.578871201158
2988 0.578871201158
2989 0.578871201158
2990 0.434153400868
2991 0.434153400868
2992 0.434153400868
2993 0.289435600579
2994 0.289435600579
2995 0.0
2996 0.0
2997 0.0
2998 0.144717800289
2999 0.144717800289
3000 0.144717800289
3001 0.144717800289
3002 0.289435600579
3003 0.289435600579
3004 0.289435600579
3005 0.289435600579
3006 0.289435600579
3007 0.578871201158
3008 0.578871201158
3009 0.578871201158
3010 0.578871201158
3011 0.578871201158
3012 0.578871201158
3013 0.868306801737
3014 0.868306801737
3015 1.01302460203
3016 1.01302460203
3017 1.01302460203
3018 0.868306801737
3019 1.15774240232
3020 1.15774240232
3021 1.15774240232
3022 1.01302460203
3023 1.01302460203
3024 1.15774240232
3025 1.15774240232
3026 1.44717800289
3027 1.15774240232
3028 1.15774240232
3029 1.15774240232
3030 1.15774240232
3031 1.15774240232
3032 1.15774240232
3033 0.868306801737
3034 0.868306801737
3035 0.723589001447
3036 0.723589001447
3037 0.868306801737
3038 0.868306801737
3039 0.578871201158
3040 0.578871201158
3041 0.578871201158
3042 0.578871201158
3043 0.723589001447
3044 0.578871201158
3045 0.578871201158
3046 0.289435600579
3047 0.289435600579
3048 0.289435600579
3049 0.289435600579
3050 0.289435600579
3051 0.289435600579
3052 0.289435600579
3053 0.289435600579
3054 0.289435600579
3055 0.289435600579
3056 0.289435600579
3057 0.434153400868
3058 0.434153400868
3059 0.434153400868
3060 0.723589001447
3061 0.723589001447
3062 1.15774240232
3063 1.01302460203
3064 1.01302460203
3065 1.01302460203
3066 1.01302460203
3067 1.01302460203
3068 1.01302460203
3069 1.01302460203
3070 1.01302460203
3071 1.01302460203
3072 1.01302460203
3073 1.01302460203
3074 1.01302460203
3075 1.01302460203
3076 1.01302460203
3077 0.723589001447
3078 0.723589001447
3079 0.723589001447
3080 0.434153400868
3081 0.434153400868
3082 0.0
3083 0.0
3084 0.0
3085 0.0
3086 0.0
3087 0.0
3088 0.0
3089 0.0
3090 0.0
3091 0.0
3092 0.0
3093 0.0
3094 0.0
3095 0.0
3096 0.0
3097 0.144717800289
3098 0.144717800289
3099 0.144717800289
3100 0.144717800289
3101 0.144717800289
3102 0.144717800289
3103 0.144717800289
3104 0.289435600579
3105 0.289435600579
3106 0.289435600579
3107 0.289435600579
3108 0.289435600579
3109 0.289435600579
3110 0.289435600579
3111 0.289435600579
3112 0.289435600579
3113 0.289435600579
3114 0.289435600579
3115 0.289435600579
3116 0.434153400868
3117 0.289435600579
3118 0.289435600579
3119 0.289435600579
3120 0.578871201158
3121 0.578871201158
3122 0.578871201158
3123 0.578871201158
3124 0.434153400868
3125 0.434153400868
3126 0.434153400868
3127 0.434153400868
3128 0.434153400868
3129 0.434153400868
3130 0.434153400868
3131 0.434153400868
3132 0.434153400868
3133 0.723589001447
3134 0.723589001447
3135 0.723589001447
3136 0.578871201158
3137 0.578871201158
3138 0.723589001447
3139 0.723589001447
3140 0.434153400868
3141 0.434153400868
3142 0.434153400868
3143 0.578871201158
3144 0.578871201158
3145 0.578871201158
3146 0.578871201158
3147 0.578871201158
3148 0.578871201158
3149 0.578871201158
3150 0.578871201158
3151 0.578871201158
3152 0.578871201158
3153 0.289435600579
3154 0.289435600579
3155 0.289435600579
3156 0.289435600579
3157 0.289435600579
3158 0.144717800289
3159 0.144717800289
3160 0.144717800289
3161 0.144717800289
3162 0.144717800289
3163 0.0
3164 0.0
3165 0.0
3166 0.0
3167 0.0
3168 0.0
3169 0.0
3170 0.0
3171 0.0
3172 0.0
3173 0.0
3174 0.0
3175 0.0
3176 0.0
3177 0.0
3178 0.0
3179 0.0
3180 0.0
3181 0.0
3182 0.0
3183 0.0
3184 0.0
3185 0.0
3186 0.0
3187 0.0
3188 0.0
3189 0.0
3190 0.0
3191 0.0
3192 0.144717800289
3193 0.144717800289
3194 0.144717800289
3195 0.144717800289
3196 0.144717800289
3197 0.434153400868
3198 0.434153400868
3199 0.434153400868
3200 0.434153400868
3201 0.434153400868
3202 0.434153400868
3203 0.434153400868
3204 0.434153400868
3205 0.434153400868
3206 0.578871201158
3207 0.578871201158
3208 0.578871201158
3209 0.578871201158
3210 0.723589001447
3211 0.723589001447
3212 0.723589001447
3213 0.723589001447
3214 0.723589001447
3215 0.723589001447
3216 0.723589001447
3217 0.434153400868
3218 0.434153400868
3219 0.434153400868
3220 0.578871201158
3221 0.578871201158
3222 0.578871201158
3223 0.578871201158
3224 0.578871201158
3225 0.578871201158
3226 0.434153400868
3227 0.434153400868
3228 0.434153400868
3229 0.434153400868
3230 0.289435600579
3231 0.289435600579
3232 0.144717800289
3233 0.144717800289
3234 0.289435600579
3235 0.289435600579
3236 0.289435600579
3237 0.289435600579
3238 0.289435600579
3239 0.289435600579
3240 0.144717800289
3241 0.144717800289
3242 0.289435600579
3243 0.289435600579
3244 0.289435600579
3245 0.289435600579
3246 0.289435600579
3247 0.289435600579
3248 0.289435600579
3249 0.289435600579
3250 0.289435600579
3251 0.289435600579
3252 0.289435600579
3253 0.289435600579
3254 0.144717800289
3255 0.144717800289
3256 0.144717800289
3257 0.144717800289
3258 0.289435600579
3259 0.434153400868
3260 0.434153400868
3261 1.01302460203
3262 0.868306801737
3263 0.868306801737
3264 0.868306801737
3265 0.868306801737
3266 0.868306801737
3267 0.868306801737
3268 0.868306801737
3269 0.868306801737
3270 0.868306801737
3271 0.868306801737
3272 0.868306801737
3273 0.868306801737
3274 1.44717800289
3275 1.44717800289
3276 1.59189580318
3277 1.59189580318
3278 1.59189580318
3279 1.44717800289
3280 1.44717800289
3281 1.01302460203
3282 1.01302460203
3283 1.01302460203
3284 1.01302460203
3285 1.01302460203
3286 1.01302460203
3287 1.01302460203
3288 1.01302460203
3289 1.01302460203
3290 1.01302460203
3291 1.01302460203
3292 1.15774240232
3293 1.15774240232
3294 0.578871201158
3295 0.578871201158
3296 0.434153400868
3297 0.434153400868
3298 0.289435600579
3299 0.434153400868
3300 0.434153400868
3301 0.289435600579
3302 0.289435600579
3303 0.434153400868
3304 0.434153400868
3305 0.434153400868
3306 0.434153400868
3307 0.578871201158
3308 0.578871201158
3309 0.578871201158
3310 0.868306801737
3311 0.868306801737
3312 0.723589001447
3313 0.868306801737
3314 0.868306801737
3315 0.868306801737
3316 0.868306801737
3317 1.01302460203
3318 1.01302460203
3319 0.868306801737
3320 0.868306801737
3321 0.868306801737
3322 0.868306801737
3323 0.723589001447
3324 0.723589001447
3325 0.723589001447
3326 0.723589001447
3327 0.578871201158
3328 0.578871201158
3329 0.578871201158
3330 0.289435600579
3331 0.289435600579
3332 0.434153400868
3333 0.289435600579
3334 0.289435600579
3335 0.289435600579
3336 0.289435600579
3337 0.144717800289
3338 0.144717800289
3339 0.144717800289
3340 0.144717800289
3341 0.144717800289
3342 0.289435600579
3343 0.289435600579
3344 0.289435600579
3345 0.289435600579
3346 0.289435600579
3347 0.289435600579
3348 0.289435600579
3349 0.289435600579
3350 0.289435600579
3351 0.289435600579
3352 0.144717800289
3353 0.144717800289
3354 0.144717800289
3355 0.144717800289
3356 0.434153400868
3357 0.434153400868
3358 0.578871201158
3359 0.578871201158
3360 0.578871201158
3361 0.578871201158
3362 0.434153400868
3363 0.434153400868
3364 0.434153400868
3365 0.434153400868
3366 0.434153400868
3367 0.434153400868
3368 0.434153400868
3369 0.434153400868
3370 0.868306801737
3371 0.868306801737
3372 0.868306801737
3373 1.01302460203
3374 1.01302460203
3375 1.01302460203
3376 0.723589001447
3377 0.723589001447
3378 0.578871201158
3379 0.578871201158
3380 0.578871201158
3381 0.578871201158
3382 0.578871201158
3383 0.578871201158
3384 0.578871201158
3385 0.578871201158
3386 0.578871201158
3387 0.578871201158
3388 0.723589001447
3389 0.868306801737
3390 0.434153400868
3391 0.434153400868
3392 0.434153400868
3393 0.289435600579
3394 0.289435600579
3395 0.289435600579
3396 0.289435600579
3397 0.289435600579
3398 0.289435600579
3399 0.289435600579
3400 0.289435600579
3401 0.289435600579
3402 0.289435600579
3403 0.289435600579
3404 0.289435600579
3405 0.289435600579
3406 0.289435600579
3407 0.289435600579
3408 0.144717800289
3409 0.0
3410 0.144717800289
3411 0.289435600579
3412 0.289435600579
3413 0.434153400868
3414 0.434153400868
3415 0.434153400868
3416 0.578871201158
3417 0.578871201158
3418 0.578871201158
3419 0.578871201158
3420 0.578871201158
3421 0.578871201158
3422 0.578871201158
3423 0.578871201158
3424 0.578871201158
3425 0.578871201158
3426 0.578871201158
3427 0.578871201158
3428 0.578871201158
3429 0.578871201158
3430 0.434153400868
3431 0.434153400868
3432 0.434153400868
3433 0.289435600579
3434 0.434153400868
3435 0.434153400868
3436 0.578871201158
3437 0.578871201158
3438 0.868306801737
3439 0.868306801737
3440 0.868306801737
3441 0.868306801737
3442 0.868306801737
3443 0.868306801737
3444 0.868306801737
3445 0.868306801737
3446 0.868306801737
3447 0.868306801737
3448 0.868306801737
3449 0.868306801737
3450 0.868306801737
