1,200
1,276
1,800
1,1101
1,1175
1,1831
1,2100
1,2587
2,202
2,277
2,479
2,801
2,1078
2,1097
2,1176
2,1830
2,2004
2,2100
2,2584
3,205
3,277
3,800
3,1101
3,1175
3,1834
3,2101
3,2593
4,278
4,800
4,877
4,1101
4,1177
4,1836
4,2102
4,2586
5,277
5,1177
5,1831
5,2103
6,201
6,280
6,375
6,802
6,873
6,1102
6,1177
6,1836
6,2102
6,2589
7,8
7,59
7,183
7,210
7,273
7,295
7,343
7,356
7,422
7,497
7,512
7,581
7,639
7,658
7,678
7,720
7,793
7,846
7,958
7,992
7,1057
7,1158
7,1280
7,1344
7,1387
7,1435
7,1467
7,1528
7,1558
7,1613
7,1686
7,1710
7,1733
7,1760
7,1810
7,1857
7,1949
7,2089
7,2104
7,2141
7,2159
7,2320
7,2433
7,2497
7,2576
7,2602
7,2659
7,2753
7,2915
7,2958
7,3027
7,3078
7,3147
7,3247
7,3298
7,3390
7,3441
7,3470
8,200
8,278
8,768
8,800
8,1081
8,1174
8,1833
8,2057
8,2101
9,197
9,275
9,800
9,1102
9,1174
9,1830
9,2100
9,2586
10,83
10,135
10,168
10,211
10,261
10,320
10,370
10,418
10,440
10,466
10,561
10,654
10,706
10,793
10,828
10,872
10,913
10,932
10,962
10,1076
10,1167
10,1221
10,1267
10,1281
10,1303
10,1353
10,1387
10,1443
10,1541
10,1578
10,1607
10,1798
10,1833
10,1858
10,1893
10,1950
10,2037
10,2051
10,2090
10,2108
10,2149
10,2204
10,2252
10,2278
10,2324
10,2351
10,2369
10,2411
10,2432
10,2455
10,2617
10,2661
10,2724
10,2762
10,2839
10,2927
10,2973
10,2992
10,3017
10,3056
10,3147
10,3211
10,3297
10,3322
10,3389
10,3432
10,3455
11,200
11,276
11,801
11,1106
11,1173
11,1343
11,1751
11,1829
11,2100
11,2586
12,201
12,276
12,800
12,1100
12,1176
12,1830
12,2101
12,2582
13,281
13,1178
13,1833
13,2104
14,200
14,276
14,800
14,891
14,1099
14,1175
14,1832
14,2099
15,204
15,277
15,802
15,1102
15,1177
15,1834
15,2105
15,2586
16,203
16,276
16,800
16,1101
16,1174
16,1834
16,2101
16,2585
17,200
17,280
17,800
17,1102
17,1176
17,1833
17,2103
17,2586
17,2951
18,205
18,280
18,803
18,885
18,1101
18,1178
18,1832
19,438
19,1103
19,1188
19,1504
19,1843
19,2836
20,201
20,275
20,800
20,1101
20,1175
20,1828
20,2101
20,2587
21,201
21,272
21,698
21,799
21,1100
21,1174
21,1830
21,2100
21,2936
22,7
22,60
22,123
22,199
22,279
22,299
22,355
22,443
22,657
22,710
22,783
22,803
22,836
22,1102
22,1173
22,1345
22,1750
22,1833
22,1904
22,1939
22,1978
22,2176
22,2990
22,3221
23,282
23,804
23,992
23,1178
23,1539
23,1833
23,2588
24,84
24,140
24,206
24,226
24,254
24,418
24,450
24,522
24,591
24,826
24,865
24,898
24,974
24,1162
24,1217
24,1265
24,1336
24,1454
24,1519
24,1547
24,1569
24,1607
24,1678
24,1856
24,1903
24,1940
24,1986
24,2146
24,2377
24,2453
24,2591
24,2889
24,2926
24,3026
24,3045
24,3081
24,3457
25,200
25,280
25,801
25,1102
25,1175
25,1834
25,2102
25,2357
25,2590
26,202
26,277
26,801
26,1101
26,1175
26,1833
26,2101
26,2585
27,199
27,276
27,485
27,775
27,1145
27,1177
27,1748
27,1831
27,2147
27,2588
28,203
28,280
28,802
28,1103
28,1177
28,1835
28,2101
29,201
29,277
29,801
29,1101
29,1174
29,1833
29,2101
29,2584
30,203
30,279
30,803
30,878
30,1103
30,1177
30,1834
30,2103
30,2591
31,125
31,279
31,989
31,1177
31,1832
31,2102
31,2593
32,201
32,277
32,801
32,874
32,1101
32,1175
32,1832
32,2100
33,278
33,528
33,1184
33,1479
33,1840
34,198
34,277
34,798
34,877
34,1102
34,1177
34,1342
34,1749
34,1830
34,2098
34,3444
35,200
35,276
35,801
35,891
35,1101
35,1173
35,1302
35,1743
35,1835
35,2101
35,2287
36,1492
37,278
37,803
37,1102
37,1177
37,1834
37,2104
37,2588
38,204
38,275
38,771
38,799
38,875
38,1103
38,1176
38,1833
38,2100
39,200
39,277
39,800
39,1102
39,1176
39,1833
39,2100
39,2590
40,200
40,278
40,800
40,878
40,1177
40,1304
40,1827
40,2101
40,2590
41,293
41,1185
41,2593
41,2885
41,2979
42,37
43,200
43,275
43,799
43,1101
43,1175
43,1833
43,2051
43,2101
43,2131
43,2584
43,2824
43,2889
44,199
44,274
44,799
44,1100
44,1174
44,1826
44,2099
45,278
45,784
45,878
45,1100
45,1175
45,1405
45,1832
45,2131
45,2287
45,2586
46,280
46,479
46,628
46,693
46,1179
46,1428
46,1833
46,2101
46,2582
46,3375
47,201
47,276
47,800
47,1101
47,1174
47,1832
47,2100
48,200
48,276
48,701
48,770
48,800
48,1100
48,1175
48,1753
48,1826
48,2101
48,2591
49,201
49,277
49,802
49,1102
49,1176
49,1832
49,2101
49,2585
50,199
50,277
50,800
50,875
50,1100
50,1175
50,1827
50,2099
50,2592
51,201
51,276
51,801
51,1098
51,1174
51,1829
51,2057
51,2102
51,2592
51,3335
52,200
52,275
52,802
52,1101
52,1174
52,1829
52,2053
52,2101
52,2579
52,2695
53,198
53,274
53,798
53,1099
53,1173
53,1828
53,2099
53,2351
53,2587
54,735
54,1183
54,2338
54,3381
55,198
55,276
55,433
55,633
55,799
55,928
55,1100
55,1183
55,1827
55,2102
55,2144
55,2490
55,2585
55,3155
55,3389
56,1904
56,2777
57,200
57,276
57,801
57,1100
57,1175
57,1829
57,2098
58,201
58,277
58,802
58,1101
58,1179
58,1753
58,1830
58,2102
58,2589
59,200
59,276
59,800
59,879
59,1101
59,1177
59,1831
59,2100
59,2352
59,2589
60,200
60,277
60,800
60,881
60,1100
60,1174
60,1833
60,2050
60,2101
60,2585
61,200
61,279
61,800
61,1101
61,1176
61,1833
61,2102
61,2591
62,200
62,276
62,800
62,874
62,1101
62,1175
62,1831
62,2100
62,2585
63,201
63,278
63,801
63,878
63,1101
63,1176
63,1833
63,2101
63,2587
64,280
64,1180
64,1833
64,2098
64,2586
65,401
65,978
65,1184
65,1288
65,1396
65,2663
65,2695
65,3138
66,281
66,804
66,1103
66,1177
66,1834
66,2104
67,202
67,280
67,801
67,874
67,1102
67,1176
67,1835
67,2102
68,201
68,277
68,801
68,1102
68,1176
68,1833
68,2102
69,204
69,279
69,801
69,876
69,1104
69,1176
69,1833
69,2102
69,2484
70,280
70,1179
70,1832
70,2590
71,201
71,278
71,800
71,1183
71,1244
71,1836
71,2103
72,277
72,1103
72,1177
72,1836
72,2103
72,2594
73,203
73,277
73,804
73,1104
73,1178
73,1833
73,2102
73,2588
74,202
74,277
74,803
74,1104
74,1179
74,1835
74,2103
75,1614
75,1653
75,2163
75,2197
75,2506
75,2594
75,2669
75,2699
75,2957
75,3008
75,3212
75,3248
75,3427
76,31
76,3294
77,202
77,279
77,800
77,1103
77,1184
77,1833
77,2102
78,282
78,483
78,1189
78,1835
78,2586
78,3039
79,200
79,279
79,800
79,1101
79,1174
79,1832
79,2101
79,2587
80,33
80,347
80,1884
80,2235
81,200
81,291
81,800
81,878
81,1051
81,1105
81,1174
81,1878
81,2064
81,2097
81,2356
81,2639
81,3205
81,3288
82,202
82,282
82,800
82,890
82,1102
82,1177
82,1837
82,2101
83,281
83,1838
83,2593
84,134
84,281
84,804
84,1178
84,1836
84,2104
84,2592
84,2830
85,196
85,279
85,800
85,878
85,1101
85,1176
85,1834
85,2101
85,2587
86,198
86,275
86,706
86,799
86,877
86,1100
86,1173
86,1835
86,2053
86,2100
86,2183
86,2354
86,3285
87,450
87,539
87,927
87,1050
87,1182
87,1980
87,2067
87,2798
87,2834
87,3183
88,201
88,278
88,801
88,1101
88,1175
88,1832
88,2101
88,2592
89,199
89,274
89,798
89,1098
89,1175
89,1828
89,2099
90,35
90,203
90,276
90,801
90,1103
90,1184
90,1437
90,1841
90,2103
90,2164
90,2235
90,2589
90,2841
90,3144
90,3340
91,201
91,275
91,799
91,1099
91,1176
91,1833
91,2100
91,2587
92,199
92,278
92,800
92,1100
92,1174
92,1554
92,1831
92,2100
93,201
93,280
93,800
93,1101
93,1174
93,1832
93,1994
93,2101
94,434
94,1632
94,1846
94,2296
94,2490
94,3080
94,3398
95,281
95,885
95,1184
95,1638
95,1838
95,2140
96,387
97,201
97,275
97,800
97,1100
97,1175
97,1759
97,1828
97,2101
97,2588
98,201
98,278
98,801
98,1100
98,1175
98,1483
98,1833
98,2102
98,2531
98,2588
99,201
99,277
99,800
99,1101
99,1175
99,1755
99,1833
99,2101
99,2588
100,24
100,78
100,117
100,205
100,281
100,394
100,469
100,499
100,546
100,606
100,645
100,679
100,759
100,818
100,839
100,876
100,909
100,943
100,980
100,1037
100,1102
100,1142
100,1159
100,1227
100,1332
100,1435
100,1579
100,1609
100,1680
100,1728
100,1795
100,1819
100,1849
100,1890
100,1926
100,1962
100,1996
100,2118
100,2170
100,2203
100,2225
100,2288
100,2314
100,2426
100,2463
100,2625
100,2678
100,2737
100,2818
100,2847
100,2931
100,2994
100,3034
100,3076
100,3123
100,3162
100,3216
100,3285
100,3392
100,3427
100,3457
101,204
101,285
101,503
101,802
101,887
101,1101
101,1177
101,1835
101,2101
101,2530
102,201
102,280
102,543
102,802
102,872
102,1102
102,1178
102,1836
102,1905
102,2597
103,3133
104,199
104,274
104,798
104,1101
104,1173
104,1825
104,2001
104,2099
104,2530
104,2594
104,2678
105,200
105,276
105,800
105,1101
105,1175
105,1829
105,2101
106,382
106,931
106,1535
106,1833
106,2349
106,3303
107,482
107,637
107,950
107,1184
107,1251
107,1947
107,3039
107,3139
107,3293
108,201
108,278
108,801
108,877
108,1102
108,1177
108,1834
108,2102
108,2352
108,2589
109,279
109,1103
109,1177
109,1835
109,2099
109,2584
110,201
110,278
110,801
110,1101
110,1175
110,1833
110,2101
110,2585
111,285
111,592
111,933
111,1097
111,1485
111,1833
111,2289
112,28
112,283
112,788
112,1176
112,1336
112,1829
112,2176
112,2592
113,882
113,1151
113,1186
113,2030
114,203
114,280
114,802
114,1103
114,1178
114,1835
114,2101
115,281
115,1105
115,1176
115,1836
115,2596
116,200
116,276
116,800
116,1100
116,1174
116,1832
116,2100
116,2357
116,2592
117,200
117,278
117,801
117,1100
117,1176
117,1835
117,2101
117,2587
118,204
118,280
118,487
118,800
118,1101
118,1175
118,1832
118,2099
118,2594
119,284
119,543
119,871
119,1180
119,1702
119,1832
119,2597
120,203
120,278
120,1105
120,1184
120,1834
120,2103
121,202
121,279
121,802
121,1102
121,1177
121,1835
121,2102
121,2589
122,203
122,279
122,800
122,880
122,1179
122,1278
122,1832
122,1954
122,2054
122,2106
122,2289
122,2587
122,2741
122,3094
123,203
123,278
123,372
123,498
123,772
123,799
123,1106
123,1182
123,1831
123,2103
123,2590
124,202
124,285
124,771
124,803
124,1102
124,1176
124,1833
124,2056
124,2098
124,2589
124,3290
125,202
125,278
125,800
125,1100
125,1175
125,1833
125,2100
126,285
126,682
126,785
126,1503
126,3230
127,248
127,293
127,1184
127,1843
127,2991
128,201
128,281
128,783
128,1178
128,1838
128,2096
128,2125
128,2144
128,2533
129,75
129,94
129,118
129,216
129,270
129,301
129,368
129,402
129,427
129,522
129,561
129,590
129,694
129,716
129,795
129,825
129,937
129,980
129,1037
129,1113
129,1212
129,1282
129,1321
129,1348
129,1384
129,1495
129,1509
129,1558
129,1605
129,1740
129,1764
129,1777
129,1831
129,1873
129,1931
129,1988
129,2051
129,2073
129,2163
129,2215
129,2278
129,2329
129,2397
129,2475
129,2496
129,2560
129,2601
129,2670
129,2703
129,2776
129,2829
129,2894
129,2940
129,3032
129,3152
129,3229
129,3261
129,3278
129,3329
129,3389
129,3435
129,3453
130,250
130,438
130,1101
130,1191
130,1842
130,2584
130,3440
131,32
131,1003
131,1303
131,1582
131,1983
131,2341
131,2535
131,3444
132,187
132,281
132,801
132,875
132,1102
132,1177
132,1484
132,1835
132,2100
132,2352
133,202
133,278
133,802
133,878
133,1101
133,1178
133,1834
133,2101
133,2352
134,135
134,241
134,276
134,800
134,1100
134,1387
134,1553
134,1605
134,1671
134,1835
134,2058
134,2119
134,2193
134,2347
134,2406
134,2489
134,2581
134,2981
134,3304
134,3378
134,3397
135,949
135,1603
136,203
136,275
136,385
136,686
136,874
136,1101
136,1175
136,1835
136,2100
136,2174
136,2351
136,2581
136,2704
136,3051
136,3145
136,3402
137,282
137,449
137,526
137,780
137,804
137,1181
137,1292
137,1637
137,1800
137,2201
137,2603
137,2675
137,2810
137,2886
137,3300
137,3377
138,101
138,181
138,252
138,292
138,596
138,801
138,1100
138,1176
138,1601
138,1848
138,1893
138,2101
138,2584
138,2901
138,2975
139,279
139,1228
139,2230
140,205
140,278
140,801
140,1101
140,1176
140,1832
140,2101
140,2591
141,199
141,277
141,774
141,799
141,1104
141,1176
141,1831
141,2101
141,2582
142,200
142,278
142,801
142,877
142,1101
142,1175
142,1833
142,2101
142,2588
143,279
143,802
143,1104
143,1178
143,1832
143,2103
143,2589
144,198
144,275
144,802
144,879
144,1100
144,1175
144,1758
144,1828
144,2101
144,2592
145,201
145,277
145,694
145,801
145,871
145,1100
145,1176
145,1658
145,1828
145,2058
145,2101
145,2586
146,128
146,187
146,281
146,476
146,579
146,880
146,1179
146,1836
146,2104
146,2225
146,2591
146,2985
146,3280
147,200
147,275
147,484
147,800
147,876
147,1100
147,1174
147,1831
147,2101
147,2583
148,58
148,200
148,277
148,801
148,874
148,1101
148,1177
148,1832
148,2101
148,2585
148,2701
148,2775
149,205
149,280
149,802
149,982
149,1098
149,1179
149,1835
149,2286
149,2589
150,203
150,279
150,800
150,870
150,1101
150,1176
150,1832
150,2100
150,2594
151,201
151,276
151,801
151,874
151,1101
151,1175
151,1836
151,2101
151,2587
152,175
152,278
152,983
152,1181
152,1837
152,2329
152,2589
153,206
153,278
153,803
153,1104
153,1176
153,1835
153,2104
154,100
154,881
154,1903
154,1941
154,2502
154,2513
155,200
155,281
155,799
155,1097
155,1176
155,1835
155,2005
155,2100
155,2357
156,146
156,549
156,1189
156,1844
156,2235
157,278
157,435
157,874
157,1103
157,1178
157,1442
157,1833
157,2103
157,2356
157,2591
157,2741
157,3053
158,203
158,277
158,506
158,639
158,803
158,1104
158,1177
158,1834
158,1943
158,2101
158,2341
158,2590
159,201
159,277
159,804
159,840
159,873
159,1099
159,1179
159,1338
159,1833
159,2067
159,2115
159,2578
160,64
160,208
160,277
160,435
160,453
160,497
160,702
160,801
160,871
160,951
160,1100
160,1177
160,1265
160,1834
160,1950
160,2100
160,2581
160,2628
160,2904
160,2979
160,3037
161,201
161,280
161,501
161,627
161,702
161,799
161,875
161,1097
161,1189
161,1491
161,1832
161,2044
161,2102
161,2683
161,2699
161,2775
161,3042
162,55
162,201
162,278
162,496
162,707
162,799
162,1099
162,1175
162,1379
162,1644
162,1763
162,1834
162,2100
162,2473
162,2902
162,3258
163,201
163,275
163,800
163,1100
163,1174
163,1831
163,2101
163,2583
164,200
164,276
164,800
164,1108
164,1176
164,1483
164,1831
164,2100
164,2585
165,201
165,275
165,798
165,887
165,1100
165,1182
165,1832
165,2100
166,201
166,276
166,801
166,1101
166,1176
166,1833
166,2102
166,2352
166,2589
167,203
167,278
167,799
167,1100
167,1175
167,1490
167,1835
167,2101
167,2580
168,203
168,276
168,800
168,1098
168,1175
168,1830
168,2100
168,2353
168,3026
169,201
169,278
169,688
169,799
169,1099
169,1174
169,1829
169,1907
169,2100
170,200
170,276
170,799
170,1100
170,1175
170,1829
170,2100
171,200
171,277
171,504
171,800
171,1097
171,1176
171,1829
171,2101
172,198
172,274
172,800
172,1104
172,1177
172,1396
172,1832
172,2038
172,2102
172,2433
172,2517
172,2581
172,3280
173,1187
174,199
174,276
174,691
174,801
174,1100
174,1171
174,1836
174,1954
174,2042
174,2101
174,2579
174,3102
175,200
175,284
175,365
175,632
175,801
175,1110
175,1179
175,1484
175,1832
175,2066
175,2098
175,2582
176,185
176,276
176,800
176,873
176,1099
176,1174
176,1833
176,2100
176,2585
176,2991
177,199
177,276
177,799
177,1102
177,1173
177,1837
177,2099
177,2532
177,2581
178,199
178,274
178,799
178,893
178,1099
178,1172
178,1685
178,1831
178,2099
178,2437
179,200
179,274
179,691
179,799
179,1099
179,1174
179,1533
179,1679
179,1759
179,1831
179,2099
179,2190
179,2303
179,2500
179,2578
179,2789
180,203
180,279
180,630
180,802
180,1100
180,1175
180,1833
180,2102
181,203
181,280
181,803
181,878
181,1105
181,1178
181,1835
181,2102
181,2590
182,278
182,1838
182,2588
183,277
183,1176
183,1832
183,2103
183,3239
184,201
184,278
184,801
184,1102
184,1177
184,1756
184,1836
184,2101
185,201
185,278
185,801
185,1100
185,1178
185,1831
185,2101
185,2591
186,288
186,539
186,876
186,1182
187,27
187,279
187,846
187,1003
187,1103
187,1349
187,1426
187,1494
187,1736
187,1814
187,2140
187,2386
187,2576
187,2624
187,2934
188,200
188,278
188,800
188,875
188,1098
188,1175
188,1830
188,2100
188,2587
189,195
189,278
189,590
189,800
189,871
189,1100
189,1173
189,1641
189,1756
189,1829
189,2101
190,283
190,1832
190,2095
190,2144
191,200
191,276
191,800
191,1101
191,1176
191,1751
191,1831
191,2100
191,2172
191,2587
192,199
192,277
192,800
192,1100
192,1174
192,1755
192,1830
192,2065
192,2100
193,201
193,278
193,801
193,1101
193,1176
193,1752
193,1829
193,2103
194,198
194,277
194,587
194,801
194,1100
194,1176
194,1752
194,1828
194,2101
194,2186
195,281
195,486
195,801
195,1178
195,1834
195,2886
195,3253
195,3329
195,3430
196,201
196,276
196,801
196,1101
196,1175
196,1754
196,1828
196,2100
197,201
197,276
197,800
197,1101
197,1174
197,1752
197,1827
197,2101
198,200
198,275
198,800
198,1100
198,1175
198,1752
198,1826
198,2100
198,2585
199,200
199,275
199,799
199,1100
199,1176
199,1825
199,2101
199,2595
200,201
200,275
200,801
200,1101
200,1175
200,1754
200,1827
200,2102
201,54
201,201
201,276
201,802
201,1100
201,1177
201,1752
201,1828
201,2048
201,2100
201,2584
201,2736
202,1188
203,133
203,200
203,276
203,500
203,580
203,734
203,800
203,1099
203,1181
203,1240
203,1703
203,1840
203,2058
203,2099
203,2303
203,2592
203,2779
203,3352
204,200
204,277
204,800
204,944
204,1100
204,1174
204,1830
204,2100
205,203
205,277
205,801
205,1101
205,1175
205,1830
205,2104
205,2427
205,3254
206,201
206,280
206,801
206,1100
206,1176
206,1837
206,2101
207,199
207,284
207,803
207,1100
207,1173
207,1831
207,2100
207,2585
208,199
208,276
208,539
208,800
208,1102
208,1175
208,1832
208,2061
208,2100
208,2581
209,280
209,803
209,1103
209,1177
209,1835
209,2102
209,2586
210,131
210,202
210,278
210,805
210,1104
210,1179
210,1830
210,2106
210,2591
211,201
211,284
211,800
211,1101
211,1181
211,1754
211,1828
211,2101
212,201
212,277
212,800
212,1101
212,1174
212,1833
212,2101
212,2586
213,199
213,275
213,799
213,1099
213,1173
213,1829
213,2099
214,136
214,199
214,273
214,455
214,797
214,1100
214,1173
214,1827
214,2099
214,2580
214,2990
215,202
215,276
215,801
215,1101
215,1175
215,1832
215,2101
215,2582
216,199
216,282
216,799
216,1100
216,1173
216,1832
216,2099
217,201
217,276
217,799
217,1100
217,1174
217,1832
217,2101
217,2581
218,282
219,202
219,279
219,801
219,879
219,1101
219,1176
219,1831
219,2101
220,201
220,277
220,800
220,1100
220,1174
220,1753
220,1830
220,2100
221,198
221,274
221,798
221,1099
221,1179
221,1828
221,2099
221,2585
222,201
222,277
222,480
222,800
222,1100
222,1175
222,1833
222,2101
222,2589
223,198
223,274
223,506
223,799
223,1099
223,1175
223,1755
223,1829
223,2099
223,2591
224,204
224,275
224,800
224,1101
224,1175
224,1831
224,2100
224,2190
225,200
225,279
225,800
225,1099
225,1173
225,1692
225,1834
225,2100
225,2581
226,200
226,275
226,800
226,1100
226,1174
226,1832
226,2101
226,2583
227,199
227,275
227,799
227,1104
227,1175
227,1754
227,1829
227,2100
227,2581
228,201
228,275
228,800
228,1103
228,1176
228,1832
228,2100
228,2586
229,201
229,276
229,800
229,1106
229,1176
229,1832
229,2100
229,2586
230,1182
230,1246
230,1286
230,3079
231,199
231,275
231,799
231,1101
231,1174
231,1831
231,2099
232,197
232,274
232,799
232,1099
232,1174
232,1753
232,1832
232,2101
232,2581
233,202
233,276
233,801
233,1101
233,1174
233,1754
233,1831
233,2100
233,2588
234,201
234,277
234,801
234,885
234,1101
234,1175
234,1834
234,2101
235,201
235,278
235,802
235,878
235,1103
235,1175
235,1833
235,2056
235,2103
236,202
236,281
236,800
236,880
236,1051
236,1100
236,1175
236,1836
236,2101
236,2590
237,191
237,251
237,293
237,492
237,803
237,1100
237,1177
237,1829
237,2102
237,2587
238,198
238,278
238,493
238,798
238,1100
238,1175
238,1831
238,2100
238,2590
239,197
239,278
239,798
239,883
239,1173
239,1829
239,2099
239,2589
240,198
240,276
240,684
240,800
240,1099
240,1175
240,1755
240,1827
240,2100
241,201
241,279
241,651
241,802
241,882
241,986
241,1101
241,1177
241,1833
241,2101
242,199
242,276
242,800
242,1101
242,1176
242,1832
242,2100
243,200
243,277
243,800
243,1101
243,1175
243,1835
243,2100
243,2585
244,205
244,279
244,801
244,1104
244,1177
244,1835
244,2103
245,201
245,277
245,800
245,1101
245,1174
245,1830
245,2100
245,2587
246,200
246,279
246,801
246,1175
246,1751
246,1829
246,2101
247,283
247,806
247,876
247,1103
247,1177
247,1832
247,2104
247,2586
248,200
248,276
248,799
248,1100
248,1173
248,1835
248,2099
249,201
249,277
249,801
249,1100
249,1174
249,1829
249,2100
250,203
250,277
250,1103
250,1181
250,1830
250,2103
250,2587
251,202
251,277
251,800
251,875
251,1102
251,1175
251,1833
251,2101
252,278
252,428
252,799
252,878
252,1101
252,1177
252,1835
252,2101
252,2585
253,200
253,277
253,800
253,874
253,1101
253,1187
253,1831
253,2100
253,2553
253,3439
254,188
254,433
254,787
255,254
255,287
255,1177
255,1835
256,199
256,279
256,802
256,1102
256,1176
256,1833
256,2102
256,2171
257,204
257,279
257,799
257,880
257,1100
257,1184
257,1833
257,2100
258,199
258,277
258,800
258,1100
258,1173
258,1834
258,2100
259,30
259,179
259,657
259,1280
259,1734
259,2103
259,2236
259,2478
259,2683
259,2835
259,3100
260,278
260,1106
260,1178
260,1835
260,2593
261,281
261,1182
261,1830
262,277
262,803
262,1103
262,1177
262,1835
262,2100
263,202
263,279
263,801
263,1101
263,1176
263,1835
263,2101
263,2592
264,201
264,280
264,800
264,1101
264,1175
264,1836
264,2101
264,2594
265,25
265,258
265,287
265,539
265,1037
265,1194
265,1835
265,2682
266,200
266,277
266,535
266,800
266,872
266,1100
266,1178
266,1830
266,2100
266,2580
267,200
267,278
267,800
267,1101
267,1174
267,1831
267,2102
268,201
268,278
268,801
268,1100
268,1175
268,1757
268,1829
268,2100
269,202
269,279
269,803
269,1102
269,1175
269,1831
269,2103
269,2589
270,280
270,535
270,801
270,873
270,1100
270,1175
270,1291
270,1835
270,2100
270,2584
271,200
271,252
271,532
271,802
271,956
271,1051
271,1106
271,1178
271,1701
271,1787
271,1833
271,2104
271,2147
271,2491
271,3152
272,201
272,279
272,801
272,1101
272,1176
272,1754
272,1830
272,2101
273,200
273,291
273,800
273,1098
273,1177
273,1384
273,1442
273,1833
273,2042
273,2100
273,2181
273,3441
274,285
274,635
274,1181
274,1839
275,204
275,280
275,707
275,802
275,1178
275,1834
275,2102
275,2589
276,150
276,211
276,271
276,798
276,1100
276,1174
276,1287
276,1828
276,2099
276,2539
277,199
277,275
277,799
277,1099
277,1174
277,1749
277,1823
277,2100
278,200
278,275
278,799
278,1104
278,1176
278,1831
278,2101
278,2588
279,199
279,272
279,799
279,1101
279,1176
279,1827
279,2099
280,202
280,277
280,800
280,1101
280,1177
280,1833
280,2101
281,199
281,275
281,799
281,1102
281,1174
281,1827
281,2099
282,201
282,275
282,367
282,800
282,1100
282,1175
282,1752
282,1825
282,2101
282,2589
283,200
283,276
283,800
283,1100
283,1176
283,1752
283,1825
283,2100
284,207
284,278
284,537
284,801
284,1100
284,1174
284,1552
284,1829
284,2101
284,2593
284,2830
284,3349
285,325
285,731
285,805
285,886
285,1100
285,1182
285,1837
285,2054
285,2098
286,645
286,1091
286,1989
286,2854
287,279
287,402
287,801
287,876
287,1053
287,1176
287,1198
287,1832
287,2073
287,2107
287,2184
287,3190
288,203
288,277
288,531
288,802
288,872
288,1102
288,1175
288,1542
288,1832
288,2102
288,2203
288,2584
289,203
289,280
289,803
289,882
289,1102
289,1176
289,1829
289,2101
290,202
290,278
290,651
290,800
290,1104
290,1173
290,1246
290,1831
290,2101
290,2994
290,3254
291,53
291,205
291,281
291,803
291,1104
291,1176
291,1755
291,1834
291,2104
291,2585
292,396
292,1429
292,2587
292,3327
293,282
293,444
293,1105
293,1827
293,2588
294,203
294,278
294,483
294,502
294,804
294,876
294,1102
294,1180
294,1680
294,1843
294,2168
294,2353
294,2408
295,294
295,860
295,890
296,347
296,2381
296,2585
296,2799
296,3334
297,283
297,437
297,1275
297,1841
297,2929
297,3082
297,3254
298,281
298,1179
298,1831
299,200
299,276
299,800
299,1104
299,1174
299,1829
299,2055
299,2102
299,2591
300,202
300,278
300,802
300,1101
300,1176
300,1837
300,2102
300,2587
301,198
301,275
301,799
301,1098
301,1174
301,1833
301,2101
301,2590
302,201
302,278
302,801
302,879
302,1101
302,1176
302,1835
302,2100
302,2584
303,205
303,276
303,800
303,1100
303,1174
303,1829
303,2100
303,2584
304,799
304,879
304,1796
304,2742
305,200
305,278
305,799
305,1099
305,1175
305,1834
305,2100
305,2591
306,289
306,752
306,883
306,1932
306,3293
307,20
307,205
307,279
307,797
307,866
307,1030
307,1100
307,1175
307,2100
307,2593
307,3293
308,200
308,277
308,800
308,878
308,1100
308,1174
308,1838
308,2100
308,2591
309,201
309,276
309,799
309,1097
309,1180
309,1833
309,2099
309,2593
310,201
310,278
310,800
310,1103
310,1178
310,1833
310,2101
310,2593
311,28
311,629
311,1082
311,1186
311,1681
311,1839
311,2678
311,3284
312,575
312,777
312,876
312,1343
312,1481
312,1797
312,3286
313,130
313,547
313,883
313,1541
313,2184
313,2280
313,2581
313,2851
313,3130
314,283
314,1181
314,1283
314,1753
314,1830
314,1934
314,2580
314,2736
315,201
315,277
315,802
315,1104
315,1178
315,1833
315,2102
315,2588
316,203
316,279
316,802
316,877
316,1103
316,1177
316,1834
316,2102
316,2591
317,58
317,201
317,279
317,352
317,426
317,801
317,876
317,1101
317,1178
317,1833
317,2099
317,2354
317,2412
317,2585
318,278
318,681
318,1101
318,1176
318,1481
318,1834
318,2105
318,2344
318,2589
319,201
319,276
319,801
319,1101
319,1176
319,1833
319,2102
319,2584
320,274
320,800
320,1077
320,1101
320,1175
320,1833
320,2101
320,2344
320,2584
320,2811
320,2870
320,3346
321,201
321,279
321,801
321,1101
321,1178
321,1832
321,2101
321,2589
322,203
322,278
322,608
322,704
322,804
322,879
322,1100
322,1177
322,1834
322,2056
322,2104
322,2587
322,3002
322,3079
323,40
323,199
323,277
323,799
323,871
323,1100
323,1174
323,1356
323,1839
323,2100
324,203
324,278
324,802
324,1102
324,1176
324,1836
324,2103
325,205
325,280
325,800
325,875
325,1100
325,1176
325,1438
325,1832
325,2101
325,2588
325,2831
326,200
326,277
326,800
326,878
326,1100
326,1176
326,1833
326,2100
326,2283
326,2582
327,200
327,277
327,800
327,1100
327,1177
327,1833
327,2099
327,2730
328,27
328,204
328,277
328,798
328,1101
328,1181
328,1405
328,1835
328,2099
328,3299
328,3385
329,201
329,277
329,800
329,876
329,1101
329,1175
329,1757
329,1833
329,2054
329,2099
329,2588
330,24
330,207
330,279
330,704
330,796
330,883
330,1102
330,1177
330,1229
330,1836
330,1993
330,2100
330,2395
330,2537
331,279
331,802
331,878
331,1102
331,1177
331,1834
331,1952
331,2042
331,2103
331,2590
332,202
332,275
332,771
332,839
332,1100
332,1182
332,1306
332,1830
332,2052
332,2101
332,2145
332,2597
332,2725
332,2819
333,283
333,680
333,786
333,984
333,1181
333,1398
333,2102
333,2184
334,200
334,276
334,801
334,1100
334,1174
334,1833
334,2101
335,279
335,1104
335,1177
335,1838
335,2103
335,2585
336,201
336,278
336,802
336,1102
336,1175
336,1834
336,2101
336,2587
337,277
337,802
337,1105
337,1179
337,1755
337,1831
337,2592
338,199
338,277
338,799
338,1101
338,1175
338,1837
338,2099
339,201
339,280
339,801
339,871
339,1102
339,1174
339,1434
339,1834
339,2058
339,2102
339,2294
339,2581
340,201
340,278
340,801
340,1100
340,1176
340,1833
340,2101
340,2587
341,199
341,278
341,802
341,1102
341,1177
341,1329
341,1832
341,2100
341,2582
341,3240
342,200
342,276
342,786
342,797
342,874
342,1100
342,1176
342,1842
342,2000
342,2100
342,2584
342,3001
343,197
343,276
343,799
343,873
343,1101
343,1174
343,1402
343,1837
343,2585
344,278
344,542
344,1178
344,2052
344,2644
344,2697
344,2834
345,48
345,73
345,280
345,387
345,592
345,691
345,1830
345,2628
346,201
346,275
346,802
346,1102
346,1178
346,1833
346,2101
346,2584
347,201
347,276
347,801
347,888
347,1101
347,1174
347,1832
347,2101
347,2583
348,278
348,1177
348,1832
348,2100
349,202
349,280
349,801
349,1105
349,1175
349,1832
349,2102
349,2582
350,182
350,200
350,276
350,799
350,1104
350,1177
350,1829
350,1980
350,2052
350,2099
350,2589
351,200
351,275
351,798
351,1099
351,1174
351,1829
351,2099
352,44
352,201
352,279
352,446
352,584
352,684
352,797
352,865
352,1100
352,1175
352,1836
352,1953
352,1994
352,2099
352,2171
352,2301
352,2396
352,2453
352,2492
352,3032
353,202
353,276
353,799
353,1101
353,1175
353,1829
353,2100
353,2507
353,2583
354,276
354,535
354,803
354,881
354,1104
354,1189
354,1895
354,2052
354,2100
354,2598
354,2977
355,200
355,277
355,799
355,1100
355,1176
355,1836
355,2101
355,2593
356,202
356,277
356,606
356,800
356,876
356,1099
356,1178
356,1757
356,1831
356,2100
356,2357
356,3376
357,198
357,275
357,798
357,1100
357,1173
357,1833
357,1998
357,2059
357,2098
357,2354
357,2581
357,3108
357,3383
358,281
358,548
358,1180
358,1587
358,1835
358,2585
358,2779
358,3225
358,3295
359,202
359,277
359,801
359,1100
359,1175
359,1831
359,2101
360,198
360,282
360,800
360,1101
360,1176
360,1832
360,2058
360,2101
360,2586
361,281
361,546
361,593
361,629
361,1183
361,1430
362,200
362,276
362,799
362,1106
362,1177
362,1832
362,2100
362,2586
363,202
363,277
363,801
363,1100
363,1175
363,1833
363,2101
363,2583
364,202
364,279
364,694
364,801
364,1099
364,1174
364,1605
364,1687
364,1762
364,1836
364,2101
364,2580
364,3286
365,201
365,275
365,799
365,876
365,1105
365,1176
365,1750
365,1830
365,2100
365,2589
366,204
366,277
366,801
366,889
366,1107
366,1176
366,1759
366,1830
366,2101
366,2585
366,3384
367,200
367,279
367,802
367,1101
367,1176
367,1551
367,1836
367,2102
367,2582
368,201
368,276
368,800
368,1100
368,1176
368,1551
368,1751
368,1833
368,2001
368,2050
368,2179
368,2733
369,198
369,276
369,799
369,1099
369,1176
369,1755
369,1829
369,2099
369,2178
369,2582
370,200
370,305
370,684
370,762
370,799
370,1101
370,1147
370,1402
370,1751
370,1799
370,2079
370,2100
370,2197
370,2356
370,2421
370,2444
370,2843
370,3287
371,201
371,277
371,454
371,531
371,801
371,1101
371,1175
371,1756
371,1834
371,2103
371,2585
372,203
372,279
372,803
372,1104
372,1177
372,2103
373,202
373,276
373,804
373,985
373,1103
373,1177
373,1253
373,1322
373,1829
373,2591
373,2882
374,204
374,280
374,804
374,1104
374,1177
374,1834
374,2582
375,746
375,1646
375,1692
375,2198
375,2347
376,251
376,331
376,636
376,1188
376,1279
376,1831
376,2628
376,3059
377,99
377,297
377,537
377,940
377,1180
377,1833
377,2086
377,2305
377,2552
377,2687
377,2898
377,2921
377,2944
377,3429
378,1552
378,2895
379,195
379,273
379,466
379,798
379,1102
379,1175
379,1752
379,1825
379,2058
379,2099
380,86
380,280
380,532
380,1283
380,2201
380,2646
380,2773
381,191
381,284
381,803
381,882
381,1102
381,1177
381,1832
381,2101
381,2178
381,2555
381,3280
382,1862
382,2600
382,3139
383,200
383,277
383,800
383,1101
383,1175
383,1829
383,2101
383,2587
384,279
384,593
384,804
384,873
384,1176
384,1834
384,2029
384,2105
384,2583
385,200
385,280
385,457
385,777
385,797
385,870
385,1100
385,1174
385,1604
385,1764
385,1837
385,2002
385,2170
385,2551
385,2592
385,2841
386,23
386,79
386,282
386,483
386,879
386,1178
386,2106
387,207
387,277
387,801
387,1101
387,1178
387,1834
387,2052
387,2101
388,280
388,784
388,801
388,1105
388,1179
388,1630
388,1752
388,1829
388,2102
389,206
389,278
389,801
389,1101
389,1185
389,1833
389,2101
390,201
390,276
390,708
390,804
390,1101
390,1180
390,1834
390,2104
391,203
391,278
391,591
391,800
391,879
391,1100
391,1175
391,1835
391,2100
391,2587
392,202
392,279
392,801
392,880
392,1102
392,1178
392,1835
392,2102
393,199
393,275
393,799
393,1100
393,1174
393,1832
393,2099
393,2587
393,2905
394,1189
394,1290
395,202
395,279
395,803
395,1102
395,1177
395,1834
395,2102
395,2589
396,203
396,277
396,802
396,1103
396,1176
396,1833
396,2101
397,201
397,279
397,350
397,799
397,880
397,1100
397,1173
397,1293
397,1831
397,2100
397,2169
397,2235
398,279
398,1178
398,1834
398,2102
398,2530
398,2591
399,279
399,877
399,1103
399,1177
399,1840
399,2104
399,2591
399,2833
400,199
400,276
400,800
400,881
400,1100
400,1173
400,1830
400,2100
400,2586
401,198
401,275
401,798
401,1100
401,1174
401,1840
401,2100
401,2181
402,202
402,278
402,802
402,1102
402,1178
402,1831
402,2101
403,199
403,278
403,801
403,875
403,1100
403,1174
403,1834
403,2100
403,2593
403,2687
404,199
404,278
404,800
404,881
404,1100
404,1832
404,2100
404,2593
405,202
405,280
405,801
405,1102
405,1177
405,1836
405,2102
406,279
406,803
406,1102
406,1177
406,1830
406,2104
407,203
407,278
407,803
407,1105
407,1176
407,1831
407,2102
407,2586
408,204
408,280
408,802
408,1105
408,1178
408,1837
408,2105
408,2588
409,281
409,640
409,1180
409,1833
409,2589
409,3093
410,134
410,1184
410,1384
410,1835
410,2184
410,2651
410,3141
410,3382
411,201
411,279
411,801
411,1101
411,1176
411,1835
411,2102
411,2586
412,203
412,279
412,804
412,1105
412,1176
412,1831
412,2101
412,2588
413,201
413,278
413,801
413,1101
413,1176
413,1832
413,2101
413,2587
414,202
414,278
414,802
414,1102
414,1176
414,1833
414,2104
415,138
415,201
415,280
415,797
415,1101
415,1175
415,1488
415,1685
415,2000
415,2187
415,3202
416,202
416,279
416,803
416,1104
416,1177
416,1837
416,2102
417,201
417,276
417,801
417,1101
417,1175
417,1833
417,2101
417,2583
418,200
418,278
418,801
418,1100
418,1175
418,1833
418,2101
418,2586
419,198
419,274
419,799
419,1100
419,1830
419,2100
419,2586
420,203
420,279
420,802
420,1102
420,1176
420,1834
420,2103
420,2585
421,201
421,275
421,799
421,873
421,1100
421,1178
421,1828
421,2100
421,2582
422,200
422,276
422,800
422,1100
422,1176
422,1831
422,2100
422,2584
423,201
423,277
423,802
423,1100
423,1178
423,1832
423,2100
423,2593
424,202
424,281
424,701
424,801
424,1101
424,1176
424,1836
424,2102
424,2589
425,281
425,481
425,1182
425,1837
425,2588
425,2792
425,3279
426,202
426,281
426,801
426,879
426,1101
426,1176
426,1835
426,2101
427,204
427,278
427,803
427,877
427,1105
427,1177
427,1838
427,2589
428,199
428,277
428,800
428,1100
428,1174
428,1830
428,2100
428,2583
429,280
429,1104
429,1177
429,1834
429,2103
429,2590
430,203
430,277
430,802
430,1104
430,1176
430,1832
430,2101
430,2587
431,203
431,277
431,803
431,1102
431,1176
431,1830
431,2102
431,2586
432,200
432,278
432,800
432,1101
432,1174
432,1833
432,2100
432,2583
433,281
433,1179
433,1839
433,2530
434,201
434,276
434,800
434,1101
434,1175
434,1831
434,2100
435,202
435,279
435,802
435,1101
435,1177
435,1835
435,2100
435,2592
435,3091
436,200
436,279
436,440
436,800
436,1101
436,1175
436,1836
436,2101
436,2584
437,200
437,277
437,798
437,1099
437,1176
437,1830
437,2055
437,2099
437,2587
438,200
438,277
438,801
438,1101
438,1175
438,1831
438,2101
438,2585
439,284
439,1187
439,1832
440,200
440,279
440,800
440,1101
440,1175
440,1832
440,2102
441,200
441,278
441,774
441,799
441,876
441,1101
441,1177
441,1833
441,2101
442,202
442,279
442,702
442,801
442,1102
442,1176
442,1755
442,1832
442,2101
443,202
443,279
443,772
443,800
443,1102
443,1177
443,1832
443,2057
443,2102
443,2592
444,281
444,1178
444,1834
444,2106
446,202
446,277
446,541
446,802
446,1103
446,1175
446,1830
446,2100
447,204
447,277
447,800
447,873
447,1101
447,1175
447,1832
447,2051
447,2100
448,202
448,278
448,801
448,1101
448,1176
448,1834
448,2103
448,2589
449,201
449,278
449,801
449,1106
449,1178
449,1751
449,1829
449,2102
450,202
450,277
450,801
450,1101
450,1175
450,1830
450,2100
451,281
451,1043
451,1180
451,1330
451,1745
451,1837
451,2583
451,2989
451,3332
452,199
452,274
452,800
452,1100
452,1175
452,1830
452,2100
452,2582
453,200
453,278
453,801
453,1103
453,1177
453,1828
453,2054
453,2100
454,201
454,273
454,799
454,1104
454,1173
454,1831
454,2099
454,2585
455,200
455,279
455,800
455,1101
455,1174
455,1833
455,2101
455,2584
455,2839
456,281
457,200
457,277
457,799
457,884
457,1100
457,1175
457,1758
457,1832
457,2100
458,201
458,278
458,633
458,801
458,1102
458,1193
458,1830
458,2102
458,2590
458,3356
459,1284
459,1348
459,1482
459,1844
459,2378
459,2637
459,3036
460,204
460,278
460,797
460,1100
460,1177
460,1829
460,2101
461,201
461,276
461,801
461,1101
461,1176
461,1832
461,2101
461,2587
462,655
462,1733
462,2183
463,280
463,1178
463,1835
464,280
464,1181
464,1836
464,2102
464,2585
465,89
465,1087
465,1189
465,1338
465,1932
465,2546
466,201
466,277
466,800
466,1100
466,1174
466,1694
466,1833
466,2100
466,2586
467,201
467,278
467,800
467,1099
467,1174
467,1826
467,2100
468,199
468,275
468,653
468,799
468,873
468,1101
468,1176
468,1442
468,1837
468,2099
468,2587
469,202
469,279
469,488
469,802
469,1102
469,1176
469,1832
469,2102
469,2352
469,2585
469,3043
470,289
470,1183
471,201
471,276
471,799
471,1103
471,1174
471,1832
471,2100
471,2587
472,201
472,280
472,801
472,1101
472,1177
472,1833
472,2101
472,2588
473,201
473,279
473,801
473,1102
473,1179
473,1831
473,2101
474,281
474,1182
474,1834
474,2102
474,2585
475,202
475,279
475,801
475,1102
475,1177
475,1834
475,2101
475,2587
476,199
476,276
476,800
476,1100
476,1176
476,1836
476,2100
477,201
477,278
477,800
477,1104
477,1178
477,1831
477,2102
477,2585
478,196
478,280
478,791
478,1104
478,1177
478,1349
478,1829
478,2101
479,99
479,193
479,282
479,551
479,613
479,690
479,801
479,1101
479,1551
479,1630
479,1803
479,1983
479,2100
479,2433
479,2589
480,200
480,277
480,454
480,797
480,1110
480,1175
480,1756
480,1828
480,2101
480,2584
480,2692
480,2763
481,201
481,279
481,801
481,1102
481,1179
481,1837
481,2102
482,203
482,279
482,805
482,1104
482,1176
482,1833
482,2105
482,2592
483,198
483,280
483,1182
483,2099
484,31
484,678
484,1481
485,2582
486,283
486,805
486,1178
486,1834
486,2105
486,2351
486,2590
487,187
487,1103
487,1176
487,1828
487,2291
487,2679
488,207
488,282
488,539
488,802
488,872
488,1101
488,1176
488,1690
488,1832
488,2051
488,2292
488,2701
488,2793
488,2903
488,3337
488,3402
489,202
489,280
489,592
489,802
489,1104
489,1176
489,1754
489,1829
489,2585
490,27
490,202
490,280
490,503
490,799
490,874
490,1102
490,1175
490,1840
490,2100
490,2551
491,201
491,273
491,798
491,1102
491,1176
491,1825
491,2056
491,2099
492,200
492,275
492,800
492,1100
492,1175
492,1827
492,2101
492,2583
493,282
493,1177
493,1835
494,201
494,279
494,801
494,1101
494,1182
494,1553
494,1830
494,2101
495,200
495,275
495,801
495,1106
495,1179
495,1835
495,2100
495,2590
496,200
496,276
496,799
496,1100
496,1177
496,1756
496,1828
496,2100
497,197
497,276
497,800
497,882
497,1101
497,1174
497,1750
497,1833
497,2100
497,2589
498,584
498,1192
498,1798
498,1835
499,200
499,276
499,800
499,1177
499,1832
499,2100
499,2583
500,202
500,276
500,801
500,1103
500,1176
500,1834
500,2105
500,2585
501,203
501,278
501,801
501,1102
501,1176
501,1832
501,2101
501,2589
502,199
502,274
502,798
502,1102
502,1173
502,1753
502,1825
502,2052
502,2100
502,2585
503,199
503,275
503,799
503,878
503,1099
503,1177
503,1831
503,2101
503,2590
504,201
504,279
504,800
504,1100
504,1181
504,1835
504,2101
504,2591
505,201
505,278
505,800
505,1101
505,1174
505,1759
505,1832
505,2101
505,2585
506,201
506,279
506,796
506,1101
506,1174
506,1836
506,2100
506,2589
507,280
507,804
507,1178
507,1833
507,2102
507,2589
508,279
508,1104
508,1177
508,1833
508,2103
509,279
509,1178
509,1840
509,2106
509,2455
510,201
510,278
510,800
510,879
510,1100
510,1175
510,1835
510,2101
510,2588
511,284
511,2685
511,2933
512,286
512,1185
512,2738
513,200
513,276
513,801
513,1101
513,1174
513,1834
513,2101
513,2588
514,282
514,875
514,1104
514,1177
514,1836
515,202
515,279
515,802
515,1103
515,1176
515,1833
515,2103
515,2587
516,203
516,278
516,803
516,1103
516,1177
516,1831
516,2104
516,2587
517,202
517,277
517,802
517,1102
517,1175
517,1832
517,2102
517,2593
518,203
518,278
518,802
518,1102
518,1176
518,1832
518,2101
519,206
519,280
519,441
519,804
519,1105
519,1176
519,1834
519,2103
520,287
520,850
520,891
520,1179
520,1283
520,1380
520,1848
520,2528
520,2590
522,202
522,278
522,802
522,984
522,1101
522,1175
522,1834
522,2102
522,2590
523,204
523,282
523,801
523,876
523,1101
523,1178
523,2101
524,24
524,50
524,277
524,328
524,604
524,802
524,877
524,1103
524,1193
524,1431
524,1835
524,2004
524,2104
524,2302
524,2474
524,2626
524,2780
525,198
525,273
525,799
525,1099
525,1177
525,1751
525,1827
525,2133
526,202
526,276
526,801
526,1102
526,1178
526,1837
526,2080
526,2100
526,2405
526,2581
526,2845
526,2990
526,3252
527,200
527,275
527,800
527,1104
527,1177
527,1828
527,2100
527,2582
528,198
528,276
528,602
528,799
528,1103
528,1174
528,1836
528,2044
528,2099
528,2239
529,199
529,279
529,802
529,1100
529,1177
529,1701
529,1833
529,2102
529,2592
530,201
530,283
530,803
530,880
530,1101
530,1175
530,1837
530,2102
531,207
531,276
531,800
531,1102
531,1177
531,1769
531,1831
531,2100
531,2176
531,2342
531,3006
531,3093
532,486
532,1189
532,1801
532,1842
532,2888
533,92
533,290
533,1098
533,2688
534,200
534,281
534,800
534,1102
534,1176
534,1835
534,2101
535,131
535,980
535,1836
535,3378
536,201
536,284
536,801
536,1099
536,1178
536,1532
536,1833
536,2044
536,2103
536,3005
536,3076
537,202
537,277
537,801
537,1102
537,1175
537,1752
537,1830
537,2102
538,204
538,279
538,532
538,802
538,902
538,1100
538,1175
538,1753
538,1831
538,2101
538,2353
538,2579
538,3252
539,202
539,280
539,802
539,1103
539,1177
539,1832
539,2103
540,205
540,280
540,532
540,805
540,1102
540,1176
540,1836
541,202
541,278
541,802
541,878
541,1100
541,1178
541,1834
541,2101
542,287
542,1951
543,201
543,278
543,535
543,801
543,1102
543,1177
543,1832
543,2100
543,2591
544,1380
544,1531
544,1654
544,2329
544,2599
545,23
545,289
545,593
545,801
545,883
545,1102
545,1178
545,1288
545,1708
545,1771
545,1831
545,1987
545,2103
545,2729
546,203
546,289
546,487
546,802
546,1104
546,1175
546,1731
546,1844
546,2100
546,2826
546,3449
547,202
547,276
547,800
547,875
547,1100
547,1175
547,1833
547,2100
547,2173
548,25
548,291
548,804
548,1182
548,2104
548,2179
549,278
549,801
549,1100
549,1175
549,1753
549,1832
549,2101
550,200
550,278
550,800
550,874
550,1100
550,1176
550,1833
550,2100
551,191
551,324
551,735
551,882
551,986
551,1152
551,1834
551,1891
551,2507
552,1164
552,1190
552,1896
553,20
553,3108
553,3209
554,201
554,279
554,796
554,1099
554,1175
554,1757
554,1830
554,2099
554,3387
555,205
555,281
555,800
555,876
555,1175
555,1501
555,1835
555,2103
555,2302
555,2826
556,210
556,257
556,590
556,793
556,878
556,1101
556,1173
556,1750
556,1829
556,2060
556,2099
556,2484
557,200
557,275
557,800
557,887
557,1100
557,1175
557,1833
557,2100
558,202
558,278
558,803
558,1102
558,1177
558,1843
558,2102
559,280
559,803
559,1104
559,1177
559,1750
559,1831
559,2103
560,203
560,282
560,803
560,880
560,1102
560,1178
560,1751
560,1829
560,2104
561,748
561,880
561,1181
561,2634
561,2733
561,3231
562,139
562,287
562,1685
562,1843
563,279
563,486
563,801
563,876
563,1101
563,1176
563,1755
563,1832
563,2100
564,204
564,277
564,803
564,1177
564,1637
564,1741
565,281
565,804
565,1178
565,1833
566,200
566,277
566,487
566,798
566,1100
566,1174
566,1379
566,1834
566,2041
566,2098
567,201
567,276
567,800
567,1101
567,1176
567,1831
567,2099
567,2589
567,2841
568,291
568,493
568,535
568,805
568,1185
568,1485
568,1798
568,2103
568,2279
568,2351
568,2525
568,2590
568,2890
569,584
569,1188
569,1380
569,1689
569,1836
569,2102
569,2586
571,277
571,877
571,1178
571,1835
571,2892
572,280
572,527
572,1180
572,1429
572,1837
572,2338
573,284
573,880
573,1104
573,1180
573,1830
574,1573
574,2163
574,2930
574,3045
575,278
575,881
575,1038
575,1182
575,1839
575,2103
575,2578
575,2980
576,198
576,274
576,362
576,798
576,879
576,1101
576,1175
576,1830
576,2101
576,2142
577,202
577,278
577,801
577,876
577,1178
577,1832
577,2102
577,2582
578,204
578,278
578,387
578,802
578,878
578,1103
578,1178
578,2101
578,2192
578,2306
579,34
579,277
579,801
579,874
579,1102
579,1177
579,1831
579,2102
580,202
580,282
580,801
580,1101
580,1177
580,1291
580,1834
580,2099
580,2685
580,2756
581,202
581,278
581,536
581,801
581,876
581,1102
581,1177
581,1830
581,2102
581,2589
582,247
582,494
582,879
582,1181
582,1845
582,2598
583,201
583,275
583,704
583,788
583,1099
583,1177
583,1759
583,1827
583,2064
583,2098
583,2587
584,1440
584,2839
585,133
585,204
585,282
585,482
585,802
585,1103
585,1176
585,1834
585,2102
585,3001
585,3388
586,629
586,880
586,1835
586,2002
586,2880
586,3379
587,204
587,277
587,536
587,1103
587,1177
587,1504
587,1692
587,1832
587,2583
587,3187
588,38
588,180
588,1381
588,1604
588,3148
589,200
589,279
589,800
589,1104
589,1177
589,1835
589,2100
590,201
590,278
590,534
590,702
590,801
590,1101
590,1176
590,1832
590,2101
590,2590
591,202
591,278
591,704
591,802
591,1101
591,1176
591,1830
591,1940
591,2102
591,2585
591,2983
592,201
592,275
592,800
592,1100
592,1175
592,1756
592,1826
593,201
593,278
593,800
593,1101
593,1176
593,1832
593,2101
594,43
594,96
594,183
594,214
594,315
594,439
594,475
594,597
594,632
594,701
594,742
594,790
594,813
594,953
594,987
594,999
594,1072
594,1091
594,1120
594,1153
594,1176
594,1237
594,1274
594,1376
594,1410
594,1483
594,1538
594,1618
594,1694
594,1776
594,1806
594,1896
594,1966
594,2018
594,2115
594,2228
594,2298
594,2359
594,2462
594,2527
594,2565
594,2611
594,2644
594,2740
594,2829
594,2849
594,2965
594,3038
594,3062
594,3082
594,3135
594,3157
594,3216
594,3277
594,3311
594,3326
594,3361
594,3407
594,3455
594,3470
595,280
595,805
595,1177
595,1831
596,201
596,277
596,800
596,1100
596,1177
596,1834
596,2101
597,201
597,278
597,800
597,875
597,1100
597,1176
597,1837
598,376
598,574
598,1280
598,1647
598,2176
598,2243
598,2425
598,2525
598,3328
599,200
599,279
599,800
599,882
599,1100
599,1175
599,1758
599,1835
599,2101
600,203
600,279
600,805
600,886
600,1176
600,1838
600,2104
601,282
601,1833
602,202
602,279
602,770
602,801
602,1103
602,1177
602,1836
602,2101
602,2590
603,199
603,277
603,799
603,874
603,1099
603,1176
603,1748
603,1833
604,202
604,276
604,802
604,879
604,1101
604,1177
604,1831
604,2100
605,280
605,1182
605,2429
605,2592
605,3006
605,3081
605,3350
605,3375
605,3393
606,136
606,281
606,988
606,1179
606,1837
606,2105
606,2434
606,2592
606,2728
606,3293
607,200
607,276
607,799
607,1100
607,1175
607,1829
607,2100
608,202
608,275
608,704
608,799
608,1101
608,1175
608,1830
608,2101
609,280
609,445
609,1176
609,1831
610,280
610,485
610,803
610,1189
610,1739
610,1831
610,2581
610,2749
610,3003
611,40
611,199
611,279
611,590
611,692
611,716
611,766
611,799
611,1029
611,1103
611,1178
611,1250
611,1825
611,1893
611,2100
611,2201
611,2246
611,2828
611,3009
611,3083
612,198
612,274
612,800
612,1099
612,1174
612,1830
612,2056
612,2102
612,2583
613,199
613,276
613,799
613,1099
613,1174
613,1830
613,2100
613,2587
614,202
614,281
614,802
614,1102
614,1176
614,1831
614,2103
614,2581
615,200
615,282
615,801
615,1104
615,1176
615,1835
615,2100
615,2586
616,203
616,277
616,802
616,1102
616,1175
616,1830
616,2102
617,281
617,802
617,878
617,1102
617,1177
617,1832
618,1190
618,1880
618,2882
618,3446
619,203
619,278
619,534
619,803
619,1103
619,1177
619,1832
619,2102
619,2584
620,282
620,1185
620,1841
620,2102
621,202
621,284
621,958
621,1026
621,1101
621,1180
621,1755
621,1836
621,2102
622,201
622,277
622,362
622,593
622,1098
622,1174
622,1540
622,1827
622,2730
623,202
623,278
623,801
623,1101
623,1177
623,1832
623,2101
623,2590
624,200
624,276
624,801
624,1105
624,1177
624,1754
624,1831
624,2101
624,2591
625,205
625,278
625,805
625,1104
625,1177
625,1689
625,1842
625,2037
625,2102
625,2354
625,2588
625,2903
625,3053
625,3301
625,3373
626,201
626,280
626,483
626,800
626,1028
626,1101
626,1176
626,1830
626,2102
627,206
627,281
627,806
627,1104
627,1179
627,1834
627,2104
627,3038
628,201
628,275
628,800
628,1101
628,1175
628,1826
628,2056
628,2100
628,3252
629,201
629,276
629,800
629,1101
629,1175
629,1830
629,2101
630,201
630,278
630,801
630,1102
630,1175
630,1831
630,2101
631,201
631,276
631,701
631,799
631,873
631,1100
631,1175
631,1827
631,2044
631,2100
631,2339
631,2591
631,2826
632,202
632,278
632,802
632,980
632,1103
632,1177
632,1832
632,2101
632,2585
633,202
633,280
633,801
633,1101
633,1177
633,1832
633,2103
633,2586
633,2704
634,201
634,277
634,801
634,1101
634,1175
634,1833
634,2101
634,2589
635,203
635,280
635,803
635,1103
635,1177
635,1833
635,2101
635,2588
636,203
636,278
636,492
636,802
636,1102
636,1177
636,1834
636,2100
636,2589
636,2731
637,203
637,277
637,1105
637,1177
637,1837
637,2586
638,200
638,275
638,799
638,1099
638,1174
638,1832
638,2001
638,2100
638,2589
639,200
639,283
639,801
639,1101
639,1177
639,1835
639,2102
639,2594
640,205
640,280
640,803
640,878
640,1103
640,1178
640,1833
640,2103
640,2589
641,137
641,282
641,805
641,892
641,1179
641,1836
641,1938
641,2104
641,2592
642,202
642,282
642,483
642,802
642,1177
642,1833
642,2103
642,2585
644,24
644,203
644,283
644,802
644,890
644,1104
644,1180
644,1753
644,1833
644,2104
645,279
645,1108
645,1178
645,1834
645,2102
646,201
646,277
646,801
646,1101
646,1174
646,1833
646,2102
646,2587
647,281
647,801
647,1179
647,1833
647,2593
648,204
648,280
648,802
648,887
648,1103
648,1179
648,1832
648,2100
648,2593
649,281
649,1178
649,1493
649,1834
649,2041
649,2105
649,2590
649,3384
650,202
650,279
650,802
650,1101
650,1176
650,1835
650,2100
650,2582
650,2696
651,201
651,278
651,801
651,1101
651,1175
651,1836
651,2100
651,2590
652,200
652,279
652,799
652,1099
652,1174
652,1835
652,2100
653,202
653,280
653,801
653,1103
653,1178
653,1833
653,2102
653,2588
654,200
654,277
654,799
654,1100
654,1175
654,1835
654,2100
654,2588
655,201
655,275
655,798
655,886
655,1174
655,1830
655,2100
655,2582
656,202
656,281
656,445
656,800
656,1099
656,1177
656,1496
656,1844
656,2101
657,1502
657,1694
657,1996
657,2041
657,2079
657,2186
657,2531
657,2686
657,3003
657,3130
657,3254
658,198
658,274
658,798
658,1101
658,1174
658,1752
658,1827
658,2049
658,2100
659,280
659,1176
659,1831
659,2586
660,202
660,277
660,803
660,1102
660,1177
660,1302
660,1751
660,1832
660,2102
660,2594
661,200
661,275
661,801
661,1101
661,1175
661,1658
661,1832
661,2101
661,2443
661,2893
662,188
662,277
662,708
662,799
662,1099
662,1174
662,1663
662,1710
662,1772
662,1834
662,2132
662,2172
662,2199
662,2504
662,2575
662,2591
662,2887
663,201
663,279
663,800
663,883
663,1100
663,1178
663,1755
663,1833
663,2101
663,2592
664,201
664,278
664,801
664,1102
664,1175
664,1834
664,2101
665,523
665,1570
665,2272
665,2620
665,2906
665,2946
666,1459
666,1485
667,198
667,274
667,355
667,701
667,798
667,1175
667,1832
667,2099
667,2741
668,19
668,103
668,175
668,202
668,276
668,488
668,801
668,1104
668,1754
668,1833
668,1987
668,2103
669,1
669,63
669,111
669,194
669,258
669,350
669,379
669,414
669,486
669,502
669,574
669,604
669,634
669,703
669,784
669,817
669,847
669,876
669,918
669,963
669,1016
669,1087
669,1189
669,1320
669,1343
669,1405
669,1544
669,1631
669,1694
669,1774
669,1831
669,1860
669,1917
669,2201
669,2276
669,2378
669,2428
669,2539
669,2578
669,2727
669,2788
669,2855
669,2971
669,3021
669,3083
669,3116
669,3144
669,3318
669,3336
669,3408
669,3450
670,281
670,389
670,1104
670,1178
670,1391
670,1829
670,2102
670,2590
671,202
671,278
671,802
671,1102
671,1175
671,1835
671,2102
671,2593
672,204
672,281
672,804
672,1104
672,1177
672,1832
672,2101
673,204
673,279
673,436
673,1104
673,1179
673,1554
673,1835
673,2584
674,201
674,282
674,801
674,876
674,1177
674,1835
674,2101
675,283
675,888
675,2242
675,3346
676,996
676,1046
676,1133
676,3280
676,3351
677,29
677,200
677,277
677,800
677,1099
677,1179
677,1831
677,2100
677,2403
677,2988
678,201
678,274
678,800
678,934
678,1144
678,1489
678,1833
678,2046
678,2099
679,201
679,282
679,800
679,1101
679,1177
679,1834
679,2101
679,2587
680,200
680,279
680,802
680,1101
680,1176
680,1834
680,1902
680,2102
680,2594
680,2686
680,3081
681,484
681,1696
681,1834
681,2288
682,202
682,280
682,419
682,799
682,1100
682,1175
682,1831
682,2041
682,2102
683,202
683,278
683,801
683,1102
683,1177
683,1832
683,2101
683,2587
684,201
684,275
684,798
684,1100
684,1174
684,1425
684,1833
684,2100
684,2584
685,279
685,1176
685,1833
686,202
686,277
686,538
686,801
686,1103
686,1176
686,1831
686,2102
686,2596
687,480
687,650
687,1583
687,2591
688,204
688,277
688,802
688,1102
688,1176
688,1832
688,2103
688,2583
689,203
689,279
689,799
689,879
689,1101
689,1174
689,1836
689,2101
689,2585
690,201
690,277
690,801
690,875
690,1098
690,1176
690,1833
690,2101
690,2588
691,201
691,278
691,801
691,1178
691,1834
691,2101
691,2589
