23
33
27
42
29
24
22
23
26
18
14
29
26
17
34
20
26
22
29
15
19
28
23
29
34
24
20
21
17
27
30
31
35
33
28
27
22
32
25
18
20
32
23
25
23
14
27
29
36
25
19
23
33
30
20
19
29
32
26
31
23
24
24
31
38
28
11
27
25
33
17
18
28
24
18
12
27
24
26
24
28
39
31
24
27
41
37
39
24
26
17
26
18
17
28
34
22
18
27
17
17
27
28
34
29
23
19
36
28
28
20
13
32
24
24
33
23
21
24
35
25
28
20
32
20
26
31
25
19
33
17
25
24
30
20
25
35
23
25
27
33
28
21
48
26
36
16
34
26
39
39
23
20
30
27
25
30
36
27
34
16
29
39
17
28
37
22
17
34
30
20
27
18
20
29
34
33
29
26
27
20
35
29
39
26
36
21
35
35
32
30
27
19
31
31
29
32
20
28
18
32
26
25
36
37
33
23
23
27
24
23
31
33
29
42
25
30
24
20
23
33
38
23
19
22
27
30
25
28
18
19
23
12
28
24
33
14
19
29
29
24
26
27
34
20
27
21
18
22
19
28
25
19
28
21
20
26
42
36
23
32
37
37
18
25
31
19
23
27
23
34
25
30
21
22
12
36
21
31
27
25
29
23
29
31
19
19
23
33
22
26
30
21
36
28
22
35
23
23
23
21
30
24
23
18
20
14
29
24
30
27
17
22
24
19
34
36
35
19
27
37
22
27
26
28
34
35
28
30
39
24
28
27
21
42
27
28
26
25
37
24
34
30
22
22
29
25
30
26
24
29
37
24
27
27
23
16
27
30
30
28
18
20
27
27
17
24
24
36
22
13
33
19
24
16
33
23
33
36
19
29
26
22
27
22
27
35
23
21
25
35
24
17
33
21
17
17
30
34
15
14
26
38
31
23
27
25
26
22
26
31
29
29
23
19
29
24
35
37
21
43
14
24
21
22
27
26
47
40
29
11
40
26
22
28
26
30
28
22
33
24
32
14
29
38
19
23
20
37
24
22
12
33
25
37
38
22
32
28
25
27
28
32
31
17
29
28
25
26
36
18
27
34
24
33
34
27
33
42
28
16
24
37
32
14
31
27
24
20
18
22
31
26
17
19
19
34
34
27
16
42
13
35
17
23
18
40
23
19
31
24
29
26
30
19
37
24
28
23
24
22
31
17
14
45
26
30
23
31
20
22
27
31
27
30
19
25
26
26
31
33
25
20
26
18
21
22
19
29
21
24
25
19
17
26
21
19
18
15
22
14
25
21
32
30
33
22
34
34
37
29
36
41
22
33
24
38
41
14
36
33
41
19
29
13
35
28
26
43
27
34
28
30
22
30
32
36
32
38
19
22
29
38
35
31
29
44
30
24
35
28
26
30
30
37
28
25
31
30
26
35
32
26
16
31
39
32
31
33
19
26
27
24
27
27
30
29
26
11
24
26
23
27
18
21
27
28
23
22
25
25
31
35
38
21
16
20
19
25
32
31
25
24
35
11
34
36
18
31
24
24
40
27
35
27
27
21
17
22
16
22
27
23
27
23
37
36
31
28
28
27
32
