25
33
30
43
31
26
22
24
27
19
14
30
28
18
37
20
26
23
28
16
20
30
24
30
38
24
20
21
19
30
30
32
36
32
30
28
21
35
26
19
20
34
23
26
23
16
27
31
39
26
19
22
36
32
22
20
29
34
28
32
22
24
24
34
42
28
12
28
29
33
18
19
28
26
19
14
27
25
30
24
28
38
33
26
29
43
38
40
25
28
18
27
18
18
29
34
23
17
30
18
17
28
28
34
29
24
19
37
28
27
22
13
33
25
23
34
22
22
24
36
25
28
21
32
20
27
32
29
20
33
17
26
25
30
21
26
36
23
25
27
33
28
22
51
28
38
16
34
27
42
40
23
20
33
26
25
29
38
29
36
17
31
40
17
28
38
22
17
36
32
22
29
18
21
29
32
33
29
25
26
20
37
29
42
27
37
23
37
36
32
30
29
19
34
32
30
31
20
31
17
34
27
25
37
38
35
25
22
29
26
24
33
34
28
46
26
31
23
20
23
34
40
23
20
22
27
31
26
27
20
20
25
13
27
26
35
15
22
30
30
25
28
27
34
22
28
22
18
23
21
30
26
19
27
21
20
27
42
38
27
33
42
38
18
25
31
18
23
27
24
35
26
34
21
23
12
38
22
32
28
25
30
24
29
33
19
19
24
33
22
26
32
22
36
29
23
38
24
23
24
22
30
24
24
21
21
15
30
23
32
27
17
23
24
19
35
36
36
18
31
36
24
27
26
30
37
35
31
30
41
24
28
27
22
43
27
29
26
26
38
26
34
32
24
24
31
26
32
28
24
31
39
25
29
28
24
16
27
30
34
27
20
22
26
30
17
24
25
36
22
13
35
19
25
16
33
23
34
37
18
30
28
23
29
23
27
35
25
22
26
36
25
18
34
21
19
17
30
36
16
14
26
37
30
21
27
27
26
22
29
29
33
30
25
20
32
24
35
40
21
44
15
24
23
22
30
29
48
41
31
12
40
27
23
28
28
31
31
25
33
24
33
15
30
39
19
23
22
38
23
22
13
33
24
38
39
22
33
29
26
27
28
34
34
18
29
26
25
29
39
19
28
36
23
36
35
28
33
41
29
16
24
36
33
14
31
27
25
19
18
22
31
28
17
21
20
32
36
28
16
43
13
36
19
24
19
41
23
20
31
24
30
26
29
21
39
23
28
23
23
24
34
18
14
46
28
29
25
31
21
21
29
31
27
31
18
25
26
26
31
32
27
21
29
18
22
24
18
29
23
24
25
20
17
28
22
20
20
17
25
15
25
21
33
31
33
22
37
35
40
30
37
44
24
37
25
40
42
14
37
35
43
18
30
14
36
30
27
44
27
35
30
32
22
31
33
35
34
39
18
23
29
38
39
34
31
49
34
26
38
29
29
33
32
37
29
26
33
33
26
37
33
26
16
34
40
33
34
37
21
26
28
26
26
31
31
29
27
11
24
27
23
28
18
21
26
28
23
23
26
27
30
37
38
21
16
21
20
25
32
30
25
24
35
11
35
37
19
32
24
23
40
28
36
28
28
22
18
22
17
22
27
24
27
25
39
38
32
27
29
26
33
