692
584
523
290
178
351
278
537
207
325
398
619
343
191
513
419
169
614
663
546
607
208
489
602
457
315
67
289
406
606
640
667
571
171
530
361
9
472
261
539
436
0
321
563
158
210
649
123
366
153
622
515
287
51
204
324
594
69
350
447
346
514
340
672
379
369
279
373
240
359
180
117
115
628
664
294
55
466
653
566
516
549
564
329
238
428
167
491
678
540
355
660
348
270
395
595
547
655
49
363
288
625
499
143
430
68
129
465
194
476
58
85
405
26
332
525
308
392
15
364
347
609
223
647
557
20
12
543
104
635
118
450
577
613
237
56
144
122
623
691
99
686
21
616
542
109
196
399
456
590
91
573
522
31
541
454
183
134
319
236
93
250
217
301
269
164
188
440
131
293
6
387
175
23
145
124
492
181
148
184
485
637
317
538
197
569
601
651
97
168
120
534
189
437
283
206
199
600
684
327
519
219
127
77
257
558
273
367
629
239
150
225
389
420
480
89
583
529
39
680
615
500
501
631
100
335
1
383
245
45
611
299
402
128
449
463
390
642
37
517
205
358
388
60
233
291
155
561
645
8
18
475
246
416
411
682
442
326
305
284
576
478
275
160
230
88
531
3
64
141
334
303
142
260
17
587
409
502
163
227
121
673
98
19
73
213
28
414
133
674
40
365
190
336
431
136
400
277
503
562
592
634
554
244
146
378
247
25
32
662
612
2
482
508
676
604
220
255
648
137
368
504
575
159
132
382
316
256
506
527
464
43
589
74
574
339
670
52
70
404
192
53
572
344
639
423
235
421
170
661
110
349
341
413
417
497
408
114
322
300
272
11
636
84
488
276
396
234
262
550
27
626
559
72
320
4
267
610
50
46
452
302
157
650
446
176
671
560
231
441
226
486
62
429
688
434
360
683
467
172
249
448
679
505
669
518
545
652
362
644
581
620
357
418
298
35
79
229
451
656
617
353
633
193
641
460
263
596
162
102
318
444
474
443
627
264
422
140
427
371
438
654
221
152
116
156
83
30
403
151
689
433
605
242
624
494
161
483
412
536
44
268
266
174
473
455
309
10
507
108
200
209
147
125
47
567
177
632
565
149
477
424
512
212
393
215
528
282
658
310
407
603
426
591
5
182
471
391
274
13
646
198
66
597
377
643
337
166
38
685
251
630
22
252
435
510
107
243
384
439
59
593
280
659
61
493
48
432
374
228
29
461
16
92
24
195
469
608
185
599
281
232
63
201
173
425
331
481
458
214
105
638
690
222
7
14
33
34
36
41
42
54
57
65
71
75
76
78
80
81
82
86
87
90
94
95
96
101
103
106
111
112
113
119
126
130
135
138
139
154
165
179
186
187
202
203
211
216
218
224
241
248
253
254
258
259
265
271
285
286
292
295
296
297
304
306
307
311
312
313
314
323
328
330
333
338
342
345
352
354
356
370
372
375
376
380
381
385
386
394
397
401
410
415
445
453
459
462
468
470
479
484
487
490
495
496
498
509
511
520
521
524
526
532
533
535
544
548
551
552
553
555
556
568
570
578
579
580
582
585
586
588
598
618
621
657
665
666
668
675
677
681
687
