Node Clustering Betweenness_centrality Closeness_centrality Eigenvector_centrality
0,0.716756756757,0.000741876975047,0.496279761905,0.0205642164823
1,1.0,0.0,0.399640503295,0.00107995858715
2,0.798853398853,0.00144631839033,0.517455391777,0.0677493878201
3,0.704367301232,0.0011791718515,0.510328997705,0.0443715061538
4,0.801470588235,9.03872383755e-05,0.436232831916,0.00208422506383
5,0.574315032265,0.00239493992405,0.538772213247,0.0788783041303
6,1.0,0.0,0.360345759049,0.000953185000043
7,0.439024390244,0.00118182335177,0.469718309859,0.00386524776278
8,0.412307692308,0.000384176639317,0.472379603399,0.00481801657027
9,0.502164502165,0.000212787725772,0.458734525447,0.00723000269943
10,0.720797720798,0.000195798059201,0.453433038749,0.00602330488217
11,0.365288220551,0.00136267790291,0.496279761905,0.0143317079004
12,0.453242835596,0.0019768127768,0.488644688645,0.0074102131643
13,0.412912912913,0.000459846261398,0.475071225071,0.0129936052332
14,0.339534883721,0.00303706965783,0.508384146341,0.0252445197342
15,0.466666666667,0.000477694657805,0.413258983891,0.00165234949858
16,0.913043478261,0.000314402395993,0.441721854305,0.00422501052665
17,1.0,0.0,0.406955460647,0.0016759747717
18,0.777777777778,5.01852883546e-05,0.358409457281,0.00045591933415
19,0.436363636364,0.000741612756608,0.493343195266,0.020029037229
20,0.290851401375,0.00256559385444,0.504920514762,0.0150521096331
21,0.293939393939,0.00100878449689,0.484386347131,0.0122746213197
22,0.474335188621,0.00192524088659,0.51906614786,0.0325419749889
23,0.339366515837,0.0012201513946,0.489361702128,0.0139185832633
24,0.408695652174,0.00126875296392,0.501126972201,0.0220783145205
25,0.495518565941,0.0027189031135,0.542717656631,0.0622465281529
26,0.875,1.80693330474e-05,0.445855614973,0.00451896591106
27,0.441652389111,0.00297195678839,0.522727272727,0.0285561640463
28,0.578247261346,0.00203138731359,0.503396226415,0.01654649563
29,0.488172043011,0.000305699613703,0.459050240881,0.00559791967142
30,0.524497795198,0.00418798337055,0.552152317881,0.0872674355421
31,0.73009009009,0.000454935162669,0.498505231689,0.0206025419719
32,0.333333333333,7.27470582241e-06,0.351052631579,0.000230747414736
33,0.520402298851,0.00461099788538,0.544489795918,0.0802502141674
34,0.41306122449,0.0019759147316,0.492614475628,0.0126707820837
35,1.0,0.0,0.452817379498,0.00692792525701
36,0.433510638298,0.00108517118163,0.489361702128,0.0099508823548
37,1.0,0.0,0.406955460647,0.0016759747717
38,0.570564516129,0.000700903339649,0.45189701897,0.00295677075863
39,1.0,0.0,0.439973614776,0.00431850159217
41,0.827586206897,9.4971915626e-05,0.449763991908,0.0049576153413
42,0.293560606061,0.000601695898532,0.480201583873,0.00787051038815
43,0.441666666667,0.000173510102628,0.431994818653,0.00224471705034
45,0.787926675095,0.000844949053927,0.52395915161,0.0707662610651
46,0.735042735043,5.88510736153e-05,0.446153846154,0.00704917999787
47,0.3164160401,0.00335941797636,0.494074074074,0.0119955782795
48,0.280257936508,0.00212959274955,0.506838905775,0.0163391482343
49,0.537112010796,0.000463798244934,0.47304964539,0.00853763660094
50,0.745652814618,0.000873552071978,0.52852614897,0.0712430356744
51,1.0,0.0,0.365079365079,0.000582415328672
52,0.365217391304,0.000963901845269,0.491887905605,0.0102047562096
53,1.0,0.0,0.336189516129,0.000175134715936
54,0.505039193729,0.00197407602702,0.517455391777,0.0293821160944
55,0.810483210483,0.000662051282463,0.516653756778,0.0702283460997
56,0.40625,0.00158208051525,0.501881113619,0.0219105183984
57,0.70395790437,0.00180348770851,0.51189562548,0.0421802319673
58,0.710330578512,0.00142421790067,0.532747603834,0.0719717505389
59,0.502641918439,0.00191862358908,0.531897926635,0.0552778581049
60,0.59858103062,0.00151065220067,0.52068696331,0.0512056578217
61,0.384646464646,0.00303704846254,0.51906614786,0.027009971916
62,0.419981498612,0.000669760528671,0.487216946676,0.0138673649176
63,0.687169760195,0.00213079293224,0.529785544083,0.0728643469641
64,0.0,9.85703635982e-05,0.35744908896,0.000677492549149
65,0.529473684211,0.00157270772556,0.504157218443,0.0212875292616
66,0.652765583845,0.00048698707627,0.499625468165,0.0189391866801
67,0.543157894737,0.00122088593995,0.504920514762,0.0229173974772
68,0.536072623029,0.0016030510842,0.515057915058,0.0237092090163
69,0.409484250606,0.00323766568071,0.526025236593,0.0327535875202
70,0.701981981982,0.000576378956984,0.503396226415,0.0235594311559
71,0.0,0.0,0.336020151134,0.000531145626112
72,0.483076923077,0.00320985732789,0.459050240881,0.0056456933942
73,0.418181818182,0.00180734503039,0.494440326168,0.0133839289574
74,0.0,2.2427228527e-05,0.335344394168,0.000337189091359
75,0.0,0.0,0.321911196911,4.17950831971e-05
76,0.590842490842,0.00188234917046,0.522317932655,0.0517552336101
77,0.0,5.35591774297e-06,0.351052631579,0.000596543556542
78,0.332777314429,0.00503761984723,0.528107680127,0.0290521977683
79,0.52380952381,3.34259807553e-05,0.393510324484,0.00112545720908
80,0.730696798493,0.00115875792721,0.526025236593,0.0734525343478
81,0.260046286556,0.00726036523467,0.513076923077,0.0190441716219
82,0.34778012685,0.00119007665385,0.489720998532,0.009912323943
83,0.552093973442,0.00181707586312,0.514263685428,0.0231470146346
84,0.387179487179,0.000812677208721,0.485443959243,0.00796081925388
85,0.545576049185,0.00309408146692,0.51189562548,0.0199149500836
86,0.794117647059,5.21192325353e-05,0.427290198591,0.00190933585075
87,0.495179063361,0.0027853810492,0.534455128205,0.0575830692345
88,0.429421768707,0.000507033690141,0.487573099415,0.0132026522551
89,0.337634408602,0.00182574554894,0.463516330785,0.00702943431632
90,0.268946648427,0.0057604860862,0.517455391777,0.0222145270349
91,0.641358641359,0.00100756091364,0.508384146341,0.0230709704997
92,1.0,0.0,0.342402464066,0.000369385348842
93,0.963232323232,9.60702597855e-05,0.505303030303,0.0656853211962
95,1.0,0.0,0.357066381156,0.000634494568086
96,0.461212121212,0.00410322559261,0.521501172791,0.0265024973823
97,0.503174603175,0.000810835811674,0.463516330785,0.0067277086847
98,0.425465838509,0.00224720555548,0.52068696331,0.0265451630378
99,0.319865319865,0.00138959820637,0.495910780669,0.0151013001996
100,0.279096045198,0.00250720895458,0.495910780669,0.013197974667
101,0.87619047619,1.00541529145e-05,0.437664041995,0.00303445306397
103,0.425543478261,0.00441661166857,0.551695616212,0.0665208794851
105,1.0,0.0,0.481588447653,0.0157143447426
106,0.432926829268,0.000537535213241,0.486861313869,0.0103494472351
107,0.346121057118,0.0023399555934,0.503016591252,0.0167142932563
108,0.449260042283,0.000679675015012,0.479511143063,0.00923901098003
109,0.357317073171,0.00120981200081,0.474733096085,0.00700240160952
110,0.0,0.0,0.315217391304,4.42067939891e-05
111,0.435897435897,4.12420378989e-05,0.432835820896,0.00300636503666
112,0.392307692308,0.00132679243433,0.47439544808,0.00852969841783
113,0.94726062468,3.93900718805e-05,0.489002932551,0.0170976319271
114,0.494987468672,0.00118557973415,0.489361702128,0.0143449973179
115,0.524369747899,0.000385648286749,0.477110157368,0.0103477978642
116,0.40899122807,0.00205813978588,0.52068696331,0.0268816945366
117,0.705263157895,0.000612772696538,0.497019374069,0.0207653714622
118,0.333333333333,0.000108526050353,0.425382653061,0.00300098559241
119,0.572640218878,0.00189425441113,0.510719754977,0.0229713472451
120,0.218995765275,0.0029724232838,0.498878085266,0.0111640451367
121,0.42,0.00322402315779,0.47439544808,0.00515765855384
122,0.23861298854,0.00524515056235,0.515854601701,0.0185794413319
123,0.450508788159,0.000881568947973,0.476428571429,0.0130233265353
124,0.404922779923,0.00293816578777,0.525196850394,0.0349254570467
125,0.805704099822,0.00012002920938,0.461591695502,0.00950116346759
126,0.0,0.0,0.303872437358,3.57241906342e-05
127,0.646218760143,0.000930267400738,0.508384146341,0.023387753683
128,0.254545454545,0.000367805503472,0.414800995025,0.00380947265595
129,0.9375,0.000265987933869,0.436804191225,0.0044190423107
130,0.262495372084,0.00213049305068,0.50993883792,0.0195367890113
131,0.52853630988,0.00558404505986,0.558158995816,0.112533116952
132,0.615432098765,0.000696711959725,0.505303030303,0.0287567462824
133,0.362573099415,0.000426436501822,0.442895086321,0.0028277746146
134,0.47619047619,0.000126872673465,0.394908229722,0.00136051803259
135,0.642716535433,0.00468068418737,0.528945281523,0.0780060381858
136,0.2855276907,0.00403189372686,0.517857142857,0.0222904535094
137,0.588932806324,0.000218729077925,0.442895086321,0.00547957885388
138,1.0,0.0,0.441429516876,0.00459182632807
139,1.0,0.0,0.481588447653,0.0157143447426
140,0.569800569801,0.00118013988663,0.443189368771,0.00606656210525
141,1.0,0.0,0.418969849246,0.00282207342931
142,0.417391304348,0.00101454859544,0.47171145686,0.0121283208966
143,0.644268774704,6.37070315659e-05,0.459682977257,0.00743453106043
144,0.381168831169,0.00154031002462,0.493708364175,0.0162397303438
145,0.717846460618,0.00135749547554,0.521909233177,0.0716924699903
146,0.410724156993,0.00541728200478,0.541396103896,0.0604921932363
147,0.352159468439,0.000752483240243,0.489002932551,0.0127901456306
148,0.0,0.0,0.320673076923,6.8183709039e-05
149,0.391025641026,0.000646481353837,0.488286969253,0.0105202789308
150,0.590548404162,0.0019003934615,0.523137254902,0.0486415150434
151,0.694414414414,0.000570189409016,0.503396226415,0.0231005014213
152,0.421625544267,0.00122506333496,0.491887905605,0.0160070753916
153,0.0,2.26397897128e-07,0.374508702976,0.00112282259509
154,0.430157802455,0.00149073791246,0.491887905605,0.0122362384839
155,0.61038961039,5.95432489776e-05,0.44377910845,0.00785756684767
156,1.0,0.0,0.441429516876,0.00453003777617
157,0.452804377565,0.00177444296796,0.515854601701,0.0243869007737
158,0.239202657807,0.00353983853258,0.485443959243,0.0046245044695
159,0.882352941176,3.13313976773e-05,0.4479516454,0.00396777895977
160,0.895424836601,9.49581031801e-06,0.435378590078,0.00504170974069
161,0.397443826015,0.00289079593807,0.524371069182,0.0297516014481
162,0.586932447398,0.000268485688249,0.468398876404,0.0112139542302
163,0.795366795367,0.00127451581912,0.516253869969,0.0678433321789
164,0.370530098832,0.00350797592049,0.527689873418,0.0309633419584
166,0.749025487256,0.00174389675742,0.530206677266,0.0709014289996
167,0.500840336134,0.00352669668068,0.47304964539,0.00733949040787
168,0.4,0.000769682980464,0.482284887925,0.00964260586679
169,0.541478129713,0.00089906300424,0.485443959243,0.010514410056
170,0.660256410256,0.000785359311637,0.450067476383,0.00496799521952
171,0.330434782609,0.000959754847786,0.488644688645,0.010541328877
172,0.52734082397,0.00190257078767,0.513471901463,0.0263929922684
173,0.546546546547,0.000277235719614,0.468398876404,0.00874363847923
174,0.272268907563,0.000677118733084,0.473721590909,0.00968311524889
175,0.306390977444,0.00169785687101,0.500375093773,0.0124628514845
176,0.286967418546,0.00253192773101,0.494074074074,0.0103065748741
177,1.0,0.0,0.490441176471,0.0180181933679
178,0.43137254902,0.000395644402969,0.475409836066,0.00655718566941
179,0.44419306184,0.00111362596991,0.495174461767,0.0113554884942
180,0.636363636364,0.000122944126488,0.4479516454,0.00629564238074
181,1.0,0.0,0.384438040346,0.00216584430958
182,0.410928961749,0.000989255949824,0.492250922509,0.0194227088157
183,0.426923076923,0.000998723532043,0.468728039353,0.00470057709521
184,0.43137254902,0.000367505314553,0.478822684853,0.00651319545219
185,0.472593183177,0.00555460076906,0.56239460371,0.090653418736
186,0.723723723724,0.000352479069432,0.461272475795,0.00514084606084
187,0.545306122449,0.00112403979308,0.489002932551,0.00884590286822
188,0.247585601405,0.00341509087381,0.506838905775,0.0151864409103
189,0.417739375771,0.0053903279983,0.524783634933,0.0263078895614
190,0.293427230047,0.00356421693537,0.506838905775,0.0158397527639
191,0.30866807611,0.0019646653257,0.484738372093,0.00889905834823
192,0.274285714286,0.00288493399762,0.490080822924,0.0132130104775
193,0.376470588235,0.00110407678019,0.489361702128,0.0123528763041
194,0.486486486486,0.00245396609391,0.473721590909,0.0111163353633
195,0.38125,0.00121293878865,0.496649292628,0.0221081325483
196,0.305129561079,0.00214410209784,0.498505231689,0.015994114492
197,0.395238095238,0.000281892435861,0.429491307147,0.00437975063786
198,0.367167919799,0.00220430194557,0.490441176471,0.0106044106123
199,0.495886075949,0.00103891961816,0.513471901463,0.0227858893584
200,1.0,0.0,0.396787626413,0.00114867195084
201,0.641621943948,0.00143719568285,0.535313001605,0.0796117391676
202,0.632034632035,9.70984175143e-05,0.463838664812,0.00456837659543
203,0.379234972678,0.00148980005743,0.498132935026,0.0158691734356
204,0.776666666667,0.00022774737618,0.418181818182,0.00188446030569
205,0.778916317342,0.000960182286904,0.521501172791,0.070160378956
206,0.390374331551,0.00349688675894,0.466759972008,0.00720191496929
207,0.533333333333,0.000559500858892,0.455912508544,0.00679576903829
208,0.780124223602,0.00143996224646,0.490802060338,0.0161711661784
209,0.737062404871,0.000586677717808,0.499251497006,0.0187936049107
210,0.83422459893,0.000819960524387,0.442307692308,0.00453247605969
211,1.0,0.0,0.354787234043,0.000419476555395
212,0.45564516129,0.000435773785784,0.482284887925,0.00779033254304
213,0.246606334842,0.00665170636384,0.490802060338,0.0123870336321
214,0.50506585613,0.002656968527,0.540518638574,0.0605750866098
215,0.319327731092,0.00555734965496,0.535313001605,0.0349916539385
216,0.53438907002,0.00180728287178,0.521501172791,0.0512744223314
217,0.667157584683,0.00130336319575,0.513867488444,0.0451355085543
218,0.329508196721,0.00193905875955,0.492614475628,0.0139151752644
219,0.39898989899,0.000766079880964,0.485797523671,0.0113769457931
220,0.358469945355,0.00165131408606,0.496649292628,0.0154773151832
221,0.494135802469,0.00143582405483,0.511503067485,0.0248417218545
222,0.690476190476,0.000174565459646,0.453741496599,0.00556503920718
223,0.445714285714,0.000544072759107,0.479856115108,0.0136020540003
224,0.456140350877,0.000368817321222,0.422954977806,0.00254074555659
225,0.322828784119,0.00744250272441,0.553526970954,0.0437573745373
226,0.323376623377,0.00131726556293,0.492614475628,0.0166585751276
227,0.423109965636,0.00313193613882,0.523547880691,0.0273865359151
228,0.48185483871,0.00032228822648,0.471378091873,0.00893064456162
229,0.508333333333,8.86767932139e-05,0.422954977806,0.00388401251632
230,0.760130414532,0.00184132799201,0.521909233177,0.0682014746818
231,0.486450167973,0.00157048601815,0.517054263566,0.028020716312
232,1.0,0.0,0.399640503295,0.00107995858715
233,0.54604261796,0.0016032279301,0.511111111111,0.0191189344562
234,0.302477793361,0.0035737966499,0.521501172791,0.0267637805787
235,0.473249409913,0.00416669166442,0.535742971888,0.051921226032
236,0.693250688705,0.00226999812206,0.527272727273,0.0715266505211
237,0.341414141414,0.000646655230385,0.488644688645,0.0108525208797
238,0.391463414634,0.000719766503563,0.481936416185,0.010123310097
239,0.297584541063,0.000897458531699,0.488286969253,0.0111295339128
240,0.42380952381,0.000703356159789,0.465782122905,0.00880839858229
241,0.609686609687,0.000186563023402,0.454050374404,0.00759133044015
242,0.339201877934,0.00190411774287,0.506454062263,0.0204449313679
243,0.516908573994,0.00285396710209,0.553986710963,0.0913680860218
244,0.293557422969,0.00268787195303,0.510719754977,0.026750968261
245,0.444520391889,0.00308895430504,0.539207760711,0.0394508224546
246,0.508452422447,0.00432982485707,0.544934640523,0.0837838935475
247,0.415569064505,0.00713815885214,0.56862745098,0.0961579849789
248,0.348598769651,0.00201177202454,0.510328997705,0.0231970071484
249,0.490586932447,0.000356209115515,0.477110157368,0.0109244897595
250,0.823255813953,0.000233773506329,0.505686125853,0.0471638680081
251,0.397402597403,0.00117118512291,0.492250922509,0.015736415789
252,0.447319085114,0.00659523173603,0.535313001605,0.0523065427405
253,0.561904761905,0.000107952519574,0.448554135844,0.00658752976262
254,0.625897883906,0.00218044272767,0.519875292284,0.0513267492962
255,0.5,9.27414754947e-06,0.411982705374,0.00208122134198
256,0.466219239374,0.00291722479512,0.544934640523,0.0671641529075
257,0.797619047619,0.000951326380966,0.519875292284,0.071688190525
258,1.0,0.0,0.355543710021,0.000296712625563
259,0.514599059963,0.00254658680728,0.52852614897,0.0544751619714
260,0.545454545455,4.67010287484e-05,0.40547112462,0.00360514759552
261,0.5,6.01037814188e-05,0.430045132173,0.00254142137409
262,0.541220307406,0.00165003869372,0.52852614897,0.0574629537473
263,0.356516656926,0.00104121624426,0.489720998532,0.0162809134171
264,0.498850574713,0.000711722702663,0.461911357341,0.00412755984421
265,0.538267288267,0.00360327881083,0.545380212592,0.0791129000394
266,0.392857142857,0.00117890463967,0.494807121662,0.0174734923765
267,0.384178413633,0.00339488901713,0.521501172791,0.0262031512257
268,0.46361574933,0.00309563772434,0.52068696331,0.0244220714674
269,0.436224489796,0.000751842458698,0.487573099415,0.0134924234602
270,0.377011494253,0.000845101172677,0.463838664812,0.0051481424835
271,0.528651903652,0.00571581407074,0.537903225806,0.0733782862155
272,1.0,0.0,0.504157218443,0.0654361353194
273,0.378904249872,0.00242803923867,0.5,0.0147835787184
274,0.592712312665,0.00220328751964,0.508384146341,0.0207955759263
275,0.901232262883,0.000803677534805,0.511503067485,0.0683206459521
276,0.328772635815,0.00369105684686,0.49776119403,0.0126032472756
277,0.424924924925,0.00057994769539,0.477793696275,0.0081781723782
278,0.399014778325,0.000400365906725,0.457475994513,0.00424091554594
279,0.474412698413,0.00270243540532,0.532747603834,0.0606235043569
280,0.291476407915,0.0030471664522,0.51189562548,0.013714303258
281,0.677536231884,0.000271617636684,0.442307692308,0.00309669835882
282,1.0,0.0,0.504157218443,0.0654361353194
283,0.886538461538,0.00048063448498,0.485443959243,0.0161639905729
284,0.751787538304,0.00224671311515,0.507996953542,0.0419430027433
285,1.0,0.0,0.32970835393,0.000102390186939
286,0.509756097561,0.000746542346163,0.484738372093,0.0102507406033
287,0.45045045045,0.000568782773495,0.476428571429,0.00799449571129
288,0.430188679245,0.00351576839706,0.523547880691,0.0257931838257
289,0.0,0.0,0.321290944123,5.94753582759e-05
290,0.454106280193,0.000681657819004,0.481936416185,0.0122930915208
291,0.832442067736,4.76620449382e-05,0.466107617051,0.0108009615355
292,0.54347826087,0.000213901999068,0.457162440027,0.00689464047778
293,0.703221288515,0.00217532088755,0.526025236593,0.0721785093059
295,0.0,0.0,0.315217391304,4.42067939891e-05
296,0.547348484848,0.00320493304267,0.469718309859,0.00845165556121
297,0.448456610367,0.00321789578411,0.515854601701,0.0285479458611
298,0.422402159244,0.000433606204912,0.472045293701,0.011248241522
299,0.419492219492,0.00277788423434,0.52852614897,0.0399526288963
300,0.431848852901,0.000887233121329,0.472045293701,0.00748655641953
301,0.507407407407,0.00138769351216,0.513076923077,0.0233443862486
302,0.352159468439,0.000901349541577,0.490080822924,0.011221240003
303,0.657142857143,7.44613120375e-05,0.428387925498,0.00258351632002
304,0.580849141825,0.00221582801558,0.510328997705,0.0231463573699
305,0.357142857143,0.000858422842682,0.492614475628,0.0106994561579
306,1.0,0.0,0.437090432503,0.00557239656077
307,0.611269750619,0.00184632112135,0.517054263566,0.0472700767563
308,0.291108071135,0.00412873326641,0.513076923077,0.0173528707433
309,0.564299971486,0.0018064621044,0.553067993367,0.109590642194
310,0.913043478261,0.000899077815257,0.440554821664,0.00422236483035
311,0.608374384236,0.00033239549965,0.46416144746,0.00556818744314
312,0.0,0.0,0.305823016965,3.49977839299e-05
313,1.0,0.0,0.338922764228,0.000185260050215
314,0.539313399779,0.000581580190827,0.47271438696,0.0114098057684
315,0.560784313725,0.00202874964299,0.511111111111,0.0239632608274
316,1.0,0.0,0.418969849246,0.00282207342931
317,0.638811881188,0.00186299784559,0.51825951826,0.0476620375625
318,0.660256410256,0.000785359311637,0.450067476383,0.00498201922585
319,0.783908045977,0.000220901450107,0.445557782231,0.00476563910723
320,0.542023663811,0.00270698820477,0.555370524563,0.110572870031
321,0.621296296296,0.00201381915705,0.498132935026,0.0204292506846
322,0.397887323944,0.0023441084634,0.509549274255,0.0156956955261
323,0.484210526316,0.00274615581701,0.519470404984,0.0258670510724
324,0.522060470325,0.00215266001073,0.51906614786,0.0269721696408
325,0.557199211045,0.00231173283905,0.558158995816,0.111394602096
326,0.441860465116,0.00112223299222,0.462552011096,0.00721412121953
327,0.538559754852,0.00156937503863,0.511111111111,0.0261900286788
328,0.419732704403,0.00563327658164,0.553526970954,0.0688389449472
329,0.93541058098,0.000242166264513,0.498878085266,0.0411729980692
330,0.779077117573,0.00130439352224,0.523547880691,0.0679601506322
331,0.904761904762,0.000281979378196,0.443484042553,0.00453370254262
333,0.525303827317,0.00330595740866,0.542717656631,0.0829678073137
334,0.379161147903,0.00549078155582,0.547169811321,0.0438356053123
335,0.494680851064,0.000633800091195,0.478822684853,0.0123610594353
336,1.0,0.0,0.399162178336,0.00336219290129
337,0.42289021658,0.00328247957991,0.522317932655,0.0285522015372
338,0.361509160167,0.00949229655959,0.544934640523,0.0598141737348
339,0.485858585859,0.000438472097973,0.487216946676,0.013214609562
340,0.455072463768,0.000549972777959,0.479166666667,0.0115587077773
342,0.443396226415,0.000945635600657,0.492250922509,0.0173513728822
345,0.396632996633,0.00101629537683,0.489002932551,0.0135611106214
346,0.402620802621,0.00330801388139,0.52395915161,0.0365087551014
347,0.536527353041,0.00189728795522,0.524783634933,0.0303463322217
348,0.710862262038,0.000603183348325,0.513076923077,0.0464426289259
349,0.718273750178,0.00110257886485,0.528945281523,0.0716031936884
350,0.655797101449,0.000116668563963,0.437951411687,0.00422778882303
351,0.489690721649,0.00548392268867,0.521501172791,0.0248865015287
352,0.459630752273,0.00604997297081,0.569112627986,0.113492371596
353,0.845102111457,0.000574389799497,0.526440410418,0.0673093922224
354,0.533635378706,0.00602351140109,0.545826513912,0.0760244937477
355,0.466780887112,0.00239730608791,0.522317932655,0.0314085001183
356,0.362448979592,0.00186494014039,0.498878085266,0.0112284507134
357,0.307755102041,0.00119882365734,0.495910780669,0.0128042267962
358,0.456064690027,0.00242945245364,0.5256107171,0.0294496602302
359,0.401142494446,0.00632362097922,0.540518638574,0.054425716315
360,0.421445221445,0.00147082335939,0.490441176471,0.0146036433102
361,0.826265389877,0.000306507749408,0.511111111111,0.0458276642109
362,0.861660079051,1.96576675559e-05,0.445557782231,0.00639373184685
363,0.334299516908,0.00335945173242,0.482983345402,0.00920160203189
364,0.706606942889,0.000799968014332,0.510328997705,0.0441557727131
365,1.0,0.0,0.399640503295,0.00107995858715
366,0.39715652405,0.0072116891057,0.579496090356,0.126540918606
367,0.639078221357,0.00170277821934,0.503396226415,0.019600214801
368,0.423734791042,0.00322254839904,0.524371069182,0.0307531881328
369,0.647058823529,3.48539249877e-05,0.448855989233,0.00317795994746
370,0.585708996668,0.00128028283874,0.506069802731,0.0195493276668
371,0.650381364667,0.00135289210056,0.517054263566,0.046569513557
372,1.0,0.0,0.481588447653,0.0157143447426
373,0.615384615385,0.000962872062867,0.459682977257,0.00553610761892
374,0.0,1.79542851421e-06,0.329871414441,0.000124296407208
375,0.545918367347,0.00378799158234,0.477793696275,0.00966839040484
376,0.543758043758,0.00355931491827,0.52395915161,0.0475485850669
377,0.416052416052,0.00459756432661,0.525196850394,0.0313635965663
378,0.368163265306,0.00113568653065,0.486506199854,0.0137076676976
379,0.2,6.74675540896e-05,0.379192723138,0.00148239185897
380,0.655870445344,0.000242891642594,0.4757489301,0.0113341903783
381,0.929892891918,0.000337427712827,0.498878085266,0.0402676920845
382,0.34268707483,0.000879319565095,0.492614475628,0.0122830904234
383,0.0,0.0,0.314771118452,4.57500236355e-05
384,0.324699352451,0.000874506733127,0.494440326168,0.0129969100126
385,0.384274640089,0.00200023101378,0.480547550432,0.00655922073731
386,1.0,0.0,0.481588447653,0.0157143447426
387,0.704924102184,0.00170558491313,0.501126972201,0.0183477348717
388,0.661719233148,0.00204985715328,0.515854601701,0.0472104871819
389,0.333333333333,6.3866098045e-06,0.359375,0.000519413045186
390,0.465883323026,0.00226295857792,0.517455391777,0.0286555709326
391,0.425609756098,0.00105224552059,0.472045293701,0.00729169335941
392,0.51304513426,0.00357251890902,0.56382079459,0.115000804289
394,0.473109243697,0.00237678952451,0.511503067485,0.0239661491557
395,0.48303030303,0.0017710077714,0.521501172791,0.0336127621582
396,1.0,0.0,0.439973614776,0.00431850159217
397,0.551404151404,0.00168116329478,0.512682551883,0.0235578107141
398,0.393469387755,0.000821417986395,0.488644688645,0.0104832300734
399,0.377777777778,0.00163142999533,0.475071225071,0.00513237582193
400,0.631485148515,0.00124351914892,0.52068696331,0.0448401780186
401,1.0,0.0,0.425654116146,0.00434407252849
402,0.380440348182,0.00122596791632,0.496649292628,0.017307401542
403,0.473417721519,0.00181902389229,0.512682551883,0.0221693331155
404,0.424521315984,0.0053485445049,0.542276422764,0.0581820495037
405,0.550793650794,0.000373990444231,0.474058280028,0.0104564227536
406,0.715438596491,0.000556551236877,0.49776119403,0.0210026193975
407,0.455456171735,0.00299598358033,0.5336,0.0576049346248
409,0.0,0.0,0.352723426758,0.000495431728845
410,0.428391734052,0.00219219852085,0.522317932655,0.0341905517685
411,1.0,0.0,0.481588447653,0.0157143447426
412,0.37441314554,0.0016384757358,0.505686125853,0.022150190229
413,0.635658914729,0.0017926220752,0.5336,0.0771586495606
414,1.0,0.0,0.420554854981,0.00273821699324
415,0.684659469546,0.00147670287956,0.52852614897,0.0714942357195
416,1.0,0.0,0.400841346154,0.00163056660716
417,0.449911920141,0.00397510133119,0.534455128205,0.0571579355001
418,0.482352941176,0.000485872923597,0.452203389831,0.00751088453512
419,0.433497536946,0.00107397128641,0.460317460317,0.00574290790634
420,0.36393442623,0.0026349358895,0.495910780669,0.0129622420977
421,0.526209677419,0.000190020236377,0.474733096085,0.00703849844486
422,0.57564383276,0.00320872685648,0.537469782434,0.0777669901495
423,0.546474028208,0.00248608604243,0.556761268781,0.109780755655
424,0.801899592944,0.000368729376513,0.500750750751,0.0206485290886
425,0.370827285922,0.00186037562318,0.488644688645,0.00923035461004
426,1.0,0.0,0.435947712418,0.00440810620141
427,0.704761904762,2.95079677848e-05,0.415317559153,0.00286182978789
428,0.425287356322,0.00033131435874,0.465132496513,0.00925470008036
429,0.512495942876,0.00146137623163,0.509549274255,0.0220083194157
430,0.577146887674,0.00260747858466,0.521909233177,0.0476167644132
431,0.576666666667,0.000379356131504,0.444074567244,0.00440672931683
432,0.633989266547,0.00187617671526,0.5336,0.0751159235411
433,0.544444444444,0.000573699923831,0.458734525447,0.00341198804697
434,0.456831683168,0.00295271391715,0.52109375,0.0278203854284
435,0.510769230769,0.000289271858333,0.447050938338,0.00506843169397
436,0.787926675095,0.000844949053927,0.52395915161,0.070705300046
437,0.336898395722,0.000428813023154,0.476769120801,0.00822117933183
438,0.483844143502,0.00547305292578,0.569112627986,0.114518165328
439,0.345341614907,0.00168379116769,0.501126972201,0.0193235461098
440,1.0,0.0,0.406955460647,0.0016759747717
441,0.389577986883,0.00652479427687,0.553526970954,0.0672010033223
442,0.363025210084,0.000845037385229,0.473385379702,0.00655420791628
443,0.519115120275,0.00209650655574,0.516653756778,0.0267409781469
444,0.0,0.0,0.323472356935,7.83481916456e-05
445,0.755067155067,0.000575721248694,0.50993883792,0.0451701595632
446,0.392732354997,0.00121564345794,0.490802060338,0.0143633141267
447,0.501315789474,0.00120460529247,0.515057915058,0.0330563522715
448,1.0,0.0,0.504157218443,0.0654361353194
449,0.41850853549,0.00325077399577,0.522727272727,0.0272762741231
450,0.753318077803,0.00163725321877,0.52395915161,0.0697266385166
451,1.0,0.0,0.396787626413,0.00148582913625
452,0.482701009398,0.005328026894,0.556296914095,0.0913530250611
453,0.469678006599,0.00429389557554,0.564297800338,0.117421678593
454,0.431081081081,0.00597696075911,0.56382079459,0.0930717116648
455,0.396756756757,0.00252188506327,0.510328997705,0.0171167402139
456,0.590421455939,0.00229608692632,0.541835905768,0.0817705030907
457,1.0,0.0,0.333833833834,0.000113811475047
458,0.0952380952381,0.00310638057401,0.384659746251,0.00111367448488
460,0.531055900621,0.00260312910628,0.550330033003,0.0903495169569
461,0.461904761905,0.000375853858707,0.47304964539,0.00768680154702
462,0.413582018173,0.00759409219488,0.580504786771,0.124297376336
463,0.519813519814,0.00144122469358,0.512288786482,0.0211247231651
464,0.291560102302,0.0022294512444,0.508384146341,0.0173978555061
465,0.502629917947,0.00182123275427,0.51906614786,0.0259222625415
466,0.346560846561,0.00626535544114,0.46,0.00545538908284
467,0.365839536807,0.00584844708077,0.552609776305,0.0496218108705
469,0.393162393162,0.00432474037192,0.529785544083,0.0333337554695
470,0.415151515152,0.000689648543094,0.484386347131,0.0134183066092
471,0.553990610329,0.00284455262229,0.542717656631,0.0805482511604
472,0.467218771567,0.00414283418242,0.555833333333,0.0889056745658
473,1.0,0.0,0.439973614776,0.00431850159217
474,0.397981099656,0.0036373864776,0.524371069182,0.0255429712554
475,0.461373964181,0.00141653034552,0.515057915058,0.0268164944424
476,0.619964768056,0.00366350074908,0.532747603834,0.07183011545
477,0.213235294118,0.000187444123309,0.441721854305,0.00308912362282
478,0.333333333333,0.00188038467303,0.502637528259,0.0189400148517
479,0.413793103448,0.000796592289496,0.467414155571,0.00976182809436
480,0.55298013245,0.00247614223085,0.549876339654,0.085079023127
481,0.704864864865,0.00107605744248,0.507610350076,0.0176468687548
482,1.0,0.0,0.400841346154,0.00163056660716
483,0.333333333333,3.06184669347e-05,0.385103926097,0.00158222251524
484,0.873015873016,0.000703442746948,0.441429516876,0.00465050390609
485,0.654477101846,0.00142812949149,0.506454062263,0.0202437382797
486,1.0,0.0,0.504157218443,0.0654361353194
487,0.464383180173,0.00455285814044,0.567176870748,0.114507360252
488,1.0,0.0,0.419496855346,0.00220545497897
489,0.330512956108,0.00139849412999,0.491887905605,0.0177978233418
490,0.449197860963,0.00172504514607,0.47439544808,0.00821035319436
491,0.69751454257,0.00195376200117,0.496649292628,0.018108166761
492,1.0,0.0,0.422954977806,0.00332482247982
493,0.4860395189,0.00174599394369,0.519470404984,0.0313623617083
494,0.490406367826,0.00636099145823,0.548971193416,0.0854925926997
495,0.371660859466,0.000927279474117,0.485443959243,0.00862293511571
496,0.621961244862,0.00214634786422,0.538772213247,0.0765440702752
497,0.52380952381,0.000263595651351,0.430878552972,0.00509649873446
498,0.787926675095,0.000844949053927,0.52395915161,0.0707052147187
499,0.415535444947,0.00275142533007,0.485443959243,0.0146517978041
500,0.389184397163,0.00117945669657,0.481936416185,0.011218895547
501,0.393902439024,0.00113831426176,0.477793696275,0.00934284343283
502,0.575021312873,0.00210842919197,0.505686125853,0.0176031313705
503,0.47981823042,0.00143262565546,0.51189562548,0.0246010630725
504,0.809230769231,0.000120086187885,0.455912508544,0.00742745145976
505,0.401480111008,0.000900334314523,0.484034833091,0.0117957414953
506,0.761645493043,0.00279520964909,0.488644688645,0.0150250489379
507,0.510604026846,0.00668998353025,0.55078447564,0.0819113062127
508,1.0,0.0,0.399162178336,0.00336219290129
509,0.465252525253,0.00308051306445,0.519470404984,0.0291293710371
510,0.5,0.000689748626248,0.458104395604,0.00392362660888
511,0.404858299595,0.000989727240296,0.481936416185,0.00708106481968
512,0.425516621743,0.004431672951,0.523137254902,0.0340396222522
513,0.446336429309,0.00434973158392,0.546721311475,0.0659405103162
514,0.678829107401,0.000577691392192,0.514660493827,0.0524931292511
515,0.683982683983,0.000613234357246,0.502259036145,0.0215326971964
516,0.527093596059,0.000317186447811,0.471378091873,0.00778691645772
517,0.724558050645,0.000846173868679,0.511503067485,0.0442875991243
518,0.720430107527,0.0011704599878,0.511503067485,0.0477298803843
519,0.819480519481,0.000429994025464,0.501126972201,0.0167405533189
520,0.1,0.00011683979818,0.364480874317,0.000423367276173
521,0.680911680912,0.000233233564873,0.451591062965,0.0075874202444
522,0.597410418549,0.00104740529469,0.50993883792,0.0251363114163
523,0.581280788177,0.000418087096284,0.466107617051,0.00764837855606
524,0.563076923077,0.00030141822543,0.450980392157,0.00623129777422
525,0.380319148936,0.00196851391674,0.494440326168,0.00807689729514
526,0.555332868595,0.00211376572928,0.549876339654,0.0862665982357
527,0.369711538462,0.00147640616976,0.501881113619,0.0192204963823
529,0.438217890707,0.00547405341761,0.557692307692,0.0905786767169
530,1.0,0.0,0.504157218443,0.0654361353194
531,0.843137254902,0.000283364216738,0.449158249158,0.00513457159878
532,0.695238095238,0.000144678162911,0.452203389831,0.0067988021855
533,0.287277701778,0.00388917002763,0.51906614786,0.0212297552963
535,0.547712418301,0.00202043911385,0.555370524563,0.112732331635
536,0.580544260244,0.00302738065363,0.54095701541,0.0780311575428
537,0.264410364886,0.00300044319257,0.5,0.0103103764919
538,0.398459383754,0.00386770292039,0.531050955414,0.0351528292305
539,0.474387083915,0.00419343699744,0.559094719195,0.0934540165166
540,0.427903543307,0.00344165134947,0.537037037037,0.0379067156875
541,0.333138515488,0.00167650622867,0.495542347697,0.0162496666039
542,1.0,0.0,0.419496855346,0.00220545497897
544,0.562977867203,0.00196398497779,0.507610350076,0.0195743613141
545,0.513549832027,0.00279495694431,0.519470404984,0.0243831272555
546,0.345454545455,0.000930111441812,0.495174461767,0.0151060857347
547,0.362464985994,0.00560628835491,0.532747603834,0.0312223365848
548,0.491211840888,0.0011857049606,0.478822684853,0.0087414857311
549,0.355462184874,0.00438073874158,0.519875292284,0.020568839458
551,0.777777777778,2.96358939764e-05,0.421618204804,0.00285880908878
552,0.0,0.0,0.318377088305,5.83608329624e-05
553,0.357769423559,0.00375552748745,0.492978566149,0.0155472599794
554,0.577578976796,0.00288376097233,0.543602281989,0.0818297107676
555,0.410248726401,0.00719533108564,0.544489795918,0.0611376127489
556,0.375287901368,0.00445862359536,0.532322426177,0.0346705356747
557,0.534897360704,0.0032734275867,0.551695616212,0.0833998357612
558,0.670561506005,0.00169109964019,0.499251497006,0.0226380861801
559,0.584204413473,0.000957548055963,0.473721590909,0.0101260458014
560,0.498362056687,0.00304993697973,0.528945281523,0.052167316946
561,0.374025974026,0.00139752509268,0.491525423729,0.0129630189834
562,0.777777777778,4.62163961085e-05,0.358988159311,0.000453439031386
563,0.743333333333,6.25558984158e-05,0.461591695502,0.00695218434537
564,0.886057692308,0.000463682702171,0.485443959243,0.0160592890581
565,0.522907900888,0.0011734619118,0.515455950541,0.0318785885198
566,0.581280788177,0.000284416985434,0.446153846154,0.00388314267831
567,0.454545454545,5.40575990586e-05,0.414800995025,0.00269354633535
568,0.0,3.5633819471e-06,0.361126150514,0.000374134871253
569,0.666666666667,8.83435463233e-06,0.35031512605,0.000317028444361
570,0.680911680912,0.00134759219741,0.4479516454,0.00484324972714
571,1.0,0.0,0.504157218443,0.0654361353194
573,0.705263157895,0.000612772696538,0.497019374069,0.0209732035736
574,0.493656977325,0.00352433114267,0.539644012945,0.0607299269233
575,0.370985603544,0.000723752647012,0.481588447653,0.0111526060516
576,0.464494569758,0.00591893728629,0.571061643836,0.120662547758
577,0.939516129032,4.85403858141e-05,0.441429516876,0.00460987733409
578,0.576025004596,0.00176207820866,0.544489795918,0.0845678460253
579,0.465909090909,0.0032742160616,0.47171145686,0.00841431299555
580,0.474995403567,0.00299168086549,0.544489795918,0.0659172576152
581,0.502415458937,0.00163382342801,0.484738372093,0.0112624762994
582,0.304774083546,0.00186146885741,0.507224334601,0.0157697346338
583,0.495184770437,0.00285214427543,0.51906614786,0.0240780766824
584,0.492801771872,0.00071843651566,0.477110157368,0.0101788200818
585,0.0,0.0,0.34293059126,0.000201667430875
586,0.640611225389,0.00103590447183,0.500750750751,0.0228602834487
587,0.0,0.0,0.31975071908,6.84872156418e-05
588,0.598522167488,0.000647221564276,0.434527687296,0.00228732825178
589,0.635700135544,0.00121394943016,0.539207760711,0.0808481250326
590,0.345098039216,0.00227787222878,0.494440326168,0.0080028419362
591,0.391836734694,0.000744374108813,0.489361702128,0.0159162639477
592,0.581280788177,0.000284416985434,0.446153846154,0.00388314267831
593,0.948910891089,0.000100666478805,0.506069802731,0.0660712130647
594,0.447415329768,0.000644724453006,0.470380818054,0.00508999776984
595,0.679982817869,0.000826933855785,0.514660493827,0.0499521008355
596,0.323076923077,0.00217204526065,0.507224334601,0.0148870656597
597,0.867509786209,0.00549039809911,0.502259036145,0.040932323122
598,0.400198019802,0.00258589888448,0.521501172791,0.0310192982821
599,0.619176843057,0.00253853977068,0.502259036145,0.0156803889836
600,0.485714285714,0.000529307079418,0.421085858586,0.00244748663188
601,0.36610343062,0.00205617767094,0.498878085266,0.013322051038
602,0.485714285714,0.000408503765185,0.420554854981,0.00268120611699
603,0.499108734403,0.000831870958145,0.477110157368,0.00485135253168
604,0.812510425354,0.000774937427254,0.515854601701,0.0684730285493
605,0.533707865169,0.00232361246862,0.515455950541,0.0204485973417
606,0.296626984127,0.00237450686899,0.502259036145,0.0126674521926
607,0.346405228758,0.000229338525015,0.415835411471,0.00162210995101
608,0.659225806452,0.00419861658058,0.531897926635,0.0717432602768
609,0.675,0.000744031305527,0.436804191225,0.00487875727536
610,0.3,0.00363887086228,0.440846001322,0.00353711617905
611,0.572043010753,0.000278479069878,0.466107617051,0.00655861755176
612,0.469639335024,0.00457463596834,0.556296914095,0.092647074836
613,0.593158953722,0.00192001529127,0.501503759398,0.0163157497589
614,0.641025641026,4.98282964021e-05,0.433116883117,0.00244818194993
615,0.442666029623,0.00187847043644,0.516253869969,0.0268661327919
616,0.459795367522,0.00435783873427,0.563344594595,0.0978732355176
617,0.615623136553,0.00381397024824,0.536604987932,0.0766142010466
618,0.480519480519,0.000431265183197,0.445855614973,0.00301548811497
619,0.692307692308,0.000308377373093,0.432274789371,0.00257143501734
620,0.352272727273,0.000594432138577,0.483333333333,0.00934844086855
621,0.304761904762,0.000770831273207,0.475071225071,0.00840739238358
622,0.9375,0.00299850074963,0.436232831916,0.00440839338016
623,0.466537267081,0.00494420023119,0.553067993367,0.0855516323599
624,0.496212121212,0.000716927864465,0.47104519774,0.00456214260744
625,0.960404040404,0.00332582768337,0.505686125853,0.0655487803486
626,0.600114744693,0.0016837863852,0.508771929825,0.0223523179049
627,0.542328042328,0.000394077828998,0.455601092896,0.0064193919421
628,0.605355575066,0.000847998748028,0.502259036145,0.019995240994
629,0.513636363636,0.00212306229521,0.530628480509,0.0357956951126
630,0.506291466484,0.00241621478547,0.516253869969,0.0258503634406
631,0.452762923351,0.000302686806274,0.473385379702,0.00917901811506
632,0.573311092577,0.00299828545897,0.525196850394,0.0470507229767
633,1.0,0.0,0.484738372093,0.01472634443
634,0.608018867925,0.00128094669954,0.54942339374,0.105306292734
635,0.472868217054,0.00253155624895,0.534455128205,0.039640810803
636,0.516791604198,0.00282218681657,0.528945281523,0.0497464171076
637,1.0,0.0,0.415576323988,0.00206389478108
638,0.481060606061,0.000555356287615,0.456849315068,0.00479310357129
639,0.639078221357,0.00170277821934,0.503396226415,0.0195371231403
640,1.0,0.0,0.504157218443,0.0654361353194
642,0.561296859169,0.00315432052223,0.544934640523,0.0804678386381
643,0.523988005997,0.00280798973426,0.52395915161,0.0506230391462
644,0.34965034965,0.00135057291435,0.498132935026,0.0179483081795
645,0.648282828283,0.00147116157977,0.517054263566,0.04613752092
646,0.925925925926,0.00299850074963,0.440264026403,0.00431878292821
647,0.446727185858,0.00297143696823,0.514263685428,0.0257583929746
648,0.519047619048,0.000369252810577,0.435662965382,0.00248462933374
649,0.598168498168,0.00177157876562,0.5256107171,0.0520172556254
650,0.430917874396,0.000637867625367,0.483333333333,0.0119129090541
651,0.518272914825,0.00250378145998,0.531474103586,0.0520043585578
652,0.668041494813,0.00201415606645,0.532322426177,0.0765809061255
653,0.459317585302,0.00390350300232,0.532322426177,0.0542997505955
654,0.554924242424,0.000586554077742,0.461911357341,0.00605934922089
655,0.692307692308,0.00031037762939,0.440264026403,0.0025498984413
656,0.533333333333,7.43742074619e-05,0.38223495702,0.00155653861962
657,0.381818181818,5.82996970272e-05,0.409705159705,0.00184373767007
658,0.696280991736,0.00246751133507,0.529785544083,0.070497037692
659,0.272994416691,0.0038155444771,0.510328997705,0.0210270540896
660,1.0,0.0,0.427838357922,0.00190864209876
661,0.360544217687,0.00316120934121,0.492250922509,0.012924215293
662,0.386123680241,0.00229734371548,0.485443959243,0.00766156780613
663,0.695488721805,0.000902124483091,0.5,0.019508985363
664,0.0,0.0,0.277916666667,9.02448070679e-06
666,0.288215488215,0.00195570483732,0.490441176471,0.0119889378956
667,0.751065643649,0.000864752534721,0.498878085266,0.0200939291663
668,0.968270756214,5.13334049106e-05,0.487573099415,0.0163615062946
669,0.857873390936,0.00273342939135,0.515455950541,0.069086669936
670,0.635700135544,0.00121394943016,0.539207760711,0.0802416231603
672,0.408045977011,0.00345394580647,0.528945281523,0.0332024279532
673,0.436632369753,0.00400439029063,0.551239669421,0.0669563021653
674,0.671973343206,0.00170881202248,0.505303030303,0.0203425109857
675,0.566066066066,0.0005466252821,0.477110157368,0.00971249612984
676,0.575498575499,0.000229613528929,0.449763991908,0.00744238959653
677,0.630571705426,0.00335973537329,0.528945281523,0.0720672621637
679,0.443306379155,0.00255747748341,0.523137254902,0.0306486031467
680,0.333333333333,3.51372735001e-05,0.340132585416,0.000248543417255
681,0.54756097561,0.00165170939868,0.474733096085,0.0163987706028
682,0.631505898681,0.00192364502444,0.531897926635,0.0765507949497
683,1.0,0.0,0.504157218443,0.0654361353194
684,0.524409676952,0.00328416156667,0.528945281523,0.0493687364677
685,0.646476190476,0.00353369686521,0.534455128205,0.0726142242392
686,0.242424242424,0.000198116206118,0.411220715166,0.00159398156838
687,0.533216783217,0.00343208265512,0.542276422764,0.0770591921491
688,0.661312371839,0.000700717990311,0.505303030303,0.0234791747774
689,0.503171247357,0.00138920294517,0.478136200717,0.0103109595821
690,0.517601043025,0.00221230911399,0.531474103586,0.0535589614622
691,0.0,0.0,0.306103717302,2.86642651887e-05
Node Clustering Betweenness_centrality Closeness_centrality Eigenvector_centrality
0,0.0,0.0,0.219978165939,0.00392159442768
2,0.0,0.0,0.181941309255,0.00015686279345
3,0.0,0.0,0.170042194093,3.47275415905e-05
5,0.333333333333,0.00755204830517,0.275461380725,0.0350608833288
11,0.166666666667,0.00687576598894,0.244835965978,0.00438758495541
13,0.333333333333,0.0031991924138,0.255386565272,0.00355367658771
14,0.166666666667,0.00532562773619,0.226659167604,0.00254911877784
19,0.333333333333,0.00100764221469,0.239880952381,0.00454697678787
20,0.166666666667,0.0106382284941,0.232410611303,0.00266890651934
21,0.0,0.00496277915633,0.191448931116,0.000186042852128
22,0.321428571429,0.0160992712515,0.255548509829,0.00243139609919
23,0.0,0.000766606022182,0.233758700696,0.0024970879254
24,1.0,0.0,0.225391498881,0.00344787564721
25,0.382352941176,0.0310987675985,0.281424581006,0.0504765413201
27,0.2,0.00608621370381,0.240884638374,0.0014895360154
30,0.512820512821,0.0111179461106,0.287037037037,0.0386760638173
31,1.0,0.0,0.229498861048,0.0035752595518
33,0.181818181818,0.0323136077678,0.296541574687,0.0455907339441
34,0.0,0.0,0.180151989271,1.6943050958e-05
36,0.0,0.00271327621514,0.241317365269,0.00331292686651
45,1.0,0.0,0.247391037446,0.0196632192909
47,0.333333333333,0.00496277915633,0.194404245055,0.000148534856751
48,0.133333333333,0.0142321131931,0.21961852861,0.000278296108913
50,0.0,0.000321200125386,0.230549199085,0.00212195041331
52,0.0,0.0,0.173781802501,6.66820643205e-06
54,0.25,0.0142847616493,0.283403656821,0.0210749331472
55,1.0,0.0,0.231742380679,0.00412466364073
56,0.0,0.000191779328218,0.24815270936,0.008542525791
57,0.0,0.0,0.198326771654,0.000981988780492
58,0.5,0.00489011671041,0.243799153055,0.00427010966825
59,0.428571428571,0.00294628342525,0.265831134565,0.0262509450051
60,0.611111111111,0.0051027607106,0.256198347107,0.0553767938768
61,0.333333333333,0.00198563345993,0.181941309255,4.78171314517e-05
62,0.0,0.0,0.22438752784,0.0018379716933
63,0.0,0.00321708372911,0.26339869281,0.0180219051369
65,0.0,0.000883551906364,0.213566507684,0.000368316583948
66,1.0,0.0,0.208484221417,0.00034483902119
67,0.0,0.00496277915633,0.204464738711,0.000166439527379
68,0.3,0.00561651870951,0.236363636364,0.000738973878422
69,0.190476190476,0.0161989996651,0.275461380725,0.00425787330984
70,1.0,0.0,0.215623327983,0.000243229567043
73,0.333333333333,0.00286381234827,0.220098306936,0.000320253156254
76,0.666666666667,0.000472119998245,0.260504201681,0.0681280975218
78,0.133333333333,0.0243302328297,0.244390539721,0.00524362303355
80,0.6,0.000573066245069,0.267774086379,0.0449680961089
81,0.194444444444,0.0154345793302,0.242917420133,0.00129559247393
82,0.0,0.0,0.169185558354,5.15153529035e-06
83,0.2,0.0148757766847,0.203535353535,8.45652863915e-05
87,0.488888888889,0.0126219196463,0.284403669725,0.0846814183518
88,0.466666666667,0.00502912930493,0.250621890547,0.00233196997785
90,0.0,0.0105807442956,0.210224308816,0.000109538438762
96,0.2,0.00931997227887,0.247542997543,0.003340972727
98,0.2,0.00653443195729,0.235948477752,0.00170876895657
99,1.0,0.0,0.221672167217,0.00548892563823
100,0.0,0.000943290379978,0.197549019608,9.41284186976e-05
103,0.525641025641,0.00946626033195,0.296323529412,0.0583306957101
106,0.0,0.0,0.185372585097,9.87661465529e-05
107,0.0,0.0,0.21154855643,0.000677616914118
112,0.0,0.0,0.192454632283,0.000368449801024
113,1.0,0.0,0.209895833333,0.000233256988272
115,1.0,0.0,0.235259778167,0.00407174027144
116,0.244444444444,0.0221977290951,0.242042042042,0.00144817873522
117,1.0,0.0,0.146812386157,2.65189550429e-07
119,0.333333333333,0.00992534275017,0.203432609793,8.42683339114e-05
120,0.166666666667,0.00894148655544,0.21154855643,0.000205849424991
121,0.0,0.0,0.18023255814,3.84676489972e-05
122,0.0666666666667,0.0237193639768,0.240740740741,0.00228298139717
123,0.0,0.00387024974443,0.241606714628,0.0019352119512
124,0.277777777778,0.024158860995,0.281032078103,0.00720466100534
127,0.0,0.0,0.236641221374,0.0035384103734
128,0.0,0.00493109443262,0.253778337531,0.0168192783816
130,0.166666666667,0.00278768830412,0.231476163125,0.00190491071741
131,0.424242424242,0.0269948260745,0.320604614161,0.217374351722
132,0.466666666667,0.00439700541153,0.265480895916,0.0046175519451
135,0.388888888889,0.0118083883254,0.281621243885,0.0532217551758
136,0.1,0.00829131719809,0.21973827699,0.000631908836167
142,0.0,0.0,0.220821917808,0.00282749293104
144,0.166666666667,0.00189912913148,0.244390539721,0.006967488196
145,0.8,0.000110452325185,0.23348783314,0.00519679102664
146,0.242647058824,0.0123449271761,0.287241625089,0.106600659051
147,0.333333333333,0.00337567266131,0.231210556512,0.00105265688963
149,0.0,0.00545704605108,0.227426636569,0.0016224506639
150,0.392857142857,0.00458389365895,0.247239263804,0.0132805348884
151,1.0,0.0,0.204361054767,0.000176573551958
152,0.333333333333,0.000778943172238,0.227555053642,0.00294566764564
154,0.0,0.0,0.19431051109,3.92790762546e-05
155,0.0,0.0,0.204257475925,0.000165822393794
157,0.6,0.00224783536032,0.222651933702,0.00135024022333
158,0.0,0.0,0.174685739055,1.25314889205e-05
159,0.0,0.0,0.172887172887,8.7967426824e-06
161,0.0,0.00102765158213,0.23512252042,0.00458894718504
162,1.0,0.0,0.200797209766,0.00019745414963
164,0.266666666667,0.0145036471284,0.243357487923,0.00102382005852
166,1.0,0.0,0.247391037446,0.0196632192909
171,0.0,0.0,0.20139930035,0.00104412895445
172,0.0,0.00750503490455,0.214361702128,0.000557360345648
174,0.0,0.0,0.210334029228,0.000289220233707
175,0.0,0.000508828357996,0.223268698061,0.00108900380038
176,0.3,0.0114219190343,0.22351636162,0.000421768745021
178,0.0,0.00556489597173,0.208916537066,0.000144498932005
179,0.0,0.000259975066883,0.226914414414,0.00337475978673
182,0.333333333333,0.00166206115633,0.235948477752,0.00196143171482
185,0.384615384615,0.0265999980971,0.300970873786,0.041881241544
189,0.3,0.0105176464634,0.24175164967,0.000993828179677
190,0.0444444444444,0.0439121412767,0.252506265664,0.0018940692351
193,0.0,0.000624299832285,0.209895833333,0.000532857119349
194,0.0,0.0,0.176059414592,2.67568301888e-05
195,0.333333333333,0.0015276448342,0.247847478475,0.0136233490405
197,0.0,0.0,0.195821185617,6.2339417406e-05
198,0.0,0.0,0.209677419355,0.000131034526858
199,1.0,0.0,0.233217592593,0.00120158404018
201,0.472727272727,0.0134748762291,0.287446504993,0.0333633651045
203,0.2,0.0141058764142,0.243946731235,0.00353941583951
205,0.0,0.0,0.136563876652,9.03172108247e-07
206,0.2,0.0036373360048,0.229107447413,0.00089384630052
212,1.0,0.0,0.221672167217,0.00548892563823
213,1.0,0.0,0.204880528724,0.000217920721765
214,0.560606060606,0.00803426257098,0.281818181818,0.0644141742638
215,0.0909090909091,0.0493616488525,0.26992632284,0.00580087403897
216,0.111111111111,0.0161708673813,0.276216586703,0.0168345121237
217,0.3,0.00587769995451,0.238179669031,0.00605099535705
219,0.166666666667,0.0103371392607,0.255386565272,0.0132529113823
220,0.4,0.00139511499466,0.233623188406,0.00135869750466
221,0.0,0.000874409990083,0.195346582647,0.000125220193849
222,0.0,0.0,0.192270992366,0.000158986500632
223,0.0,0.00268676094492,0.223145071982,0.00214737249899
225,0.163636363636,0.0455260542586,0.285208775655,0.0104698739619
226,0.133333333333,0.0157681641625,0.257343550447,0.00319778363814
227,0.2,0.00735566465598,0.228717366629,0.000444223270102
228,0.0,0.0,0.168267223382,3.35529498041e-06
229,0.333333333333,0.00496277915633,0.209677419355,0.000200109493274
230,0.0,0.0,0.228847245883,0.00277522887214
231,0.0666666666667,0.00991162982946,0.266182298547,0.00475104523312
233,1.0,0.0,0.169684210526,2.405475298e-05
234,0.1,0.00636393909753,0.242917420133,0.00155714358654
235,0.214285714286,0.00963348166624,0.278314917127,0.0302749725893
236,0.6,0.00122486112158,0.238885595732,0.00557733310353
237,0.0,0.0,0.176599474145,3.39285156395e-05
241,0.0,0.0,0.190814393939,0.000269059253304
242,0.1,0.00430540218161,0.225265511459,0.000470830275367
243,0.308333333333,0.026329851722,0.314352574103,0.0584099833406
244,0.0,0.0109454541052,0.213566507684,0.000439533175811
245,0.25,0.0293791853201,0.272113436867,0.00343199292026
246,0.222222222222,0.0245827134692,0.291184971098,0.0454478317089
247,0.258333333333,0.0510458978694,0.318325434439,0.0469904950917
248,0.0,0.000221424395034,0.236225087925,0.00231032681902
249,0.5,0.0023104800611,0.22962962963,0.00083538078313
250,1.0,0.0,0.253140703518,0.0481296658658
251,0.333333333333,0.00506972197205,0.246483180428,0.00359388929938
252,0.266666666667,0.00507019915588,0.250933997509,0.0146882450679
253,0.0,0.0,0.239311163895,0.0141207699945
254,0.7,0.000335879839187,0.279861111111,0.0414301345717
256,0.359477124183,0.0283221285239,0.319081551861,0.0840191807493
257,0.666666666667,0.00462441061264,0.257837492003,0.0250568609498
259,0.428571428571,0.00375567697133,0.276975945017,0.0353869946255
262,0.409090909091,0.00606464387406,0.283603096411,0.0985783697977
263,0.333333333333,0.000844042231246,0.204464738711,0.000158209199833
265,0.244444444444,0.0244401356074,0.286018452803,0.0248449391742
266,0.0,0.00108473567975,0.235810415448,0.00477514718688
267,0.218181818182,0.0204239868258,0.252506265664,0.00190883398322
268,0.2,0.0133004446361,0.171928327645,4.08747795177e-06
271,0.166666666667,0.00188139495445,0.248611967921,0.00399328045022
274,0.133333333333,0.00657835103576,0.235810415448,0.000489461808576
275,1.0,0.0,0.253938248267,0.0178838357963
276,0.0,0.0,0.160749900279,1.13257390089e-05
278,0.0,0.00020493568258,0.20139930035,0.000112447780711
279,0.316176470588,0.0112391881176,0.292665214234,0.092212693341
280,0.166666666667,0.0119899593661,0.235397196262,0.000516774945336
284,0.0,0.00496277915633,0.239595719382,0.0141732851384
288,0.0,0.00232779389933,0.214818763326,0.000517519274385
290,0.0,0.00496277915633,0.196393762183,0.000216255032515
293,0.47619047619,0.0067505918125,0.259664948454,0.0253174507076
297,0.333333333333,0.00816906020329,0.2394533571,0.0021369898873
298,0.333333333333,0.00990086786909,0.187529083295,0.000242397489562
299,0.2,0.0326001494028,0.292452830189,0.0264101125703
300,0.666666666667,0.000128239256049,0.204776422764,0.000208985447989
301,0.333333333333,0.00680820116334,0.200099304866,0.000344738695102
302,0.333333333333,0.0060990435944,0.250621890547,0.00608695387245
306,0.0,0.0,0.168126825198,7.50185123718e-06
307,0.166666666667,0.00304341086625,0.258499037845,0.0146110128828
308,0.25,0.0122937102854,0.241028708134,0.000645057127487
309,0.640522875817,0.00911313977032,0.308812260536,0.209138131794
315,0.333333333333,0.00496277915633,0.231742380679,0.00168437383817
317,0.4,0.00643563523194,0.266182298547,0.0212283093582
320,0.619883040936,0.0128215449898,0.312403100775,0.210392781605
321,0.0,0.0,0.231077981651,0.0067324406675
322,0.2,0.0173242741004,0.225391498881,0.000368180963614
323,1.0,0.0,0.207304526749,0.000202229760824
324,0.464285714286,0.0100396779143,0.263226649249,0.0092341043572
325,0.547619047619,0.00899840067618,0.306930693069,0.228415269762
327,0.0,0.00153247385057,0.236086701816,0.00168578869606
328,0.362573099415,0.0305811799794,0.300298062593,0.110588317822
329,0.0,0.0,0.204050632911,0.00337087827509
330,0.0,0.0,0.222528989509,0.00151239417603
333,0.305555555556,0.0108647419153,0.297636632201,0.0503049028485
334,0.277777777778,0.0391484970916,0.251090342679,0.00128340366178
335,0.166666666667,0.0128616985577,0.237898465171,0.00261170615314
337,0.222222222222,0.0164133841821,0.25457991156,0.00245529297239
338,0.166666666667,0.020677416936,0.288888888889,0.0529648909888
340,0.0,0.00215249667711,0.221550302364,0.00103455466559
342,0.0,0.0,0.18401826484,0.00013357482588
345,1.0,0.0,0.201903807615,0.000122801482738
346,0.0666666666667,0.0319347572091,0.256524506684,0.00272370883059
347,1.0,0.0,0.227941176471,0.000825961674926
348,1.0,0.0,0.243504531722,0.0109945002227
349,0.0,0.00774133787552,0.270288397049,0.0171211628475
351,0.392857142857,0.0117917288262,0.253618628068,0.0016501538837
352,0.62091503268,0.0204527693232,0.31484375,0.214077132928
354,0.6,0.00063997484698,0.270288397049,0.0480985546811
355,0.355555555556,0.00770181101658,0.259664948454,0.00349122469369
357,0.0,0.0,0.184186471664,6.54629296991e-05
358,0.133333333333,0.0220381212649,0.202207727045,5.51007320244e-05
359,0.0666666666667,0.0364880261098,0.268130405855,0.0111309632302
360,0.4,0.0042622529717,0.252348152786,0.00216868990188
361,1.0,0.0,0.27138047138,0.0248683121747
364,1.0,0.0,0.246483180428,0.00478411337578
366,0.27816091954,0.0758353915597,0.33951137321,0.246130445021
367,1.0,0.0,0.209786569495,0.000139532273093
368,0.19696969697,0.0252568505337,0.263054830287,0.00180677673392
370,1.0,0.0,0.217250673854,0.000380167841747
371,0.666666666667,7.91204678007e-05,0.246182040318,0.0188557908839
373,0.0,0.0,0.196873473376,0.000290248204241
376,0.0,0.00496277915633,0.247239263804,0.0161322289864
377,0.2,0.022065451816,0.265131578947,0.00215200051031
378,0.0,0.0107054748748,0.236363636364,0.00304481472245
382,0.3,0.00510375861062,0.237617924528,0.000671523750959
384,0.0,0.0,0.194123314066,0.000146530364033
388,0.47619047619,0.00531963582468,0.252032520325,0.0171520291575
390,1.0,0.0,0.215623327983,0.000280065096781
392,0.466403162055,0.0174031746032,0.317823343849,0.251578164345
395,0.333333333333,0.00909983507646,0.254901960784,0.00806010838908
397,1.0,0.0,0.233082706767,0.00102821494341
398,0.333333333333,0.00496277915633,0.202005012531,0.000123231977301
400,0.5,0.00273349791137,0.242917420133,0.00137385688711
402,0.666666666667,0.000271425918624,0.202309236948,0.000115672455611
403,0.0,0.0,0.201701701702,0.000116217890518
404,0.345454545455,0.00869329792536,0.283802816901,0.0369341981553
406,1.0,0.0,0.215969989282,0.000601412448336
407,0.212121212121,0.0221556441345,0.293090909091,0.0347661695293
410,0.333333333333,0.00574154453397,0.240166865316,0.0018085697264
412,0.0,0.00510773110602,0.225391498881,0.00219425126524
413,0.222222222222,0.0209395527188,0.285410764873,0.0246491775341
415,0.5,0.000317324888553,0.238885595732,0.00346947738371
417,0.252747252747,0.0269706553786,0.295888399413,0.0455149884413
418,0.533333333333,0.00061102570771,0.222160970232,0.000463045181382
419,0.0,0.0,0.173407917384,1.21831318809e-05
421,0.0,0.00496277915633,0.201903807615,0.000115728524076
422,0.178571428571,0.0094426298605,0.270469798658,0.0242167313198
423,0.713235294118,0.00284278910205,0.305303030303,0.213247292168
425,0.0,0.0,0.169185558354,5.15153529035e-06
427,1.0,0.0,0.210553814002,0.000424266778842
428,0.0,0.0,0.204257475925,0.000165822393794
429,1.0,0.0,0.208484221417,0.000383580935425
430,0.4,0.00395546325581,0.265655899802,0.0266914011488
432,0.4,0.00232322018575,0.247239263804,0.00705103808781
434,0.2,0.00990548465064,0.245133819951,0.00183172862066
436,1.0,0.0,0.247391037446,0.0196632192909
438,0.356666666667,0.0329260005937,0.314352574103,0.231976997099
439,1.0,0.0,0.188670411985,2.57706408952e-05
441,0.383333333333,0.0187470803598,0.28320449754,0.0502795591432
443,1.0,0.0,0.189825718323,3.20654123397e-05
445,1.0,0.0,0.20467242255,0.000568363330956
446,0.0,0.0,0.164221678892,1.31641611013e-05
447,0.288888888889,0.0115950242291,0.265655899802,0.00238233141323
449,0.3,0.00185679225682,0.24693627451,0.0021281974046
450,0.0,0.0050989976554,0.222283507998,0.00257697833334
451,0.0,0.0,0.193378119002,0.000862740908025
452,0.418181818182,0.0113721985315,0.291184971098,0.0291036601414
453,0.301587301587,0.0683383065176,0.339225589226,0.235063282068
454,0.296703296703,0.0266610742003,0.295021961933,0.0249690180722
455,0.333333333333,0.00417401937997,0.232947976879,0.00201240298928
456,0.8,0.00144026477115,0.259497746297,0.018517641655
460,0.409090909091,0.0218560517469,0.287651677373,0.0251116709109
462,0.289655172414,0.065509290342,0.337520938023,0.275255491611
463,0.285714285714,0.00540998643446,0.237338044759,0.000880812684714
464,0.333333333333,0.00239657442898,0.223021582734,0.000405558091494
465,0.0,0.0010484395837,0.221185510428,0.000457866079478
466,0.0,0.00776184521103,0.241172950329,0.00161315342637
467,0.145454545455,0.0450533160714,0.290764790765,0.00830534911196
469,0.266666666667,0.00829016675991,0.259832366215,0.00678131456801
470,1.0,0.0,0.264957264957,0.0187895061175
471,0.142857142857,0.0083826924898,0.285208775655,0.0231018764673
472,0.283333333333,0.038963502349,0.304841149773,0.038638760136
474,0.0,0.000840895641551,0.198717948718,0.000249566340441
475,0.333333333333,0.0010511016019,0.199801685672,0.000347801809423
476,0.0,0.0,0.253459119497,0.014308834922
478,0.166666666667,0.00837364311358,0.228458049887,0.000967997617656
479,1.0,0.0,0.204880528724,0.000207943121723
480,0.5,0.0144230892733,0.281818181818,0.0251525810134
481,1.0,0.0,0.155,8.9433863019e-07
485,0.0,0.0,0.188229799159,0.000102540051833
487,0.450216450216,0.037311049807,0.322142286171,0.216313716895
489,0.127272727273,0.0398589778821,0.283403656821,0.0109161213407
491,0.0,0.0,0.169827222925,1.01340245784e-05
493,0.321428571429,0.0147401306012,0.285007072136,0.00942155549675
494,0.307692307692,0.0182749047247,0.297197640118,0.0363956971697
496,0.392857142857,0.00449842758529,0.261858349578,0.0209238129111
498,1.0,0.0,0.247391037446,0.0196632192909
499,0.0,0.0,0.176059414592,2.67568301888e-05
503,0.466666666667,0.00725735631206,0.238602723505,0.00248194637143
507,0.318681318681,0.014080388754,0.27602739726,0.0186844067598
509,0.333333333333,0.000361999925224,0.244687310261,0.00428668366142
512,0.107142857143,0.0310939766873,0.279085872576,0.0232527075945
513,0.4,0.0256505909763,0.306697108067,0.0735959644434
514,0.410256410256,0.00820318685362,0.271929824561,0.0561162355329
515,0.4,0.0197029739639,0.23002283105,0.00360304737824
517,0.0,0.0,0.21154855643,0.000677616914118
518,0.666666666667,0.000112161245259,0.259163987138,0.0380278459381
521,0.0,0.0,0.213002114165,0.00147409368742
522,0.333333333333,0.0073076847528,0.258997429306,0.00544590666833
526,0.672727272727,0.00340418609517,0.266534391534,0.0436365074888
527,0.0,0.0,0.186833565137,2.87101173593e-05
529,0.235294117647,0.0388093879845,0.288888888889,0.0360605656475
531,0.0,0.0,0.195536147501,7.88695353486e-05
533,0.333333333333,0.00808223882464,0.244242424242,0.000880210995681
535,0.502164502165,0.0148269406389,0.309761721752,0.232449458277
536,0.4,0.00565417961927,0.246031746032,0.00634306157704
538,0.190476190476,0.0243678028925,0.22962962963,0.00047153395809
539,0.266666666667,0.025931539728,0.309761721752,0.0581285803642
540,0.266666666667,0.00551461668769,0.25457991156,0.00309678571358
541,0.0,0.00400636829403,0.224013340745,0.00328730871324
545,1.0,0.0,0.233082706767,0.00105702509117
547,0.277777777778,0.0192244384734,0.255224825839,0.00145737740572
548,0.0,0.0,0.204361054767,0.00124234277512
549,0.333333333333,0.00786357705412,0.242478941035,0.0024971690597
551,0.0,0.0,0.20467242255,0.00105492731547
553,0.1,0.006849814238,0.244984802432,0.00476699385517
554,0.654545454545,0.00928472590543,0.257179323548,0.0173298618323
555,0.254545454545,0.0148608827857,0.281032078103,0.0346431633437
556,0.047619047619,0.0188673069866,0.237617924528,0.000546467590974
557,1.0,0.0,0.254419191919,0.0171919451267
560,0.133333333333,0.0179360904105,0.256851497769,0.00876511798254
561,0.333333333333,0.000479458908827,0.230813287514,0.00247305483628
564,0.0,0.0,0.169114561477,5.13342624985e-06
565,0.6,0.00414229053878,0.249535603715,0.00438835197644
573,1.0,0.0,0.146812386157,2.65189550429e-07
574,0.551282051282,0.0042132585619,0.280055594163,0.0529122410428
575,0.333333333333,0.00537652867296,0.23567251462,0.00441996294079
576,0.279569892473,0.0613906569435,0.327642276423,0.264038526838
578,0.8,0.00187712944069,0.269385026738,0.0301835663638
579,0.0,0.0,0.216433941998,0.00113739381143
580,0.375,0.0189222701472,0.298076923077,0.0666237901165
582,0.0,0.0,0.201701701702,0.000115299631501
586,0.0,0.0,0.228717366629,0.0035513808706
589,1.0,0.0,0.254419191919,0.0180578791036
591,0.666666666667,0.000106778596293,0.236641221374,0.00473822086991
595,0.666666666667,0.000436802446559,0.258002560819,0.0579741106534
596,0.0,0.00860229280111,0.225643896976,0.000716862219794
598,0.2,0.0152184716883,0.268308921438,0.00567069701386
600,0.0,0.0,0.162828282828,9.04204334299e-06
601,0.0,0.000978949415284,0.243651753325,0.00378085396966
604,0.0,0.0,0.252506265664,0.0167553283291
605,0.333333333333,0.00663242822441,0.173632055149,1.05885206852e-05
606,0.0,0.0,0.168056713928,7.04504885099e-06
607,0.0,0.0,0.182766439909,2.56793961309e-05
608,0.0,0.00496277915633,0.158101216163,1.48208610255e-05
611,0.0,0.0,0.19696969697,0.00011151693768
612,0.209486166008,0.0714599894986,0.299183370453,0.0736779336365
615,0.333333333333,0.00366756714509,0.202920443102,0.000242494051131
616,0.25,0.0477061797687,0.320859872611,0.0794961118866
617,0.333333333333,0.0119207617122,0.28320449754,0.0464503024722
620,0.0,0.0,0.225391498881,0.000505677651633
621,0.333333333333,0.00147389698212,0.214818763326,0.000150465694993
623,0.208333333333,0.0275410272488,0.289096126255,0.0301936116946
626,0.0,0.0,0.192087702574,3.32669639745e-05
628,0.0,0.0,0.212664907652,0.000353124893849
629,0.6,0.00303663524315,0.247695144438,0.00118675499114
630,0.0,0.00276492053556,0.236502347418,0.00424158482183
631,0.0,0.00173185389842,0.230417381361,0.000323018518315
632,0.1,0.00586103781972,0.256687898089,0.0204069132434
634,1.0,0.0,0.301195814649,0.197555493544
635,0.321428571429,0.0148244726663,0.258333333333,0.00463771123526
636,0.133333333333,0.00777720477391,0.251875,0.00546582732978
639,1.0,0.0,0.209786569495,0.000139532273093
642,0.7,0.00170245975716,0.283005617978,0.0658445900287
643,0.333333333333,0.00496277915633,0.204776422764,0.00057035667369
644,0.380952380952,0.00455361356013,0.23747790218,0.000773538910611
645,0.333333333333,0.013915536825,0.258002560819,0.0133414685985
647,0.333333333333,0.0013558776807,0.191358024691,0.000172852506425
649,0.436363636364,0.00531388914346,0.277548209366,0.0842676195289
650,0.0,0.00509762257105,0.23348783314,0.000988842522418
651,0.2,0.0129606568746,0.272113436867,0.0273845053155
652,0.611111111111,0.00489314177956,0.282212885154,0.0297568286485
653,0.214285714286,0.0165958929442,0.290974729242,0.0269829803635
658,0.0,0.0,0.197549019608,0.000386133450173
659,0.1,0.0131011794237,0.250155183116,0.00356860999366
661,0.0,0.00107462762131,0.209133367929,0.00105057468006
666,1.0,0.0,0.187354718735,0.000241569996887
667,0.0,0.0,0.203432609793,8.87306535907e-05
669,1.0,0.0,0.237198351972,0.00324033590758
670,1.0,0.0,0.254419191919,0.0171918442428
672,0.190476190476,0.0190021831286,0.253459119497,0.00364327478225
673,0.35,0.0337337814835,0.303921568627,0.062110930115
674,0.0,0.0,0.218309859155,0.00141543155714
675,1.0,0.0,0.19431051109,0.000148015997417
676,0.0,0.0,0.206243602866,0.00154109384905
677,0.333333333333,0.000716755835454,0.249535603715,0.0170509352809
679,0.25,0.0163225519117,0.275273224044,0.0118292229444
682,1.0,0.0,0.260167850226,0.013580435968
684,0.7,0.000397005238523,0.239169139466,0.0108186991145
685,0.333333333333,0.000706419382527,0.240597014925,0.00431840802525
687,0.2,0.00775800562318,0.263916175508,0.00657257482059
688,1.0,0.0,0.204361054767,0.000176573551958
690,0.177777777778,0.0393952515912,0.290974729242,0.020436264501
