26
35
30
46
32
26
22
24
28
20
15
31
28
18
38
20
26
24
30
16
22
31
25
31
38
24
22
21
20
30
30
33
36
33
34
28
22
38
27
19
22
36
24
28
24
18
28
32
43
28
20
23
36
33
24
22
30
35
30
33
23
27
25
34
48
29
14
30
29
33
19
21
28
27
21
16
28
25
30
25
28
39
33
27
30
43
40
40
27
30
19
27
18
18
30
35
24
18
31
19
17
31
28
35
30
26
20
38
28
29
26
15
33
25
24
37
22
23
26
38
25
28
21
32
20
28
33
29
21
34
17
27
27
32
22
28
36
24
26
30
33
29
22
51
29
39
18
35
30
44
41
28
24
33
28
26
32
41
31
36
18
31
43
17
29
39
22
18
36
33
26
31
20
23
30
35
37
30
26
29
20
37
29
43
28
37
24
39
37
34
31
30
20
36
33
32
32
20
31
19
34
28
27
37
38
35
26
23
29
26
27
35
34
29
47
29
32
24
21
23
34
41
25
22
23
27
32
31
28
20
23
25
14
32
27
37
16
23
30
33
25
28
28
37
22
31
22
19
25
25
34
26
19
29
22
21
30
45
41
28
33
44
40
18
26
32
20
25
29
25
41
27
36
23
24
14
39
22
32
29
26
32
26
30
35
22
20
25
33
24
27
32
24
37
29
23
40
25
23
25
24
32
25
26
23
22
17
31
24
36
27
17
23
24
19
35
36
38
20
32
36
24
27
28
30
37
36
33
30
42
25
28
27
25
44
28
29
26
26
38
28
37
34
24
24
33
28
32
29
25
34
40
26
30
29
26
16
29
34
36
28
21
23
26
31
17
24
27
38
22
15
35
20
25
17
37
25
35
37
18
32
30
25
30
25
27
35
25
22
29
38
27
19
35
21
19
18
30
36
18
15
26
39
32
22
29
28
28
23
30
30
33
30
26
20
35
24
35
40
21
44
15
24
23
23
30
31
50
45
31
12
42
27
23
29
28
33
31
26
33
24
33
19
32
39
20
24
22
41
24
25
13
33
26
40
39
23
33
29
26
28
30
36
35
20
31
27
26
30
40
23
30
39
28
38
36
30
34
41
32
17
24
38
33
16
32
28
25
22
19
24
32
30
17
22
22
33
36
29
17
46
14
36
19
24
24
41
23
21
32
25
30
26
29
23
41
24
29
23
25
26
35
18
15
46
28
31
26
31
23
21
30
33
28
33
19
26
30
28
31
34
30
22
30
19
23
25
19
30
26
27
26
21
17
31
25
21
21
17
26
15
25
22
33
32
34
24
39
37
42
32
38
46
25
40
27
41
44
14
39
36
46
18
33
15
39
33
29
47
28
36
31
35
24
33
34
35
35
40
18
23
30
41
40
34
32
49
35
27
39
32
31
35
33
39
29
28
34
35
30
40
36
27
20
37
44
39
35
39
25
28
28
27
29
31
33
31
28
11
25
28
23
29
18
21
26
28
25
24
26
29
30
38
39
23
16
22
22
25
32
30
27
25
35
11
35
38
21
32
24
24
41
30
39
28
28
24
20
25
19
23
28
26
28
26
40
40
32
27
30
27
34
