7
35
32
44
31
26
24
3
28
20
14
30
30
21
38
20
28
25
31
18
22
34
24
32
39
24
21
21
19
32
33
32
36
33
31
29
22
36
27
19
22
35
27
27
5
18
27
32
39
27
20
24
37
34
22
3
29
34
31
33
4
24
24
34
45
29
12
30
29
34
20
21
30
29
20
14
34
28
32
25
30
43
34
27
30
43
40
43
26
30
21
27
18
19
30
34
24
18
31
18
19
30
28
35
29
6
21
40
31
28
24
13
35
28
24
34
23
27
26
36
25
29
22
32
22
29
35
30
22
34
20
9
27
31
5
26
36
23
6
27
33
30
25
13
7
39
16
38
27
43
40
24
20
35
27
4
31
39
29
36
3
31
41
18
29
38
23
1
38
34
22
5
21
21
29
34
4
34
29
5
21
40
31
43
28
40
26
38
36
36
32
29
21
35
36
30
35
22
31
19
34
27
25
39
39
35
25
24
30
29
24
35
8
32
46
26
33
25
21
23
8
42
27
3
23
28
34
28
29
21
21
27
3
32
28
36
16
24
33
34
6
29
30
36
24
28
3
3
25
25
30
26
22
29
22
21
27
42
40
27
36
9
38
2
26
32
23
25
27
24
35
26
9
24
23
12
38
22
32
8
5
31
4
29
34
21
22
25
33
22
27
33
22
37
31
25
38
26
5
24
25
32
7
6
5
21
18
32
26
34
30
19
24
7
20
36
36
37
5
33
39
24
9
29
4
38
36
33
31
7
25
28
27
3
43
29
30
6
27
41
28
6
32
26
24
31
27
33
32
24
31
39
28
30
31
25
16
28
32
36
32
22
24
29
30
18
24
25
37
5
13
35
19
25
21
35
24
36
11
22
30
28
24
32
24
28
35
25
24
29
9
26
19
35
24
20
19
4
39
17
16
28
39
5
24
29
30
27
23
29
32
33
30
26
23
34
24
8
43
6
44
16
28
26
26
30
30
49
42
32
15
42
29
3
29
29
32
34
27
34
25
34
15
32
10
5
24
23
14
25
8
13
35
26
38
39
2
35
30
27
27
30
34
36
21
29
2
28
30
39
20
28
36
24
38
37
29
37
7
7
18
7
38
34
15
32
28
26
21
18
22
34
28
20
21
22
34
2
6
18
43
14
6
5
2
19
41
26
21
32
26
32
27
32
22
9
25
30
23
25
24
34
20
16
47
30
31
25
31
22
24
30
31
3
4
7
25
29
27
33
34
30
22
7
21
25
25
22
30
24
26
27
21
20
30
24
22
20
17
26
16
25
22
33
31
33
24
37
35
41
31
37
44
24
37
26
41
43
15
39
35
44
19
30
15
38
31
28
44
27
36
33
34
23
35
35
38
34
40
19
23
31
40
42
37
33
51
34
26
41
30
29
33
32
38
29
27
34
38
27
38
34
29
19
34
40
34
34
38
23
26
28
26
27
31
31
30
27
11
25
29
24
30
20
25
29
29
30
26
30
30
33
40
38
22
18
23
20
25
33
32
25
27
38
11
37
38
19
33
28
25
42
30
36
29
28
22
18
22
17
22
28
26
28
27
42
40
34
30
31
28
33
