%-----------------------------------------------------------------
% Neuron11 
% Copyright (c) 2010 Javier G. Orlandi <javiergorlandi@gmail.com> 
%-----------------------------------------------------------------
% Sizes, lengths and assorted data
% Format: Neuron # | soma radius | dendritic tree radius | axon length | axon end to end distance | # input connections | # output connections
%-----------------------------------------------------------------
0 0.0075 0.125765 3.63126 1.70168 22 2
1 0.0075 0.198083 8.59152 7.34302 28 5
2 0.0075 0.188316 9.59052 7.05614 30 22
3 0.0075 0.150689 16.8868 8.58467 23 26
4 0.0075 0.119307 18.3143 8.80371 21 44
5 0.0075 0.128447 3.40602 3.0668 20 15
6 0.0075 0.174574 5.56814 3.64453 34 5
7 0.0075 0.146658 11.2212 9.22694 20 18
8 0.0075 0.174528 9.10703 4.76348 25 10
9 0.0075 0.175717 17.7894 6.06878 29 41
10 0.0075 0.176736 4.24733 1.91592 29 17
11 0.0075 0.159387 7.10217 5.75873 32 13
12 0.0075 0.162791 7.79133 5.30888 29 22
13 0.0075 0.149642 15.2518 3.40792 31 29
14 0.0075 0.16809 10.4991 5.42388 30 28
15 0.0075 0.166856 8.95147 6.80625 27 1
16 0.0075 0.174982 17.6175 9.84982 30 35
17 0.0075 0.144112 44.4435 15.6804 24 65
18 0.0075 0.143599 9.46113 3.17581 25 14
19 0.0075 0.156144 5.70983 4.14107 29 2
20 0.0075 0.130149 9.19447 4.55714 22 13
21 0.0075 0.169551 18.1522 8.05139 30 17
22 0.0075 0.181313 11.7208 5.82593 32 31
23 0.0075 0.114192 3.02708 2.79028 21 2
24 0.0075 0.155253 8.081 6.45748 30 18
25 0.0075 0.125001 20.4056 10.9745 18 29
26 0.0075 0.163419 15.6731 11.0601 35 28
27 0.0075 0.147667 21.4514 12.6327 23 15
28 0.0075 0.143312 13.0638 7.11946 21 54
29 0.0075 0.168318 12.6123 6.3368 22 33
30 0.0075 0.12328 9.83823 5.71166 24 31
31 0.0075 0.162273 11.8097 6.72881 20 11
32 0.0075 0.166818 19.74 7.28513 32 8
33 0.0075 0.156423 14.1826 7.47859 24 9
34 0.0075 0.142399 16.846 1.80116 22 16
35 0.0075 0.138199 3.42853 3.05534 23 16
36 0.0075 0.144187 6.13015 5.06066 20 4
37 0.0075 0.143674 9.65389 5.96891 24 26
38 0.0075 0.157042 14.7482 5.4839 26 37
39 0.0075 0.178372 11.078 6.69319 25 16
40 0.0075 0.157156 20.4333 7.96973 22 23
41 0.0075 0.0882944 10.5561 7.37107 17 36
42 0.0075 0.14721 11.7703 4.53599 26 8
43 0.0075 0.164437 9.89752 8.30777 25 26
44 0.0075 0.163817 14.564 7.52136 27 47
45 0.0075 0.139476 16.4908 6.15351 29 43
46 0.0075 0.176782 9.54286 8.53175 38 37
47 0.0075 0.146695 5.48399 4.37257 24 18
48 0.0075 0.155845 13.9012 3.69802 30 55
49 0.0075 0.120053 21.9466 7.34043 18 34
50 0.0075 0.160767 14.4742 6.77212 36 46
51 0.0075 0.157615 11.0761 5.62212 37 28
52 0.0075 0.143439 19.6577 2.83405 30 41
53 0.0075 0.144048 5.32102 3.1745 28 21
54 0.0075 0.118514 20.1204 7.14114 16 55
55 0.0075 0.0948691 19.0468 9.46511 14 36
56 0.0075 0.123421 8.34626 6.76878 21 35
57 0.0075 0.137538 10.2755 7.88053 25 18
58 0.0075 0.155742 16.726 13.2153 28 40
59 0.0075 0.14852 14.9334 5.17441 25 71
60 0.0075 0.185083 12.8525 4.01636 30 33
61 0.0075 0.125544 6.70781 5.81279 16 7
62 0.0075 0.126279 15.6305 8.0009 26 15
63 0.0075 0.152779 19.2421 6.34073 30 41
64 0.0075 0.148383 9.38616 5.27818 25 34
65 0.0075 0.178139 10.5441 2.05442 22 47
66 0.0075 0.127042 25.7779 10.4154 14 61
67 0.0075 0.151056 20.238 7.71922 24 27
68 0.0075 0.175439 30.7108 11.0202 29 65
69 0.0075 0.155314 6.71999 6.00867 29 9
70 0.0075 0.136943 10.338 8.18128 26 32
71 0.0075 0.164396 4.22073 0.83414 33 12
72 0.0075 0.137797 16.2929 6.53895 19 36
73 0.0075 0.154324 19.382 8.46437 29 33
74 0.0075 0.150124 15.1384 5.96594 27 25
75 0.0075 0.156179 18.6 5.14272 31 9
76 0.0075 0.171771 8.48685 6.71976 33 28
77 0.0075 0.142376 8.45395 3.33619 25 9
78 0.0075 0.137355 16.3731 2.9997 24 40
79 0.0075 0.166227 22.7664 2.6917 34 63
80 0.0075 0.153213 11.9847 5.54475 37 29
81 0.0075 0.146437 26.652 3.73469 35 74
82 0.0075 0.152866 12.9331 1.88023 41 46
83 0.0075 0.111282 9.11953 5.3947 20 20
84 0.0075 0.130299 14.9441 4.58691 24 34
85 0.0075 0.125782 3.69666 3.2706 24 26
86 0.0075 0.151269 16.8411 8.88384 31 42
87 0.0075 0.19313 7.7564 6.03174 37 23
88 0.0075 0.133753 28.3901 9.50525 26 60
89 0.0075 0.16672 17.7329 5.42886 46 36
90 0.0075 0.169947 10.2634 5.42665 44 22
91 0.0075 0.159992 20.015 10.0008 43 37
92 0.0075 0.123996 10.8527 7.62733 31 26
93 0.0075 0.171382 18.4667 12.4222 36 16
94 0.0075 0.110868 16.3202 3.74818 24 69
95 0.0075 0.150288 29.1453 5.38361 37 75
96 0.0075 0.106506 25.6602 10.8438 26 35
97 0.0075 0.151056 16.2339 10.9664 38 32
98 0.0075 0.15487 27.5817 8.11285 31 78
99 0.0075 0.11114 38.0737 19.7647 27 36
100 0.0075 0.104494 15.7057 9.10704 20 31
101 0.0075 0.16404 8.81136 6.4951 41 35
102 0.0075 0.151692 3.53956 3.24889 42 20
103 0.0075 0.171533 24.3947 18.2793 43 18
104 0.0075 0.162168 14.4337 3.43768 30 50
105 0.0075 0.121135 10.9362 8.77832 24 34
106 0.0075 0.0933055 19.712 5.76857 15 29
107 0.0075 0.194762 16.8828 2.7397 43 44
108 0.0075 0.144135 38.5196 6.76114 30 92
109 0.0075 0.125136 26.3405 10.3574 29 6
110 0.0075 0.136344 17.1064 9.25374 24 25
111 0.0075 0.164586 18.9817 2.98392 39 56
112 0.0075 0.129972 11.7441 1.75549 35 53
113 0.0075 0.152099 1.86173 1.59078 44 11
114 0.0075 0.136062 8.32164 4.1055 16 27
115 0.0075 0.137117 13.5232 8.93793 21 14
116 0.0075 0.166658 1.49284 1.39255 32 12
117 0.0075 0.13739 9.63407 5.69632 20 17
118 0.0075 0.1684 16.3752 4.33678 34 79
119 0.0075 0.102543 21.5014 1.15189 19 48
120 0.0075 0.16634 9.56121 7.28597 36 35
121 0.0075 0.133385 9.70197 4.27781 29 25
122 0.0075 0.161146 6.6248 6.0243 36 22
123 0.0075 0.146275 16.8445 11.6465 27 22
124 0.0075 0.16634 21.9368 11.0174 29 53
125 0.0075 0.169194 7.03489 3.09652 36 34
126 0.0075 0.129686 8.64334 4.56712 30 11
127 0.0075 0.155728 7.58743 6.08397 27 5
128 0.0075 0.113222 11.8074 8.24061 14 38
129 0.0075 0.144837 12.8753 2.28949 24 9
130 0.0075 0.127952 21.364 10.0792 15 31
131 0.0075 0.147818 12.3246 6.57217 17 28
132 0.0075 0.18966 9.11166 5.74603 29 18
133 0.0075 0.165005 9.77106 5.42573 25 21
134 0.0075 0.160913 32.3303 7.63608 31 50
135 0.0075 0.170932 20.3199 3.15176 38 92
136 0.0075 0.151827 17.8105 6.81235 31 55
137 0.0075 0.116803 7.67461 5.62454 19 19
138 0.0075 0.180985 22.1875 12.9501 31 44
139 0.0075 0.146836 10.8193 4.45683 28 33
140 0.0075 0.16866 21.109 9.63159 32 26
141 0.0075 0.140297 13.7613 9.48601 27 19
142 0.0075 0.124081 22.5892 9.91577 26 12
143 0.0075 0.151843 17.1852 5.15978 28 10
144 0.0075 0.1579 25.0909 15.5644 26 12
145 0.0075 0.114273 10.0411 5.67453 21 45
146 0.0075 0.152698 19.5092 10.6223 24 48
147 0.0075 0.18517 3.99851 3.42147 28 11
148 0.0075 0.16279 10.431 8.55134 34 19
149 0.0075 0.190843 21.0409 3.77001 46 60
150 0.0075 0.15381 10.4895 8.27488 29 11
151 0.0075 0.194188 19.2851 5.38604 40 56
152 0.0075 0.114821 10.4671 5.57634 15 30
153 0.0075 0.171435 18.4456 7.78747 39 41
154 0.0075 0.188723 10.7635 5.61916 44 33
155 0.0075 0.102517 1.69914 1.45649 28 12
156 0.0075 0.181263 14.102 3.94756 39 20
157 0.0075 0.153115 20.7319 15.1478 28 62
158 0.0075 0.138682 12.0083 1.74705 27 41
159 0.0075 0.1461 15.5953 6.8829 27 39
160 0.0075 0.159655 18.5992 2.74506 38 50
161 0.0075 0.15584 29.3524 17.1216 39 25
162 0.0075 0.201251 5.5503 4.45285 49 23
163 0.0075 0.125726 8.24369 6.35988 22 15
164 0.0075 0.163912 10.0004 3.23018 29 16
165 0.0075 0.139088 13.108 5.09081 27 59
166 0.0075 0.166567 18.6592 8.24762 41 48
167 0.0075 0.186567 3.77933 3.24914 43 15
168 0.0075 0.193293 8.30563 4.5313 36 28
169 0.0075 0.1265 14.8087 4.63876 20 28
170 0.0075 0.149261 3.21524 2.76614 33 18
171 0.0075 0.171447 7.57296 2.26106 36 28
172 0.0075 0.162355 36.3654 18.4295 39 18
173 0.0075 0.145638 12.055 8.80058 29 32
174 0.0075 0.14114 7.27956 5.82469 34 30
175 0.0075 0.150729 18.778 5.61765 30 54
176 0.0075 0.118531 25.3484 15.5855 24 47
177 0.0075 0.149096 10.9361 7.74627 37 22
178 0.0075 0.167436 9.97701 8.38333 44 23
179 0.0075 0.15253 17.1188 6.95662 36 29
180 0.0075 0.162592 7.88116 4.26863 34 19
181 0.0075 0.152303 4.36005 0.642421 34 18
182 0.0075 0.130748 12.471 6.19645 21 45
183 0.0075 0.11424 4.38647 2.0986 26 19
184 0.0075 0.111088 8.5107 5.32555 29 19
185 0.0075 0.154461 17.0118 10.7017 29 28
186 0.0075 0.148129 8.76333 6.55534 33 27
187 0.0075 0.162425 15.3471 2.12421 34 57
188 0.0075 0.182686 14.8741 3.75184 38 26
189 0.0075 0.166591 18.048 10.1972 29 39
190 0.0075 0.172163 8.84887 2.40102 33 36
191 0.0075 0.148794 18.3686 6.49942 30 34
192 0.0075 0.206401 8.66065 1.39499 41 35
193 0.0075 0.139609 19.5638 1.47069 28 48
194 0.0075 0.184792 25.2679 3.3196 40 54
195 0.0075 0.118593 7.1255 2.01564 31 14
196 0.0075 0.153299 21.5469 9.46636 39 20
197 0.0075 0.163506 14.5843 5.90802 43 33
198 0.0075 0.191401 20.3261 14.4477 43 36
199 0.0075 0.150721 2.83654 2.57116 30 7
200 0.0075 0.179188 7.84806 5.2509 39 18
201 0.0075 0.126465 10.7607 6.0581 22 35
202 0.0075 0.135562 8.13502 3.58395 23 12
203 0.0075 0.167552 12.2088 2.9481 35 55
204 0.0075 0.163735 17.6147 9.18382 34 26
205 0.0075 0.171072 11.1579 5.23714 34 22
206 0.0075 0.161107 7.50614 3.00474 36 29
207 0.0075 0.12878 15.1473 6.24089 26 54
208 0.0075 0.12243 10.4628 5.48433 22 15
209 0.0075 0.128117 11.327 7.94863 20 33
210 0.0075 0.121082 17.5457 9.19928 24 19
211 0.0075 0.174365 9.74293 7.64627 35 26
212 0.0075 0.181705 12.1555 4.67802 38 41
213 0.0075 0.139867 12.1359 7.52101 34 46
214 0.0075 0.142057 14.2846 10.2729 30 17
215 0.0075 0.109818 2.94642 1.94787 15 6
216 0.0075 0.19522 8.65407 5.21032 38 7
217 0.0075 0.139075 32.177 1.7313 31 48
218 0.0075 0.154583 26.9267 4.65535 34 22
219 0.0075 0.124949 10.9917 5.8112 34 18
220 0.0075 0.13698 20.1898 8.66369 36 43
221 0.0075 0.148432 26.9741 2.54369 34 54
222 0.0075 0.133739 12.4283 5.69543 21 25
223 0.0075 0.132287 1.66133 1.61973 29 8
224 0.0075 0.161042 9.28015 5.4105 40 15
225 0.0075 0.100742 6.58568 4.74086 24 25
226 0.0075 0.132209 8.65027 6.7135 29 18
227 0.0075 0.183811 6.36535 2.41145 32 20
228 0.0075 0.173758 4.11711 3.83771 31 4
229 0.0075 0.145224 3.7109 2.37937 24 10
230 0.0075 0.13179 13.9487 7.81582 19 20
231 0.0075 0.14827 26.079 12.6562 25 54
232 0.0075 0.152525 9.3391 1.39125 34 42
233 0.0075 0.189454 24.0742 3.0331 36 57
234 0.0075 0.152073 23.1892 10.4587 24 30
235 0.0075 0.143438 11.8017 3.78911 31 41
236 0.0075 0.133105 8.76081 6.89066 29 15
237 0.0075 0.160285 2.93056 2.30107 31 9
238 0.0075 0.142631 9.11292 5.71063 27 16
239 0.0075 0.165895 7.15292 5.83109 30 13
240 0.0075 0.156269 11.2337 7.08616 30 23
241 0.0075 0.124499 6.31198 4.34747 19 25
242 0.0075 0.203289 15.9749 11.4973 35 43
243 0.0075 0.135608 24.7107 12.2223 25 62
244 0.0075 0.158791 8.94454 2.63094 26 31
245 0.0075 0.172707 3.44407 1.86236 28 11
246 0.0075 0.155581 9.19626 4.59031 26 30
247 0.0075 0.118106 7.01215 4.88973 21 29
248 0.0075 0.128399 7.12913 2.25477 23 25
249 0.0075 0.112915 14.0565 6.91312 17 33
250 0.0075 0.114788 33.6426 10.6279 18 45
251 0.0075 0.164753 23.7679 11.0362 32 59
252 0.0075 0.132017 8.23612 4.50268 27 9
253 0.0075 0.157502 5.74277 5.20437 31 24
254 0.0075 0.170603 14.088 2.41386 40 45
255 0.0075 0.125975 17.2906 4.70928 36 67
256 0.0075 0.162881 12.655 9.81565 36 20
257 0.0075 0.178272 7.73631 4.29969 39 33
258 0.0075 0.157544 18.0198 6.77481 42 58
259 0.0075 0.155865 16.1613 3.52159 37 12
260 0.0075 0.13213 3.5072 0.935291 36 18
261 0.0075 0.153632 15.9525 10.5213 36 10
262 0.0075 0.114698 7.4988 5.20878 25 12
263 0.0075 0.158635 14.3261 1.72615 30 34
264 0.0075 0.169664 18.9007 7.912 29 43
265 0.0075 0.140758 11.6624 0.726393 33 47
266 0.0075 0.164038 35.88 15.6961 30 58
267 0.0075 0.169757 5.0791 3.2235 35 17
268 0.0075 0.140368 19.7373 10.0528 27 23
269 0.0075 0.109149 20.8408 3.87622 18 25
270 0.0075 0.124169 10.1106 6.24356 18 27
271 0.0075 0.171701 15.9521 6.37405 51 21
272 0.0075 0.156879 15.3542 4.36978 36 46
273 0.0075 0.158871 20.7792 11.4359 35 50
274 0.0075 0.161331 5.82765 5.07063 37 10
275 0.0075 0.164907 22.6743 9.24937 44 30
276 0.0075 0.176244 27.641 14.9184 30 25
277 0.0075 0.175598 18.4915 6.58988 38 59
278 0.0075 0.115123 10.344 6.62734 26 16
279 0.0075 0.14376 10.6002 3.51944 29 29
280 0.0075 0.17962 20.1567 7.20818 34 44
281 0.0075 0.151216 10.5879 8.36923 33 28
282 0.0075 0.138685 17.6099 6.03521 28 41
283 0.0075 0.190338 6.44364 4.54358 35 19
284 0.0075 0.181423 22.5572 7.76623 40 70
285 0.0075 0.153717 24.2658 1.86325 34 40
286 0.0075 0.145448 13.0656 2.93357 26 35
287 0.0075 0.156563 10.2573 6.59946 24 32
288 0.0075 0.151322 21.768 8.92093 18 56
289 0.0075 0.177395 25.413 10.1985 21 63
290 0.0075 0.184545 16.6958 3.3421 32 65
291 0.0075 0.110565 22.9181 14.7745 24 32
292 0.0075 0.164529 8.22433 6.4895 41 22
293 0.0075 0.157496 11.4068 4.26091 38 39
294 0.0075 0.122928 27.7691 8.47658 20 63
295 0.0075 0.124757 20.5273 4.65162 30 53
296 0.0075 0.121222 19.7305 6.38149 29 53
297 0.0075 0.169851 19.7903 3.17476 33 35
298 0.0075 0.136681 10.561 5.47255 26 15
299 0.0075 0.100751 1.49948 1.33157 21 10
300 0.0075 0.152335 5.8003 1.67476 32 19
301 0.0075 0.17538 13.4831 4.78141 41 23
302 0.0075 0.143408 4.13661 3.54505 30 13
303 0.0075 0.165857 13.9655 1.75024 35 55
304 0.0075 0.12354 14.7181 8.15217 32 21
305 0.0075 0.154993 6.90489 4.29389 42 22
306 0.0075 0.142329 24.7841 3.35419 38 67
307 0.0075 0.120373 10.4217 7.41467 29 30
308 0.0075 0.164944 6.96345 5.95463 34 14
309 0.0075 0.115969 15.9364 5.99653 29 62
310 0.0075 0.133315 16.6613 7.58744 21 32
311 0.0075 0.166844 16.7184 7.85672 27 18
312 0.0075 0.170016 35.6579 8.38514 34 64
313 0.0075 0.175251 5.68813 4.8666 38 16
314 0.0075 0.132951 16.6216 8.2536 27 45
315 0.0075 0.154508 7.38816 0.734482 39 21
316 0.0075 0.168356 15.635 6.96276 38 51
317 0.0075 0.176567 5.47874 4.93168 40 28
318 0.0075 0.140293 10.2655 8.31998 32 28
319 0.0075 0.165333 10.9556 5.54934 39 19
320 0.0075 0.132817 11.682 6.98066 25 41
321 0.0075 0.16584 7.53542 5.33407 35 16
322 0.0075 0.161827 9.66993 7.68058 28 15
323 0.0075 0.191187 15.9155 4.117 38 50
324 0.0075 0.124707 19.7806 10.4858 22 44
325 0.0075 0.163819 14.8004 4.18737 28 22
326 0.0075 0.163943 17.3168 11.4985 27 35
327 0.0075 0.168097 13.4883 9.31377 31 41
328 0.0075 0.193486 12.448 7.40184 34 16
329 0.0075 0.16724 20.616 8.55271 34 32
330 0.0075 0.158652 3.1777 2.59539 29 14
331 0.0075 0.144001 20.069 8.12749 25 60
332 0.0075 0.173317 14.9115 5.09433 28 35
333 0.0075 0.124038 8.50277 2.57222 19 42
334 0.0075 0.200464 11.5274 9.07326 24 26
335 0.0075 0.154612 11.1005 1.25343 23 27
336 0.0075 0.164976 19.0448 8.07004 22 65
337 0.0075 0.167103 33.0614 15.7834 19 30
338 0.0075 0.171605 24.3002 8.81003 34 37
339 0.0075 0.176067 6.61151 4.46355 43 17
340 0.0075 0.134514 24.1019 4.47292 24 46
341 0.0075 0.148781 5.6723 3.78185 39 20
342 0.0075 0.150372 20.4024 4.60388 40 48
343 0.0075 0.136553 29.6235 11.429 30 40
344 0.0075 0.146937 15.8342 7.59152 32 53
345 0.0075 0.147891 8.73746 2.85606 34 38
346 0.0075 0.14048 11.275 6.18528 33 43
347 0.0075 0.145851 9.74243 8.54316 36 24
348 0.0075 0.110988 3.17071 2.73796 27 15
349 0.0075 0.131478 21.3561 12.5257 31 37
350 0.0075 0.160181 11.3928 4.0591 34 60
351 0.0075 0.143758 5.03165 3.6473 31 12
352 0.0075 0.146503 14.5959 6.47704 34 48
353 0.0075 0.176488 12.9234 2.17833 44 45
354 0.0075 0.157886 10.3186 7.10424 38 19
355 0.0075 0.145915 20.1638 4.59754 30 76
356 0.0075 0.117561 9.94423 5.12903 23 24
357 0.0075 0.163631 26.3541 13.75 33 43
358 0.0075 0.159313 15.3703 12.1986 26 37
359 0.0075 0.164966 11.4143 4.48517 29 14
360 0.0075 0.135822 15.5538 10.352 20 58
361 0.0075 0.16101 17.2599 6.04801 31 41
362 0.0075 0.136889 5.25731 4.62039 27 12
363 0.0075 0.149463 14.3506 6.53787 31 40
364 0.0075 0.12496 4.67179 1.53271 26 11
365 0.0075 0.134493 8.06993 6.40571 27 7
366 0.0075 0.149886 3.781 2.79043 32 16
367 0.0075 0.108455 15.6555 10.4233 25 27
368 0.0075 0.151043 8.15646 5.65011 33 9
369 0.0075 0.20412 13.1724 9.20228 45 25
370 0.0075 0.117486 28.4939 5.26762 26 42
371 0.0075 0.119998 14.1728 7.08466 27 42
372 0.0075 0.17168 4.33328 4.02279 28 11
373 0.0075 0.0723872 10.1339 6.54907 12 21
374 0.0075 0.164818 14.2679 4.16752 25 25
375 0.0075 0.161719 17.7102 7.32705 26 42
376 0.0075 0.173175 12.7403 7.04959 27 36
377 0.0075 0.152808 14.8534 11.7592 19 30
378 0.0075 0.121252 11.9342 4.04136 21 14
379 0.0075 0.169242 19.5045 4.08941 34 47
380 0.0075 0.141755 22.2809 11.1774 31 43
381 0.0075 0.153612 17.3859 13.8492 31 25
382 0.0075 0.14136 12.4708 2.3953 31 47
383 0.0075 0.177539 15.4733 10.8593 34 46
384 0.0075 0.119103 18.1144 10.3313 30 29
385 0.0075 0.166245 11.7335 4.50344 30 19
386 0.0075 0.160996 7.66863 1.70341 27 18
387 0.0075 0.137996 22.496 12.8349 22 52
388 0.0075 0.15589 13.7132 3.63071 29 49
389 0.0075 0.171447 6.19126 3.22517 35 19
390 0.0075 0.155826 12.3733 7.88584 36 23
391 0.0075 0.165314 8.19083 6.01652 34 38
392 0.0075 0.10966 6.99241 2.3957 23 2
393 0.0075 0.151308 14.0558 10.5768 34 15
394 0.0075 0.132694 37.8584 12.4203 11 34
395 0.0075 0.152687 16.3781 3.44267 19 12
396 0.0075 0.124942 8.31197 4.65853 18 17
397 0.0075 0.170639 10.6278 5.5019 25 43
398 0.0075 0.136598 14.7218 8.8602 20 23
399 0.0075 0.136425 5.24194 4.52333 16 14
400 0.0075 0.170773 18.9384 4.90575 25 48
401 0.0075 0.157129 11.7369 7.33692 29 27
402 0.0075 0.155018 3.29986 3.11433 27 16
403 0.0075 0.137208 13.5107 7.50295 23 47
404 0.0075 0.169409 4.87082 1.8506 27 14
405 0.0075 0.124181 19.9626 5.84249 13 35
406 0.0075 0.121244 5.67149 2.76831 21 19
407 0.0075 0.125954 18.8503 10.1692 18 24
408 0.0075 0.136114 14.9813 2.43509 25 26
409 0.0075 0.0961658 5.59863 4.57374 12 8
410 0.0075 0.156099 10.0178 6.42553 24 35
411 0.0075 0.187026 13.2958 0.682718 29 21
412 0.0075 0.176646 15.8515 6.82905 35 33
413 0.0075 0.164268 20.8605 2.13772 28 59
414 0.0075 0.1564 8.52689 2.34642 22 5
415 0.0075 0.150156 7.08754 6.09204 30 16
416 0.0075 0.150409 14.3062 7.04937 22 20
417 0.0075 0.163911 13.1669 10.2095 30 12
418 0.0075 0.129279 8.51259 1.87238 30 10
419 0.0075 0.183276 3.37103 2.96263 38 12
420 0.0075 0.147781 7.78764 6.59922 35 28
421 0.0075 0.111152 16.7905 9.47888 27 38
422 0.0075 0.140773 8.73289 3.37623 29 8
423 0.0075 0.1503 15.0243 8.93487 24 49
424 0.0075 0.117163 15.46 7.29017 18 56
425 0.0075 0.149289 15.32 6.04407 21 20
426 0.0075 0.167622 23.7273 11.6304 34 29
427 0.0075 0.156115 15.5045 10.7632 34 14
428 0.0075 0.172105 2.20647 1.69865 30 9
429 0.0075 0.168325 24.5686 7.80523 19 23
430 0.0075 0.156168 16.5872 5.69303 35 27
431 0.0075 0.175832 4.6783 3.68891 37 10
432 0.0075 0.168551 2.17643 2.01642 31 4
433 0.0075 0.153367 12.205 0.352247 25 28
434 0.0075 0.13849 3.07545 2.56711 24 7
435 0.0075 0.164535 4.5579 3.07111 32 15
436 0.0075 0.125002 14.7047 8.15237 19 31
437 0.0075 0.137567 4.80851 4.38976 21 15
438 0.0075 0.159368 9.78461 5.8234 34 7
439 0.0075 0.131378 11.7756 5.63802 23 6
440 0.0075 0.140954 9.47998 6.59103 23 26
441 0.0075 0.147675 14.1056 6.49234 24 34
442 0.0075 0.140671 6.87281 5.36702 21 20
443 0.0075 0.180564 20.0777 6.31081 29 42
444 0.0075 0.127005 16.7221 3.1243 15 20
445 0.0075 0.128648 14.6621 4.49939 20 29
446 0.0075 0.158882 20.8138 6.87641 32 34
447 0.0075 0.180111 8.62089 6.56555 31 33
448 0.0075 0.165397 9.48166 7.99438 16 11
449 0.0075 0.199361 15.5816 6.38775 32 50
450 0.0075 0.143352 1.89807 1.82372 20 8
451 0.0075 0.147906 16.028 9.62619 36 52
452 0.0075 0.125571 7.92063 5.18684 22 7
453 0.0075 0.153528 7.10148 5.02699 25 17
454 0.0075 0.185882 0.952545 0.918511 27 2
455 0.0075 0.154305 16.1712 7.86424 21 23
456 0.0075 0.170542 16.0072 5.21321 38 35
457 0.0075 0.163564 11.3432 5.47292 32 26
458 0.0075 0.134118 20.8307 4.95707 22 72
459 0.0075 0.157106 12.6191 6.78097 29 14
460 0.0075 0.146134 22.7124 9.44205 26 35
461 0.0075 0.155016 5.671 2.86264 24 12
462 0.0075 0.158627 10.7997 3.74155 29 11
463 0.0075 0.133376 13.8216 8.35853 28 33
464 0.0075 0.181062 5.02075 4.48637 44 22
465 0.0075 0.144813 7.57449 4.56299 21 5
466 0.0075 0.139077 1.04646 0.996769 34 2
467 0.0075 0.15487 10.1215 7.88509 35 6
468 0.0075 0.151467 1.99471 1.27405 30 4
469 0.0075 0.139396 21.9403 5.35697 21 63
470 0.0075 0.151679 24.0397 5.43818 26 30
471 0.0075 0.131821 5.26127 2.9854 22 11
472 0.0075 0.126242 13.1925 4.18481 22 27
473 0.0075 0.156876 24.1142 8.15329 36 74
474 0.0075 0.157866 5.15338 3.72449 42 12
475 0.0075 0.13591 16.1024 7.63679 30 33
476 0.0075 0.15269 19.3762 3.54644 31 38
477 0.0075 0.147986 17.4839 3.12319 33 38
478 0.0075 0.160503 16.7374 4.15538 36 29
479 0.0075 0.153249 9.7278 3.07444 30 27
480 0.0075 0.154023 11.0165 4.4513 32 45
481 0.0075 0.139704 18.4769 12.9063 25 15
482 0.0075 0.0984569 6.44207 1.3084 19 17
483 0.0075 0.121785 7.00108 4.76739 24 8
484 0.0075 0.142619 3.29764 2.84807 30 13
485 0.0075 0.132158 9.2055 5.13095 28 12
486 0.0075 0.183746 27.595 13.9782 40 54
487 0.0075 0.148025 5.70535 2.91627 33 22
488 0.0075 0.160403 20.5509 6.01429 29 30
489 0.0075 0.159075 14.2985 2.94761 34 32
490 0.0075 0.158289 19.8735 7.8598 40 50
491 0.0075 0.150825 12.754 7.67381 40 25
492 0.0075 0.141792 10.1322 2.17237 34 21
493 0.0075 0.160466 32.1379 4.66675 47 57
494 0.0075 0.12751 14.971 5.39235 38 22
495 0.0075 0.137112 2.0592 1.49672 38 1
496 0.0075 0.122527 10.3393 5.76102 22 23
497 0.0075 0.166122 6.76515 5.10602 31 22
498 0.0075 0.153458 11.8678 3.96258 18 3
499 0.0075 0.159252 11.2535 8.26167 30 24
500 0.0075 0.157323 17.1687 5.89192 35 12
501 0.0075 0.192462 16.8829 13.0352 42 46
502 0.0075 0.185561 9.5607 5.75952 38 18
503 0.0075 0.139988 17.1133 10.202 26 41
504 0.0075 0.178865 13.7734 10.2795 39 22
505 0.0075 0.163274 12.054 3.76545 39 54
506 0.0075 0.161794 7.03391 6.15078 33 9
507 0.0075 0.129124 13.0203 3.67463 28 36
508 0.0075 0.121437 22.5462 10.2635 24 42
509 0.0075 0.163871 9.34625 4.6511 23 34
510 0.0075 0.118264 18.0241 5.76606 22 44
511 0.0075 0.175029 25.9179 10.9536 20 48
512 0.0075 0.153754 17.394 6.96718 25 30
513 0.0075 0.140182 13.7064 9.6122 21 24
514 0.0075 0.174763 5.43761 1.90648 25 5
515 0.0075 0.144895 22.7317 9.4139 20 14
516 0.0075 0.143756 12.6181 3.83837 25 12
517 0.0075 0.186557 7.8095 2.98753 33 3
518 0.0075 0.149939 11.7529 7.86417 24 8
519 0.0075 0.133247 3.94517 3.5289 19 2
520 0.0075 0.155079 28.94 11.2635 25 30
521 0.0075 0.155398 5.30703 0.284666 33 14
522 0.0075 0.132708 4.27656 2.86285 24 22
523 0.0075 0.139961 12.0209 6.3495 35 31
524 0.0075 0.159224 14.6454 9.05354 32 62
525 0.0075 0.148361 4.43246 3.32853 24 15
526 0.0075 0.152293 11.2572 4.51614 25 28
527 0.0075 0.146468 10.5651 2.27681 31 36
528 0.0075 0.179591 8.85412 6.00423 32 8
529 0.0075 0.127791 12.4385 8.70786 33 33
530 0.0075 0.151772 22.3382 6.57784 33 18
531 0.0075 0.141779 18.284 7.84769 32 18
532 0.0075 0.147682 11.841 7.06266 27 48
533 0.0075 0.164467 25.0595 13.9083 38 28
534 0.0075 0.167296 19.5755 10.0292 32 62
535 0.0075 0.106665 12.0794 4.23554 11 46
536 0.0075 0.183465 16.2292 7.63955 30 27
537 0.0075 0.160504 12.3735 4.28224 24 17
538 0.0075 0.160787 5.46566 3.09489 31 9
539 0.0075 0.15524 16.1096 11.4384 27 15
540 0.0075 0.150664 5.43642 5.17192 26 9
541 0.0075 0.158054 19.1447 8.55579 35 21
542 0.0075 0.220333 34.7655 21.5284 53 70
543 0.0075 0.144279 27.2098 1.82937 35 53
544 0.0075 0.144082 3.26515 2.38364 37 8
545 0.0075 0.130635 3.24282 2.25816 29 5
546 0.0075 0.140333 14.7121 6.31084 31 38
547 0.0075 0.154173 10.9214 7.74445 34 16
548 0.0075 0.167719 18.4327 7.78194 38 41
549 0.0075 0.141222 30.1871 11.1428 30 48
550 0.0075 0.156402 19.2126 5.93353 37 34
551 0.0075 0.117482 12.2597 5.10802 19 33
552 0.0075 0.150501 17.1093 8.5211 33 9
553 0.0075 0.152914 12.2834 4.95485 28 5
554 0.0075 0.165687 11.1261 6.94871 32 29
555 0.0075 0.145775 18.6845 7.86628 25 52
556 0.0075 0.193373 7.49903 4.79232 42 0
557 0.0075 0.138885 12.9285 9.90744 32 13
558 0.0075 0.163791 11.6025 4.79031 39 34
559 0.0075 0.155799 9.83309 4.89176 35 40
560 0.0075 0.168482 9.51453 8.45607 35 7
561 0.0075 0.131779 5.06089 4.76303 22 8
562 0.0075 0.141185 6.64087 3.47312 26 5
563 0.0075 0.152334 9.39948 7.98467 27 24
564 0.0075 0.173473 3.34469 2.92237 43 11
565 0.0075 0.175181 3.34108 2.70835 37 17
566 0.0075 0.157491 20.481 2.32089 32 38
567 0.0075 0.186876 18.7163 5.80839 38 60
568 0.0075 0.143789 13.3429 6.41515 30 32
569 0.0075 0.135578 16.855 13.1513 28 52
570 0.0075 0.139128 19.0329 8.51978 36 19
571 0.0075 0.138675 16.2447 5.72579 32 34
572 0.0075 0.158209 9.93109 7.17582 34 22
573 0.0075 0.20014 15.1504 3.74479 40 31
574 0.0075 0.149434 3.8468 2.02853 22 13
575 0.0075 0.168493 12.1199 7.7272 24 31
576 0.0075 0.16356 25.4261 7.16716 27 45
577 0.0075 0.156815 26.0509 11.4954 26 14
578 0.0075 0.136976 20.8334 4.74869 29 32
579 0.0075 0.144794 17.4817 7.69936 28 37
580 0.0075 0.122571 19.6495 7.45059 22 42
581 0.0075 0.168329 3.64498 3.05467 29 3
582 0.0075 0.109013 12.6761 8.99519 18 36
583 0.0075 0.149583 7.45836 2.10854 26 38
584 0.0075 0.134425 22.7089 11.8794 25 53
585 0.0075 0.136385 14.094 6.92827 22 56
586 0.0075 0.123522 8.09985 4.42282 17 25
587 0.0075 0.163992 8.06266 7.3533 23 18
588 0.0075 0.135508 8.77009 7.61119 22 12
589 0.0075 0.169087 8.56607 3.82768 28 43
590 0.0075 0.131805 16.9713 1.95939 27 23
591 0.0075 0.129839 12.6344 8.50663 28 35
592 0.0075 0.13203 23.0149 11.1531 24 38
593 0.0075 0.158115 10.309 5.10543 24 6
594 0.0075 0.153526 24.1811 10.4562 20 49
595 0.0075 0.153235 17.157 6.83254 30 24
596 0.0075 0.154895 21.0331 6.77508 30 58
597 0.0075 0.176142 8.60065 2.12706 37 36
598 0.0075 0.129216 6.12617 5.39412 28 22
599 0.0075 0.147098 17.283 3.37127 27 84
600 0.0075 0.16603 18.8837 11.0151 35 16
601 0.0075 0.157089 5.1425 3.04144 40 2
602 0.0075 0.142739 22.2573 2.48369 24 25
603 0.0075 0.144866 20.2687 3.50296 22 14
604 0.0075 0.152172 13.197 0.870591 20 37
605 0.0075 0.110491 10.8873 8.85238 13 2
606 0.0075 0.13366 11.9398 5.97599 19 33
607 0.0075 0.144582 23.4041 8.20787 18 48
608 0.0075 0.16067 17.0609 5.6734 25 63
609 0.0075 0.146898 9.27217 7.763 25 16
610 0.0075 0.151338 26.2402 8.67041 24 26
611 0.0075 0.118019 9.22418 5.70793 21 8
612 0.0075 0.176967 17.3485 7.33698 34 40
613 0.0075 0.146206 16.4816 7.18805 27 51
614 0.0075 0.142189 6.63861 4.28455 28 4
615 0.0075 0.149874 14.6194 3.54305 23 47
616 0.0075 0.15605 13.3586 5.82943 25 34
617 0.0075 0.153446 5.42086 3.55391 25 5
618 0.0075 0.157106 16.0872 6.98927 26 41
619 0.0075 0.128176 26.3925 4.18613 14 52
620 0.0075 0.15132 8.33315 7.17096 32 23
621 0.0075 0.160728 1.44109 1.40451 28 0
622 0.0075 0.173464 22.0964 5.16446 27 66
623 0.0075 0.155695 10.1647 8.12281 23 13
624 0.0075 0.187307 8.30748 3.89436 26 6
625 0.0075 0.138639 14.3514 3.64721 19 24
626 0.0075 0.119964 8.92089 5.96338 13 1
627 0.0075 0.167957 7.27487 6.36784 24 26
628 0.0075 0.191402 5.50861 1.14977 30 5
629 0.0075 0.14117 11.6831 3.18996 24 5
630 0.0075 0.155834 17.0992 14.0988 26 41
631 0.0075 0.159165 13.5177 3.50621 27 56
632 0.0075 0.167772 20.5343 6.08981 29 0
633 0.0075 0.126416 25.7674 14.8284 16 34
634 0.0075 0.162238 28.7608 3.92782 25 55
635 0.0075 0.143148 3.52332 3.28512 22 9
636 0.0075 0.121329 9.94716 6.43607 22 19
637 0.0075 0.14951 14.7024 5.80293 21 57
638 0.0075 0.132488 6.08116 4.04582 26 14
639 0.0075 0.165081 24.5751 6.37694 26 62
640 0.0075 0.171488 26.0245 3.60565 32 58
641 0.0075 0.144451 14.2719 1.44247 26 19
642 0.0075 0.102758 8.47573 4.28901 16 4
643 0.0075 0.159288 14.3809 9.26814 27 40
644 0.0075 0.145629 23.4466 6.52305 23 50
645 0.0075 0.132732 5.50218 4.12366 21 25
646 0.0075 0.136664 3.94047 2.95022 18 4
647 0.0075 0.110367 11.0903 4.87141 22 12
648 0.0075 0.187309 8.72091 4.89345 37 12
649 0.0075 0.10603 10.8789 8.06998 18 25
650 0.0075 0.115786 16.4349 13.8551 24 24
651 0.0075 0.116265 15.0955 3.46385 26 25
652 0.0075 0.139947 13.8245 4.01389 30 57
653 0.0075 0.151175 12.2598 4.45954 28 40
654 0.0075 0.125778 6.09253 4.96935 25 9
655 0.0075 0.11351 11.6164 2.00882 24 12
656 0.0075 0.187748 27.0868 6.74571 43 13
657 0.0075 0.132574 6.91068 5.06518 27 9
658 0.0075 0.147502 23.6022 12.169 26 34
659 0.0075 0.163517 13.8455 6.41688 20 28
660 0.0075 0.133908 7.99798 7.17918 21 5
661 0.0075 0.154141 12.9149 11.2313 32 48
662 0.0075 0.159392 8.19635 4.78991 26 6
663 0.0075 0.144857 1.82078 1.58418 25 7
664 0.0075 0.138428 19.8548 9.20669 29 16
665 0.0075 0.146352 17.0846 8.84742 42 19
666 0.0075 0.148378 4.3207 2.0967 40 5
667 0.0075 0.148719 7.91973 1.23611 33 7
668 0.0075 0.136028 3.57136 2.80231 34 11
669 0.0075 0.154105 15.0909 4.76832 34 11
670 0.0075 0.143745 16.6417 7.00789 29 28
671 0.0075 0.130972 5.52363 3.72174 28 10
672 0.0075 0.156712 12.0938 9.43181 24 44
673 0.0075 0.152798 7.4115 6.06174 26 15
674 0.0075 0.186099 8.84842 2.45358 33 22
675 0.0075 0.142018 18.9439 10.4054 30 20
676 0.0075 0.113716 17.6371 8.54039 27 48
677 0.0075 0.142821 10.2097 2.67532 31 17
678 0.0075 0.195653 15.4985 9.56716 43 45
679 0.0075 0.139787 5.43482 2.47638 28 1
680 0.0075 0.138803 12.8983 8.53291 21 14
681 0.0075 0.163876 16.0457 8.3486 28 20
682 0.0075 0.141372 7.28198 3.66676 22 8
683 0.0075 0.138874 8.69808 0.664209 19 8
684 0.0075 0.128848 8.87015 7.3021 22 16
685 0.0075 0.138338 0.63501 0.595358 21 0
686 0.0075 0.143688 4.0481 1.0741 33 1
687 0.0075 0.148044 5.89922 2.52188 33 10
688 0.0075 0.15042 10.9881 8.91051 35 30
689 0.0075 0.171629 14.0356 2.92837 25 15
690 0.0075 0.174355 23.0524 12.3588 27 10
691 0.0075 0.161 13.9382 3.11732 27 36
