0.0 0.245664739884
32.0 0.0361271676301
69.0 0.0361271676301
84.0 0.0433526011561
103.0 0.101156069364
131.0 0.0361271676301
136.0 0.0361271676301
192.0 0.0578034682081
220.0 0.0505780346821
273.0 0.0361271676301
301.0 0.491329479769
372.0 0.0433526011561
416.0 0.0722543352601
441.0 0.0361271676301
489.0 0.173410404624
513.0 0.0578034682081
537.0 0.0505780346821
593.0 0.0578034682081
625.0 0.137283236994
654.0 1.10549132948
661.0 1.23554913295
676.0 2.58670520231
764.0 0.0650289017341
824.0 0.599710982659
838.0 1.52456647399
927.0 0.0505780346821
978.0 0.101156069364
1012.0 0.0578034682081
1037.0 0.0433526011561
1054.0 0.0433526011561
1155.0 1.61849710983
1176.0 1.14884393064
1236.0 0.0361271676301
1281.0 0.014450867052
1324.0 0.122832369942
1337.0 0.151734104046
1342.0 0.238439306358
1360.0 2.52167630058
1415.0 0.021676300578
1473.0 0.0433526011561
1480.0 0.028901734104
1535.0 0.0433526011561
1597.0 0.028901734104
1637.0 0.0433526011561
1718.0 0.419075144509
1736.0 0.657514450867
1790.0 0.028901734104
1798.0 0.028901734104
1817.0 0.028901734104
1854.0 0.122832369942
1934.0 0.021676300578
1994.0 0.0578034682081
1997.0 0.0433526011561
2063.0 0.397398843931
2079.0 2.47832369942
2130.0 0.0505780346821
2144.0 0.0578034682081
2155.0 0.0505780346821
2174.0 0.0361271676301
2253.0 0.0433526011561
2276.0 0.0433526011561
2356.0 0.491329479769
2378.0 2.91907514451
2431.0 0.014450867052
2480.0 0.0433526011561
2537.0 0.281791907514
2560.0 3.38150289017
2618.0 0.0505780346821
2692.0 0.0794797687861
2752.0 0.520231213873
2762.0 0.650289017341
2780.0 2.86849710983
2831.0 0.028901734104
2855.0 0.021676300578
2915.0 0.0433526011561
2955.0 0.0433526011561
2979.0 0.0361271676301
3024.0 0.0578034682081
3038.0 0.0578034682081
3051.0 0.0578034682081
3109.0 0.0867052023121
3134.0 0.0505780346821
3149.0 0.0505780346821
3178.0 0.0505780346821
3200.0 0.0361271676301
3256.0 0.0433526011561
3312.0 0.0578034682081
3374.0 0.0578034682081
3421.0 0.0939306358382
