0.00300849
0.113424
0.128187
0.157026
0.185951
0.201159
0.228014
0.241367
0.260563
0.279782
0.285309
0.295814
0.30433
0.307658
0.311948
0.31582
0.321723
0.321922
0.324131
0.325339
0.326798
0.325576
0.32907
0.328635
0.326772
0.324943
0.320623
0.318213
0.317107
0.313412
0.30766
0.303687
0.299578
0.295377
0.289837
0.283778
0.278543
0.2737
0.269257
0.263077
0.257554
0.252624
0.249906
0.244952
0.243268
0.240621
0.236242
0.23429
0.235506
0.235465
0.239241
0.239512
0.243548
0.244711
0.246755
0.251455
0.255039
0.261933
0.261666
0.260068
0.264824
0.26374
0.262365
0.266534
0.267468
0.265468
0.263082
0.265439
0.264312
0.262932
0.261679
0.263652
0.265183
0.265838
0.264579
0.264322
0.262473
0.261407
0.258985
0.256577
0.255066
0.254468
0.254082
0.248836
0.247454
0.24536
0.243515
0.241964
0.240673
0.235489
0.231733
0.228962
0.227992
0.226699
0.223151
0.218712
0.213769
0.209437
0.205883
0.200398
0.197882
0.193747
0.188326
0.185041
0.180639
0.175949
0.173722
0.170804
0.170585
0.167891
0.166871
0.170771
0.173977
0.173419
0.177467
0.184578
0.190134
0.19582
0.206952
0.218407
0.221729
0.233958
0.237848
0.246922
0.253676
0.259234
0.266183
0.263826
0.264726
0.275493
0.275995
0.274122
0.272018
0.274549
0.270847
0.26582
0.263707
0.260665
0.258921
0.254778
0.252261
0.247426
0.243156
0.24092
0.237834
0.235532
0.231138
0.230678
0.227756
0.226389
0.228073
0.227965
0.228125
0.229616
0.234614
0.239114
0.240362
0.24133
0.241839
0.242072
0.243438
0.241509
0.240498
0.242407
0.246188
0.243394
0.241637
0.246752
0.247113
0.244286
0.244766
0.245484
0.243333
0.241067
0.238408
0.233905
0.230034
0.2262
0.222219
0.221104
0.221048
0.219493
0.222153
0.225528
0.224923
0.226142
0.230228
0.233212
0.234726
0.233416
0.233439
0.231165
0.230932
0.228849
0.228009
0.228115
0.229574
0.23166
0.234966
0.236789
0.236975
0.238521
0.234795
0.234565
0.233048
0.230176
0.227637
0.226959
0.226773
0.227639
0.232439
0.233756
0.235155
0.235215
0.236326
0.237869
0.235322
0.23617
0.236905
0.237422
0.237456
0.239007
0.240904
0.242245
0.24463
0.246552
0.247821
0.249653
0.252426
0.25167
0.250876
0.250733
0.246556
0.244048
0.245609
0.24615
0.245462
0.243992
0.24211
0.241004
0.240374
0.236884
0.230828
0.227352
0.224559
0.219951
0.217632
0.217303
0.2136
0.211641
0.208982
0.205829
0.20742
0.206022
0.205875
0.211695
0.219145
0.21912
0.22094
0.224661
0.232109
0.239199
0.244843
0.24797
0.25169
0.255814
0.259505
0.255164
0.254977
0.253562
0.25142
0.249049
0.244264
0.242989
0.240717
0.23799
0.233811
0.229724
0.229197
0.226357
0.223074
0.220063
0.216336
0.212096
0.209872
0.20563
0.20022
0.194853
0.191279
0.186462
0.181952
0.176262
0.172984
0.168952
0.163735
0.158977
0.155057
0.150162
0.145453
0.140876
0.136568
0.13329
0.130403
0.127115
0.123918
0.12322
0.123378
0.12703
0.129366
0.13048
0.132213
0.145624
0.155817
0.161524
0.183393
0.196198
0.206902
0.230495
0.232552
0.243608
0.253357
0.254669
0.263597
0.266649
0.270182
0.273914
0.271296
0.271855
0.273788
0.276592
0.278478
0.278963
0.278165
0.274797
0.276233
0.280497
0.278994
0.275439
0.272677
0.2714
0.267137
0.264133
0.261145
0.257022
0.252918
0.250967
0.249812
0.244824
0.239683
0.23506
0.233936
0.231898
0.228574
0.224387
0.21981
0.217466
0.215634
0.211654
0.210014
0.205193
0.201926
0.19762
0.194133
0.190186
0.189692
0.186357
0.185579
0.184536
0.181743
0.180019
0.182302
0.183287
0.184485
0.190633
0.196787
0.196262
0.201082
0.210601
0.214656
0.219795
0.228473
0.23524
0.23856
0.247013
0.251353
0.251539
0.254367
0.251749
0.249929
0.251472
0.250145
0.246297
0.246608
0.245015
0.243397
0.238674
0.235398
0.232888
0.230393
0.225083
0.221461
0.222929
0.222128
0.223516
0.224683
0.220618
0.217905
0.216136
0.213536
0.210748
0.209306
0.207536
0.203047
0.20025
0.197081
0.196534
0.196551
0.194914
0.194718
0.194336
0.196717
0.202003
0.207897
0.21021
0.215981
0.226481
0.231454
0.231858
0.237644
0.239226
0.239795
0.241767
0.245144
0.24331
0.24446
0.246648
0.24812
0.249732
0.247709
0.24843
0.249845
0.246909
0.245623
0.248911
0.248847
0.2478
0.25166
0.250806
0.246769
0.240818
0.237997
0.23464
0.22972
0.227122
0.223886
0.222227
0.218533
0.214589
0.212153
0.20798
0.202767
0.199153
0.193319
0.190252
0.186027
0.182231
0.178204
0.174357
0.171191
0.167342
0.163932
0.16052
0.157528
0.153984
0.153504
0.151385
0.149847
0.148666
0.149758
0.153242
0.156588
0.158247
0.165505
0.173257
0.183393
0.193169
0.198116
0.203433
0.21593
0.224022
0.22753
0.236408
0.241104
0.244869
0.249242
0.252735
0.257742
0.25692
0.25896
0.257707
0.261724
0.260918
0.259114
0.255546
0.256658
0.25927
0.256002
0.251005
0.251002
0.249816
0.24591
0.24111
0.240238
0.237937
0.238704
0.239784
0.236998
0.234918
0.236676
0.237332
0.235953
0.23533
0.235959
0.237567
0.2346
0.233487
0.233188
0.231223
0.230459
0.226961
0.229463
0.229954
0.231783
0.23206
0.234229
0.23794
0.240751
0.239508
0.241703
0.24485
0.240717
0.237945
0.236953
0.235629
0.234988
0.231049
0.226854
0.225762
0.224754
0.226463
0.225972
0.226742
0.22469
0.221727
0.217653
0.213633
0.21461
0.216736
0.216301
0.219058
0.218305
0.218769
0.215887
0.213822
0.217372
0.223609
0.222985
0.221345
0.224616
0.227331
0.225063
0.224586
0.226381
0.224122
0.22301
0.22504
0.224114
0.220292
0.221806
0.225484
0.224775
0.228305
0.231049
0.233232
0.233134
0.233594
0.235954
0.237729
0.242875
0.249321
0.25137
0.256164
0.255211
0.258716
0.259761
0.260779
0.262568
0.260531
0.25893
0.254744
0.253301
0.247421
0.241942
0.237647
0.232682
0.228155
0.222303
0.215424
0.210242
0.205968
0.199826
0.194219
0.189068
0.182949
0.177753
0.172577
0.16681
0.160608
0.154415
0.14801
0.142682
0.137141
0.131448
0.126275
0.120552
0.115691
0.110308
0.106253
0.101649
0.0970516
0.0927392
0.0881644
0.0852496
0.0815702
0.0777363
0.0748129
0.0704269
0.06707
0.0649731
0.0616539
0.0586403
0.0558736
0.0538154
0.0508495
0.0487111
0.0461819
0.0449714
0.0426251
0.0397743
0.0380974
0.0364258
0.0344875
0.033132
0.0317679
0.0300256
0.0287952
0.0276721
0.0264097
0.0246298
0.0245092
0.0233824
0.0219099
0.0205807
0.0204703
0.0194976
0.018853
0.0182726
0.0169022
0.0157319
0.0161705
0.015345
0.0154825
0.0153669
0.0141054
0.0141117
0.0143157
0.0140694
0.0136656
0.0136323
0.013479
0.0131553
0.0131857
0.0127774
0.0131305
0.0117035
0.01207
0.0122476
0.0132128
0.0132438
0.0131908
0.0130712
0.0152267
0.0176903
0.0198968
0.0241313
0.0299735
0.0438282
0.0692595
0.0888848
0.125522
0.149175
0.168611
0.205993
0.215198
0.22363
0.248756
0.255907
0.264105
0.281948
0.287819
0.296839
0.308764
0.308543
0.312223
0.321454
0.319183
0.320162
0.325578
0.3231
0.321562
0.319746
0.321167
0.321236
0.321188
0.317358
0.311956
0.306563
0.301552
0.296949
0.294016
0.291463
0.286844
0.283238
0.279787
0.274269
0.269049
0.267553
0.265718
0.262183
0.259736
0.25499
0.25391
0.25048
0.244143
0.240435
0.23898
0.235124
0.232736
0.229542
0.226498
0.224653
0.221619
0.220021
0.217073
0.218002
0.218361
0.218932
0.219726
0.221732
0.223454
0.228415
0.23419
0.241481
0.24559
0.248642
0.251545
0.258229
0.259187
0.25911
0.268031
0.270226
0.267421
0.270466
0.272456
0.269839
0.270052
0.265866
0.266545
0.262337
0.257767
0.256004
0.254138
0.252184
0.246266
0.240678
0.236152
0.232409
0.228715
0.225425
0.21918
0.212842
0.207741
0.202651
0.196514
0.191871
0.186128
0.179826
0.17362
0.168039
0.162106
0.155749
0.150259
0.144641
0.138731
0.134186
0.127641
0.122683
0.117628
0.112412
0.108508
0.103828
0.0993401
0.0947954
0.0904135
0.0862315
0.0820657
0.078178
0.0752898
0.0719972
0.0683047
0.0649472
0.0628686
0.0597293
0.0570861
0.0541873
0.0512328
0.0488164
0.0468184
0.044484
0.0425799
0.0406305
0.039097
0.0376133
0.0353867
0.0336083
0.0320521
0.0312717
0.0291112
0.0281621
0.026109
0.0255112
0.0240152
0.0232523
0.0230612
0.0219806
0.0199527
0.0205545
0.0186106
0.0192721
0.0178444
0.0177565
0.0177184
0.0187164
0.0196346
0.0215617
0.0250202
0.0289037
0.0365409
0.0539922
0.0733223
0.0974855
0.128573
0.147498
0.174345
0.192567
0.214516
0.235424
0.244604
0.257886
0.267864
0.271421
0.279169
0.285427
0.289736
0.299303
0.302636
0.30277
0.304317
0.305883
0.305863
0.303589
0.303566
0.303544
0.303997
0.300303
0.294492
0.289555
0.284765
0.278892
0.273899
0.270767
0.266331
0.262065
0.259511
0.258201
0.258525
0.258623
0.256202
0.251871
0.250614
0.248407
0.245977
0.246586
0.247045
0.244681
0.242645
0.242661
0.243238
0.240187
0.242324
0.246347
0.248163
0.247799
0.249578
0.249259
0.250026
0.251612
0.251707
0.250198
0.25184
0.255383
0.252415
0.250101
0.248559
0.248763
0.252755
0.251282
0.250098
0.247372
0.250173
0.250343
0.247287
0.247125
0.247278
0.243846
0.242135
0.240666
0.239769
0.238165
0.23931
0.237908
0.23933
0.239832
0.239819
0.241398
0.245087
0.245426
0.24437
0.244258
0.244329
0.240857
0.236967
0.236763
0.234223
0.231801
0.230946
0.2294
0.226831
0.226273
0.225897
0.225302
0.222743
0.223234
0.22343
0.221153
0.221165
0.222126
0.221753
0.221955
0.222181
0.222008
0.217877
0.217088
0.213722
0.212436
0.213002
0.210058
0.209828
0.209905
0.210545
0.207436
0.209135
0.210423
0.207113
0.208165
0.208929
0.21198
0.21462
0.216902
0.219552
0.22007
0.223861
0.228119
0.228923
0.231391
0.231668
0.235426
0.233722
0.233512
0.235803
0.238813
0.239264
0.240407
0.243238
0.245846
0.246517
0.248716
0.248791
0.249903
0.250296
0.251621
0.249639
0.245558
0.243402
0.24234
0.238815
0.237145
0.237017
0.240735
0.237346
0.231157
0.229727
0.229266
0.228522
0.227286
0.223304
0.220247
0.219096
0.217685
0.21705
0.216931
0.218819
0.218737
0.218688
0.215729
0.219105
0.220325
0.220126
0.220001
0.221115
0.224514
0.227378
0.228378
0.228184
0.228963
0.228442
0.226601
0.228682
0.229435
0.230938
0.231227
0.235636
0.239378
0.240752
0.241657
0.247677
0.247993
0.246722
0.248397
0.247541
0.248893
0.249195
0.249763
0.248747
0.246931
0.244762
0.244093
0.241678
0.240201
0.242531
0.244747
0.241382
0.239072
0.237898
0.24139
0.240904
0.237304
0.236736
0.23806
0.239215
0.239804
0.241181
0.239861
0.238948
0.242243
0.240985
0.236775
0.234927
0.235293
0.233385
0.229066
0.230656
0.226862
0.22407
0.219893
0.218118
0.21378
0.209752
0.205415
0.205105
0.202864
0.198207
0.193838
0.189779
0.186063
0.180515
0.174712
0.170239
0.164546
0.160874
0.155374
0.149943
0.14434
0.139154
0.134711
0.12911
0.124147
0.118852
0.114405
0.109663
0.10532
0.100271
0.0952982
0.0917726
0.0878145
0.0835995
0.0806523
0.0769683
0.0723914
0.0698309
0.0663862
0.0637349
0.0608817
0.0574649
0.0551771
0.0530041
0.0506763
0.0482572
0.046006
0.0439349
0.0424778
0.0400364
0.0379019
0.0354476
0.0347887
0.0330247
0.0314237
0.0298149
0.0280414
0.0268385
0.0260824
0.0249577
0.024119
0.0222277
0.0210903
0.0200217
0.0194949
0.0183325
0.0171148
0.0171646
0.0159941
0.0152055
0.0137539
0.0141388
0.0142737
0.0131879
0.0129319
0.0124042
0.0117059
0.011456
0.0115697
0.0109443
0.011126
0.0111879
0.0116022
0.0123193
0.0123234
0.0149551
0.0166381
0.0185351
0.0243514
0.0317623
0.0420265
0.0630947
0.0814245
0.10802
0.146849
0.1659
0.187785
0.211765
0.227682
0.254139
0.259098
0.26723
0.278664
0.279843
0.283432
0.291862
0.295606
0.299488
0.301521
0.297229
0.298393
0.29877
0.297569
0.299353
0.303278
0.302879
0.300072
0.296809
0.299552
0.298116
0.296448
0.293921
0.290855
0.289396
0.291238
0.287183
0.283744
0.282038
0.278674
0.273813
0.268669
0.265392
0.260127
0.257041
0.251838
0.247199
0.243543
0.240539
0.234798
0.228248
0.222118
0.216954
0.213763
0.211461
0.205391
0.200293
0.202043
0.201058
0.200169
0.202526
0.203554
0.202443
0.203332
0.206712
0.207105
0.212098
0.222437
0.227111
0.229716
0.23529
0.235453
0.23705
0.238454
0.238138
0.235449
0.239171
0.245324
0.24786
0.246402
0.246427
0.250193
0.247802
0.244848
0.247825
0.246093
0.245364
0.249516
0.248775
0.245697
0.242392
0.239749
0.242287
0.239931
0.240704
0.240784
0.23907
0.237202
0.234175
0.236159
0.232619
0.229845
0.230425
0.229984
0.229676
0.229224
0.231729
0.233626
0.235713
0.233127
0.233233
0.234112
0.233574
0.235628
0.233583
0.233313
0.23712
0.238098
0.241143
0.242978
0.243651
0.24806
0.248196
0.246029
0.242388
0.239247
0.234816
0.230437
0.227291
0.223071
0.22094
0.217212
0.210721
0.206423
0.200426
0.193968
0.188704
0.182268
0.175949
0.169726
0.16362
0.156853
0.150596
0.145737
0.138511
0.133541
0.128117
0.121941
0.117087
0.112291
0.108156
0.103098
0.0987589
0.0942841
0.090466
0.0868668
0.0821792
0.0785
0.0749992
0.0715985
0.068728
0.0654642
0.0619519
0.060285
0.0569027
0.0548379
0.0519016
0.0498454
0.048123
0.0467418
0.0435086
0.0413697
0.0389887
0.0378433
0.0370174
0.0341972
0.0331253
0.0321792
0.0298989
0.0290802
0.0274508
0.0271562
0.0263491
0.0253505
0.0247309
0.0244057
0.0246155
0.0254222
0.0257965
0.0258422
0.0285019
0.0302622
0.0355882
0.0471135
0.0587805
0.0825107
0.104755
0.134184
0.163838
0.195883
0.214384
0.228038
0.251088
0.261397
0.272603
0.280004
0.285043
0.289998
0.295268
0.297028
0.301471
0.302013
0.304189
0.309427
0.310238
0.310181
0.310856
0.30945
0.308327
0.307782
0.304902
0.301496
0.298822
0.295489
0.290617
0.286829
0.284916
0.282112
0.27765
0.276873
0.273463
0.273862
0.274366
0.269291
0.271612
0.272476
0.268799
0.270684
0.268823
0.266411
0.262259
0.259182
0.258378
0.256644
0.255601
0.257211
0.25743
0.257214
0.256936
0.256934
0.260595
0.263804
0.264154
0.263115
0.263124
0.264581
0.260922
0.257657
0.254687
0.252767
0.249473
0.247876
0.248294
0.24481
0.244962
0.247837
0.245971
0.24389
0.244489
0.242826
0.244297
0.244363
0.243253
0.244326
0.24112
0.239488
0.23992
0.237609
0.236977
0.236884
0.236553
0.236156
0.236467
0.236621
0.233906
0.233726
0.236394
0.235275
0.235362
0.236237
0.236607
0.240394
0.240061
0.245166
0.245942
0.24464
0.244256
0.244759
0.243424
0.242575
0.245606
0.244697
0.241747
0.243655
0.246644
0.248583
0.247242
0.248392
0.254573
0.25533
0.258974
0.264649
0.264606
0.2622
0.261438
0.261086
0.258105
0.255391
0.252073
0.250601
0.247011
0.243902
0.241029
0.238013
0.239302
0.236252
0.231433
0.232842
0.232782
0.233039
0.231481
0.23024
0.233322
0.235075
0.234563
0.236404
0.237116
0.238036
0.23829
0.241181
0.242413
0.243534
0.245746
0.241995
0.241
0.240089
0.240019
0.238005
0.235094
0.233661
0.234164
0.232495
0.231469
0.233977
0.232677
0.229609
0.228962
0.22704
0.222247
0.21824
0.216854
0.214302
0.21112
0.211246
0.211233
0.21006
0.21167
0.216712
0.218455
0.21994
0.224412
0.230796
0.237922
0.237797
0.241531
0.246241
0.250079
0.252021
0.255109
0.255854
0.25894
0.259392
0.261895
0.266977
0.268046
0.268993
0.267235
0.265161
0.260505
0.260348
0.260628
0.258314
0.253496
0.254986
0.251411
0.250496
0.247905
0.246191
0.244717
0.242888
0.242405
0.241788
0.23932
0.234302
0.233444
0.234835
0.234384
0.233598
0.234638
0.235678
0.234636
0.233534
0.236022
0.239484
0.238941
0.236608
0.240392
0.240509
0.244345
0.248353
0.245995
0.247905
0.249097
0.252838
0.250103
0.246809
0.247761
0.250142
0.254
0.253258
0.257397
0.258205
0.261454
0.264001
0.263641
0.268207
0.272258
0.272294
0.27048
0.267255
0.266583
0.268116
0.268133
0.264709
0.262351
0.259121
0.256594
0.25531
0.25086
0.245914
0.241139
0.239258
0.234281
0.229116
0.225558
0.222913
0.22022
0.215095
0.210959
0.209373
0.206334
0.204583
0.202767
0.200959
0.200675
0.20394
0.207215
0.211556
0.217881
0.226628
0.232517
0.234299
0.239761
0.241891
0.244753
0.244998
0.24606
0.249184
0.24801
0.249308
0.253296
0.252714
0.253023
0.254797
0.25959
0.2584
0.259596
0.259045
0.260175
0.261078
0.263281
0.262515
0.261687
0.260052
0.25939
0.252865
0.248404
0.24408
0.238084
0.232528
0.226525
0.219669
0.213318
0.208195
0.202106
0.197132
0.190595
0.186126
0.180534
0.175728
0.170079
0.164706
0.159632
0.154665
0.149672
0.144456
0.13981
0.133685
0.128185
0.123912
0.118942
0.114064
0.10935
0.104657
0.0997699
0.0961584
0.091777
0.0871514
0.0833915
0.08104
0.0765003
0.0730728
0.0692726
0.0666179
0.062965
0.0606722
0.0587913
0.0555647
0.0523504
0.050616
0.047565
0.0458735
0.0442137
0.0412432
0.0400115
0.0368371
0.0363599
0.0347151
0.0333954
0.0317399
0.029914
0.0298942
0.0290112
0.0300755
0.0294867
0.0303978
0.0334746
0.0393461
0.0429441
0.0515326
0.0669721
0.080938
0.102516
0.131162
0.150703
0.178829
0.201893
0.223242
0.233333
0.26372
0.26562
0.275317
0.282336
0.287369
0.294933
0.296729
0.30307
0.306525
0.310323
0.310577
0.311903
0.312207
0.310092
0.311717
0.310426
0.306678
0.302701
0.298087
0.296264
0.294722
0.29213
0.289655
0.285578
0.283453
0.281678
0.278215
0.273837
0.271814
0.269782
0.265663
0.262673
0.25972
0.257497
0.256069
0.254259
0.254241
0.256273
0.257115
0.257698
0.26427
0.269265
0.268857
0.267168
0.266063
0.264557
0.260655
0.260431
0.256935
0.255125
0.252748
0.251566
0.255293
0.254828
0.255286
0.255727
0.25855
0.261872
0.260985
0.261954
0.260892
0.264189
0.262878
0.261076
0.260728
0.256582
0.256644
0.253468
0.249622
0.246022
0.243349
0.238133
0.23547
0.232409
0.230808
0.228021
0.226213
0.219678
0.219197
0.219412
0.218609
0.218471
0.217025
0.216993
0.215559
0.215175
0.217569
0.219358
0.218275
0.217937
0.226578
0.228829
0.228494
0.228435
0.23155
0.230569
0.234133
0.238733
0.241796
0.243583
0.246614
0.253852
0.25597
0.256852
0.255976
0.254777
0.251456
0.247663
0.247021
0.244624
0.243357
0.240534
0.242817
0.243671
0.242465
0.236461
0.232528
0.229769
0.227714
0.223726
0.222175
0.223863
0.220815
0.218632
0.21762
0.221729
0.221353
0.220093
0.222782
0.229965
0.231553
0.231989
0.241476
0.242123
0.253466
0.254804
0.253715
0.257052
0.25958
0.260513
0.260972
0.264653
0.262388
0.264191
0.266337
0.267392
0.266038
0.264358
0.26101
0.259976
0.260487
0.257279
0.255733
0.254794
0.252173
0.249235
0.249532
0.247015
0.24493
0.243144
0.245867
0.246383
0.244454
0.242809
0.243105
0.242075
0.242523
0.242814
0.243385
0.245354
0.244169
0.242596
0.247122
0.246922
0.247401
0.246652
0.246928
0.246304
0.245812
0.249623
0.248477
0.247007
0.247097
0.244078
0.240854
0.241844
0.244508
0.243954
0.241676
0.242441
0.24568
0.244994
0.24282
0.241563
0.242801
0.242326
0.244793
0.244929
0.244732
0.245614
0.24764
0.248308
0.248205
0.24973
0.248929
0.252765
0.254835
0.253032
0.250952
0.254924
0.257324
0.260545
0.258437
0.254638
0.254868
0.251831
0.25197
0.250296
0.247317
0.244051
0.245273
0.243983
0.242295
0.237985
0.235008
0.231549
0.225859
0.223251
0.219003
0.215483
0.212729
0.210147
0.207794
0.203244
0.204776
0.20595
0.206025
0.211308
0.212666
0.221057
0.235313
0.240203
0.241934
0.243085
0.244989
0.247155
0.25231
0.257301
0.25922
0.260575
0.259033
0.258762
0.262739
0.264529
0.26587
0.266576
0.269986
0.272801
0.273517
0.274391
0.277021
0.271703
0.272663
0.273813
0.269294
0.267388
0.263811
0.258579
0.252819
0.248105
0.244114
0.238625
0.232967
0.226613
0.223407
0.220281
0.213916
0.209598
0.206228
0.202925
0.195758
0.191679
0.186903
0.181971
0.177965
0.173016
0.166409
0.160613
0.153879
0.148125
0.142211
0.136749
0.130883
0.125473
0.120298
0.115343
0.110779
0.105488
0.101329
0.0970259
0.0915265
0.0882367
0.0837093
0.0807238
0.0769297
0.0738988
0.0698788
0.0672795
0.0648283
0.0614519
0.0583604
0.0564274
0.0535671
0.0513201
0.0480058
0.0468235
0.0447687
0.0420909
0.040211
0.038824
0.0366039
0.0352472
0.0335357
0.0319326
0.0306164
0.0295459
0.0281066
0.0275647
0.0263308
0.0248645
0.0235856
0.0226503
0.0224137
0.0215055
0.0208111
0.0212188
0.0216006
0.0211557
0.0216775
0.022507
0.0224829
0.024404
0.0261485
0.0286481
0.0319684
0.0434604
0.0581421
0.0792428
0.104386
0.138178
0.170043
0.185223
0.212184
0.224018
0.240037
0.255408
0.269506
0.281791
0.290547
0.294168
0.303853
0.310743
0.30925
0.314624
0.320354
0.319891
0.320415
0.327361
0.325307
0.324076
0.32234
0.319682
0.318018
0.315174
0.313219
0.309299
0.307858
0.304105
0.301888
0.298513
0.296316
0.293293
0.288176
0.285343
0.284044
0.280311
0.278306
0.274273
0.2726
0.271938
0.271861
0.268298
0.263438
0.261004
0.258037
0.25463
0.254318
0.254087
0.250995
0.247128
0.242672
0.239049
0.236463
0.2317
0.229736
0.225086
0.221781
0.223242
0.224327
0.225429
0.226012
0.227234
0.230402
0.232677
0.237302
0.238375
0.239292
0.240313
0.242306
0.242303
0.246786
0.246498
0.246088
0.24809
0.250366
0.247557
0.246227
0.244067
0.243282
0.240672
0.238253
0.2345
0.229499
0.231081
0.230445
0.230385
0.22878
0.231121
0.23023
0.234788
0.239189
0.238683
0.241564
0.240087
0.240772
0.245572
0.248486
0.249545
0.253416
0.256305
0.257223
0.262078
0.261451
0.261157
0.26268
0.263652
0.262896
0.259199
0.259336
0.262192
0.260959
0.256962
0.254987
0.2553
0.253196
0.249373
0.245929
0.247845
0.24513
0.2434
0.243557
0.242464
0.240674
0.242525
0.243605
0.242501
0.243271
0.245232
0.244907
0.247049
0.248027
0.252082
0.250441
0.25179
0.247219
0.24558
0.24492
0.244504
0.24411
0.242901
0.239952
0.238921
0.240286
0.240724
0.240144
0.240791
0.239985
0.241174
0.239811
0.240039
0.238219
0.241985
0.246638
0.24907
0.247211
0.243519
0.241029
0.245406
0.247251
0.245256
0.248515
0.247835
0.245079
0.24644
0.247805
0.253053
0.253383
0.254234
0.25443
0.254252
0.256745
0.25708
0.254376
0.251908
0.253046
0.248921
0.247527
0.246727
0.241475
0.238528
0.236554
0.234962
0.233111
0.232424
0.228346
0.223818
0.225787
0.22472
0.225413
0.22618
0.227134
0.234646
0.24328
0.247616
0.248803
0.253193
0.253263
0.255844
0.261602
0.259933
0.264056
0.266339
0.268068
0.267201
0.268266
0.265954
0.267535
0.263895
0.262128
0.260782
0.257784
0.256297
0.251534
0.247464
0.244717
0.239392
0.234543
0.231053
0.226118
0.224423
0.21898
0.214535
0.20743
0.201756
0.195065
0.188446
0.183166
0.176287
0.170896
0.164153
0.158278
0.151114
0.145042
0.138986
0.134012
0.128606
0.123015
0.117661
0.113682
0.108594
0.103774
0.0999524
0.0951459
0.0908952
0.0871515
0.0826719
0.0794637
0.0761728
0.0723033
0.0697595
0.0663204
0.0637371
0.0607257
0.0578393
0.0547555
0.0525105
0.0499112
0.0482423
0.0461825
0.0434991
0.0423454
0.0396158
0.03836
0.036645
0.0348535
0.033313
0.0314023
0.0300024
0.0284061
0.0275622
0.0257338
0.0246083
0.024414
0.0229531
0.0232773
0.021994
0.0208102
0.0199035
0.0195134
0.0189663
0.0196369
0.0207383
0.0210027
0.0249601
0.0294524
0.0365121
0.0478301
0.0696826
0.087773
0.112201
0.14149
0.167576
0.187755
0.215129
0.22562
0.24936
0.253875
0.272044
0.279521
0.282654
0.295969
0.302726
0.301331
0.309185
0.312461
0.314995
0.318986
0.317817
0.318386
0.317567
0.315142
0.313579
0.312656
0.3071
0.305247
0.304196
0.301918
0.297445
0.296614
0.291355
0.287582
0.284713
0.281317
0.275855
0.273947
0.274405
0.27163
0.270784
0.270359
0.269611
0.269922
0.268618
0.265522
0.262667
0.261657
0.265416
0.264775
0.262433
0.263407
0.263381
0.263072
0.265612
0.266362
0.267426
0.269196
0.266978
0.264099
0.264458
0.261369
0.260397
0.259643
0.25543
0.255279
0.254864
0.252213
0.250356
0.252416
0.251735
0.247052
0.244639
0.247103
0.246867
0.243586
0.245992
0.243172
0.240328
0.236083
0.234973
0.228918
0.224182
0.219311
0.218319
0.216681
0.214423
0.215401
0.214076
0.215584
0.222214
0.224941
0.224338
0.228549
0.233202
0.235581
0.241871
0.243056
0.244673
0.249373
0.255245
0.262088
0.267173
0.266833
0.269032
0.273467
0.273565
0.270858
0.270405
0.269606
0.26676
0.262221
0.259656
0.257992
0.256145
0.252665
0.247688
0.242676
0.238886
0.232207
0.225375
0.218569
0.211262
0.205243
0.19888
0.192077
0.18537
0.178852
0.172866
0.166302
0.159608
0.152945
0.147707
0.142028
0.135924
0.130599
0.124697
0.119508
0.113881
0.109291
0.105221
0.100352
0.0961184
0.0921161
0.0883058
0.0839937
0.0805993
0.0762696
0.073142
0.0709352
0.0668381
0.0635012
0.0607809
0.0585608
0.0556232
0.0535267
0.0510392
0.0487164
0.046603
0.0442378
0.0419393
0.0402517
0.0375634
0.0371275
0.0351412
0.0331296
0.0330115
0.0315668
0.0289463
0.0282216
0.0266732
0.0267811
0.0249086
0.0240121
0.0229394
0.0234144
0.0222332
0.0248591
0.0249731
0.0283336
0.0300929
0.0364354
0.0490005
0.0620861
0.0858135
0.106827
0.125714
0.160371
0.181183
0.19939
0.231129
0.235922
0.256392
0.262694
0.273734
0.287064
0.282701
0.29005
0.297161
0.298841
0.305998
0.30403
0.307757
0.310931
0.311059
0.307326
0.306386
0.306719
0.308007
0.308291
0.310039
0.309496
0.306631
0.308636
0.305598
0.300631
0.305131
0.30051
0.295473
0.291268
0.288485
0.283365
0.276372
0.27355
0.270433
0.263605
0.256458
0.251288
0.245063
0.239096
0.234235
0.230671
0.226107
0.224018
0.219057
0.214228
0.21138
0.207966
0.206627
0.20598
0.207123
0.209074
0.214013
0.218731
0.221437
0.22732
0.233043
0.237351
0.244328
0.247413
0.250603
0.251624
0.25549
0.258465
0.260785
0.264434
0.265775
0.266079
0.263894
0.270755
0.270806
0.270814
0.268192
0.266557
0.266447
0.267662
0.267634
0.265641
0.263958
0.262118
0.260859
0.259199
0.254014
0.250615
0.246225
0.243311
0.240547
0.237667
0.236351
0.236056
0.233313
0.229397
0.226168
0.220681
0.217041
0.21345
0.209465
0.20495
0.202752
0.202343
0.202145
0.203651
0.208145
0.203675
0.204229
0.207832
0.215288
0.218391
0.222276
0.225265
0.228952
0.236851
0.241628
0.246933
0.252202
0.258224
0.261406
0.261221
0.262721
0.260655
0.260348
0.259693
0.260742
0.261361
0.262889
0.258094
0.254621
0.254093
0.253654
0.251509
0.249305
0.247801
0.249738
0.249634
0.24766
0.242815
0.238438
0.234522
0.231091
0.226245
0.220551
0.21581
0.208571
0.204151
0.199136
0.193765
0.188427
0.182778
0.177974
0.17288
0.165878
0.160586
0.154383
0.148794
0.143436
0.137521
0.132828
0.127299
0.120466
0.116511
0.111693
0.107362
0.103233
0.0986583
0.0948523
0.0916295
0.087702
0.0844918
0.0808522
0.0771655
0.0741151
0.0703695
0.0685572
0.0646368
0.062218
0.0590493
0.0561923
0.0540638
0.0516117
0.0487861
0.0468272
0.0440689
0.0428811
0.0406732
0.0383777
0.0378188
0.0355161
0.0341762
0.0325028
0.0305291
0.0293829
0.0275306
0.0262201
0.0262648
0.0247427
0.0234079
0.022882
0.0212269
0.020693
0.0191222
0.0181155
0.0180969
0.0171716
0.0163641
0.0171633
0.0162688
0.0152895
0.0148211
0.0143701
0.0141166
0.0141469
0.0144241
0.015008
0.0161285
0.0180661
0.0217746
0.026415
0.0333711
0.0437403
0.0595083
0.080971
0.12301
0.144191
0.180034
0.202711
0.223024
0.243302
0.265122
0.276203
0.280197
0.294928
0.295822
0.300622
0.309154
0.313644
0.314999
0.312759
0.31449
0.315382
0.318025
0.317776
0.322719
0.322074
0.320398
0.323821
0.319961
0.316512
0.312949
0.308651
0.3051
0.303108
0.302765
0.301469
0.297835
0.294362
0.290019
0.284218
0.277656
0.272303
0.269561
0.265085
0.259726
0.256535
0.253151
0.249052
0.24139
0.237524
0.231989
0.228087
0.223001
0.217318
0.211164
0.206849
0.202519
0.199123
0.194289
0.190024
0.186893
0.182701
0.183206
0.182613
0.182952
0.188119
0.19048
0.194389
0.204029
0.21228
0.222024
0.229676
0.237515
0.247055
0.250636
0.256545
0.260478
0.270046
0.275159
0.274661
0.27724
0.280364
0.281765
0.278013
0.275204
0.275577
0.271762
0.271344
0.273296
0.274707
0.272158
0.271713
0.27287
0.27073
0.268447
0.267055
0.265128
0.26146
0.26005
0.257851
0.254949
0.253277
0.251147
0.249922
0.248464
0.247495
0.244984
0.244928
0.244651
0.248139
0.24916
0.248387
0.250189
0.251526
0.250268
0.25172
0.252818
0.253118
0.252255
0.249788
0.246671
0.243797
0.240558
0.240649
0.238744
0.237349
0.237375
0.235553
0.235456
0.238614
0.23693
0.235175
0.236609
0.237744
0.235138
0.235838
0.235354
0.239517
0.242479
0.243718
0.243177
0.243939
0.241967
0.241787
0.246615
0.250506
0.251444
0.252841
0.251728
0.256459
0.261303
0.261703
0.262772
0.265179
0.265192
0.267211
0.264371
0.265384
0.265792
0.261429
0.259563
0.257056
0.255553
0.25672
0.253452
0.250777
0.247867
0.246115
0.244352
0.24492
0.243901
0.240953
0.239391
0.23813
0.237139
0.234862
0.233858
0.234873
0.233049
0.233684
0.235555
0.236703
0.237833
0.240582
0.243646
0.244439
0.254528
0.253749
0.25198
0.253909
0.25623
0.258269
0.259559
0.258769
0.261295
0.258194
0.256249
0.259213
0.256781
0.253677
0.254061
0.250088
0.25008
0.251766
0.249114
0.248778
0.250567
0.252546
0.256447
0.257457
0.256759
0.255122
0.256501
0.253771
0.24998
0.248528
0.247876
0.246441
0.245401
0.242096
0.238405
0.236595
0.231063
0.229911
0.225555
0.221256
0.218014
0.214066
0.210437
0.207948
0.205146
0.203927
0.205759
0.20707
0.204505
0.207669
0.210477
0.209422
0.212819
0.218528
0.225907
0.233209
0.238487
0.244612
0.246661
0.250657
0.256381
0.255339
0.255123
0.253677
0.254791
0.25352
0.251653
0.253066
0.252121
0.249695
0.250805
0.25452
0.255995
0.255618
0.255966
0.257244
0.255828
0.257119
0.255046
0.254181
0.254637
0.250797
0.247916
0.245063
0.248335
0.245939
0.244208
0.245891
0.242018
0.23985
0.239173
0.240195
0.242732
0.242971
0.246283
0.248956
0.253842
0.256984
0.258908
0.264159
0.266576
0.265151
0.267745
0.269278
0.268564
0.264246
0.262996
0.259529
0.255044
0.253127
0.247134
0.244577
0.242186
0.23628
0.232744
0.229316
0.225028
0.22139
0.21739
0.216046
0.212203
0.209651
0.210052
0.208105
0.20586
0.206136
0.209571
0.2078
0.211401
0.214671
0.215754
0.214693
0.225767
0.230262
0.238854
0.248808
0.249003
0.255281
0.26011
0.26287
0.266796
0.268302
0.268137
0.269316
0.271274
0.268855
0.265429
0.262822
0.260168
0.256565
0.251583
0.249789
0.244782
0.238954
0.237943
0.236416
0.231815
0.227738
0.225694
0.224517
0.221135
0.219894
0.218306
0.216707
0.214286
0.215978
0.218094
0.220851
0.226637
0.227434
0.235059
0.244846
0.249048
0.25114
0.256508
0.257563
0.259147
0.259768
0.256852
0.258024
0.259923
0.260187
0.263639
0.265329
0.265095
0.262865
0.25869
0.254613
0.253021
0.249541
0.246536
0.244591
0.243249
0.238758
0.232033
0.227846
0.225639
0.224016
0.222029
0.218917
0.215585
0.213799
0.211534
0.209644
0.211272
0.214385
0.216717
0.218595
0.218908
0.223076
0.228806
0.230782
0.229554
0.231671
0.234091
0.237063
0.240358
0.243577
0.245556
0.244243
0.248297
0.248122
0.248627
0.250032
0.248771
0.253904
0.255306
0.254223
0.255899
0.258478
0.258253
0.255826
0.254572
0.25352
0.252052
0.250911
0.246835
0.241851
0.238443
0.233408
0.231004
0.228408
0.225785
0.221124
0.216767
0.213971
0.209249
0.20745
0.203172
0.199381
0.196007
0.192781
0.190951
0.187719
0.186566
0.1839
0.184096
0.188954
0.192182
0.193227
0.204259
0.213354
0.218976
0.229992
0.235823
0.242297
0.247961
0.248862
0.25321
0.256785
0.25432
0.253382
0.252949
0.250137
0.253053
0.257641
0.254604
0.252781
0.253181
0.251371
0.250744
0.247631
0.246354
0.248463
0.248587
0.246079
0.24553
0.249492
0.252969
0.251871
0.251723
0.252784
0.25556
0.254747
0.258581
0.259341
0.255966
0.253562
0.253273
0.249963
0.248016
0.248602
0.251119
0.250474
0.248549
0.245187
0.246323
0.244744
0.239283
0.235633
0.232203
0.231416
0.227831
0.223196
0.218231
0.216979
0.217062
0.214692
0.214475
0.213613
0.212333
0.211411
0.213366
0.212575
0.215993
0.219371
0.225666
0.227853
0.232556
0.238638
0.23813
0.237644
0.238813
0.238487
0.238235
0.243476
0.245039
0.246094
0.249556
0.254715
0.260809
0.262543
0.261935
0.260139
0.264491
0.260882
0.260289
0.262535
0.25911
0.257002
0.253477
0.250022
0.247321
0.242522
0.240565
0.235902
0.233663
0.229982
0.225433
0.222413
0.22139
0.220959
0.219314
0.222121
0.223368
0.224299
0.225261
0.228368
0.230374
0.232222
0.233754
0.237941
0.236784
0.242217
0.245338
0.24807
0.252419
0.252792
0.250432
0.24888
0.246873
0.244976
0.243506
0.243274
0.239924
0.236002
0.232444
0.228198
0.224149
0.224523
0.222335
0.223134
0.224438
0.221826
0.221479
0.222086
0.224799
0.226037
0.227222
0.227726
0.227445
0.231643
0.234152
0.237532
0.238722
0.243192
0.248737
0.255204
0.254308
0.254578
0.256915
0.257685
0.262515
0.264716
0.259823
0.262008
0.261679
0.261647
0.264797
0.269485
0.269263
0.272645
0.277095
0.272435
0.268553
0.264488
0.260891
0.255983
0.253005
0.251055
0.247631
0.244996
0.243448
0.239861
0.235185
0.232406
0.230268
0.229587
0.226038
0.223061
0.220811
0.218778
0.217583
0.218902
0.216486
0.215015
0.21734
0.222849
0.226908
0.22918
0.234283
0.240137
0.242352
0.246877
0.257432
0.258005
0.257023
0.262966
0.265863
0.264243
0.260933
0.259269
0.258455
0.257857
0.25146
0.246398
0.242571
0.240988
0.237343
0.232426
0.22808
0.227254
0.2248
0.224613
0.223913
0.222294
0.217475
0.215223
0.21638
0.218757
0.218811
0.220142
0.226729
0.231882
0.231658
0.23841
0.23748
0.245381
0.249429
0.243668
