0 0.0
1 0.0
2 0.0
3 0.0
4 0.0
5 0.0
6 0.0
7 0.0
8 0.0
9 0.0
10 0.0
11 0.0
12 0.0
13 0.0
14 0.0
15 0.0
16 0.0
17 0.0
18 0.0
19 0.0
20 0.0
21 0.0
22 0.0
23 0.0
24 0.0
25 0.0
26 0.0
27 0.0
28 0.0
29 0.0
30 0.0
31 0.0
32 0.0
33 0.0
34 0.0
35 0.0
36 0.0
37 0.0
38 0.0
39 0.0
40 0.0
41 0.0
42 0.0
43 0.0
44 0.0
45 0.0
46 0.0
47 0.0
48 0.0
49 0.0
50 0.0
51 0.0
52 0.0
53 0.0
54 0.0
55 0.0
56 0.0
57 0.0
58 0.0
59 0.0
60 0.0
61 0.0
62 0.0
63 0.0
64 0.0
65 0.0
66 0.0
67 0.0
68 0.0
69 0.0
70 0.0
71 0.0
72 0.0
73 0.0
74 0.0
75 0.0
76 0.0
77 0.0
78 0.0
79 0.0
80 0.0
81 0.0
82 0.0
83 0.0
84 0.0
85 0.0
86 0.0
87 0.0
88 0.0
89 0.0
90 0.0
91 0.0
92 0.0
93 0.0
94 0.0
95 0.0
96 0.0
97 0.0
98 0.0
99 0.0
100 0.0
101 0.0
102 0.0
103 0.0
104 0.0
105 0.0
106 0.0
107 0.0
108 0.0
109 0.0
110 0.0
111 0.0
112 0.0
113 0.0
114 0.0
115 0.0
116 0.0
117 0.0
118 0.0
119 0.0
120 0.0
121 0.0
122 0.0
123 0.0
124 0.0
125 0.0
126 0.0
127 0.0
128 0.0
129 0.0
130 0.0
131 0.0
132 0.0
133 0.0
134 0.0
135 0.0
136 0.0
137 0.0
138 0.0
139 0.0
140 0.0
141 0.0
142 0.0
143 0.0
144 0.0
145 0.0
146 0.0
147 0.0
148 0.0
149 0.0
150 0.0
151 0.0
152 0.0
153 0.0
154 0.0
155 0.0
156 0.0
157 0.0
158 0.0
159 0.0
160 0.0
161 0.0
162 0.0
163 0.14450867052
164 0.14450867052
165 0.14450867052
166 0.14450867052
167 0.14450867052
168 0.14450867052
169 0.14450867052
170 0.14450867052
171 0.14450867052
172 0.14450867052
173 0.14450867052
174 0.14450867052
175 0.28901734104
176 0.28901734104
177 0.28901734104
178 0.28901734104
179 0.28901734104
180 0.28901734104
181 0.28901734104
182 0.28901734104
183 0.14450867052
184 0.14450867052
185 0.14450867052
186 0.14450867052
187 0.14450867052
188 0.14450867052
189 0.14450867052
190 0.14450867052
191 0.14450867052
192 0.14450867052
193 0.14450867052
194 0.14450867052
195 0.0
196 0.0
197 0.0
198 0.0
199 0.0
200 0.0
201 0.0
202 0.0
203 0.0
204 0.0
205 0.0
206 0.0
207 0.0
208 0.0
209 0.0
210 0.0
211 0.0
212 0.0
213 0.0
214 0.0
215 0.0
216 0.0
217 0.0
218 0.0
219 0.0
220 0.0
221 0.0
222 0.0
223 0.0
224 0.0
225 0.0
226 0.0
227 0.0
228 0.0
229 0.0
230 0.0
231 0.0
232 0.0
233 0.0
234 0.0
235 0.0
236 0.0
237 0.0
238 0.0
239 0.0
240 0.0
241 0.0
242 0.0
243 0.0
244 0.0
245 0.0
246 0.0
247 0.0
248 0.0
249 0.0
250 0.0
251 0.0
252 0.0
253 0.0
254 0.0
255 0.0
256 0.0
257 0.14450867052
258 0.14450867052
259 0.14450867052
260 0.14450867052
261 0.14450867052
262 0.14450867052
263 0.14450867052
264 0.14450867052
265 0.14450867052
266 0.14450867052
267 0.14450867052
268 0.14450867052
269 0.14450867052
270 0.14450867052
271 0.14450867052
272 0.14450867052
273 0.14450867052
274 0.14450867052
275 0.14450867052
276 0.14450867052
277 0.0
278 0.0
279 0.0
280 0.0
281 0.0
282 0.0
283 0.0
284 0.0
285 0.0
286 0.0
287 0.0
288 0.0
289 0.0
290 0.0
291 0.0
292 0.0
293 0.0
294 1.01156069364
295 1.01156069364
296 1.01156069364
297 2.60115606936
298 2.60115606936
299 2.60115606936
300 2.60115606936
301 2.60115606936
302 2.60115606936
303 2.60115606936
304 2.60115606936
305 2.60115606936
306 2.60115606936
307 2.60115606936
308 2.60115606936
309 2.60115606936
310 2.60115606936
311 2.60115606936
312 2.60115606936
313 2.60115606936
314 1.58959537572
315 1.58959537572
316 1.58959537572
317 0.0
318 0.0
319 0.0
320 0.0
321 0.0
322 0.0
323 0.0
324 0.0
325 0.0
326 0.0
327 0.0
328 0.0
329 0.0
330 0.0
331 0.0
332 0.0
333 0.0
334 0.0
335 0.0
336 0.0
337 0.0
338 0.0
339 0.0
340 0.0
341 0.0
342 0.0
343 0.0
344 0.0
345 0.0
346 0.0
347 0.0
348 0.0
349 0.0
350 0.0
351 0.0
352 0.0
353 0.0
354 0.0
355 0.0
356 0.0
357 0.0
358 0.0
359 0.0
360 0.0
361 0.0
362 0.0
363 0.0
364 0.0
365 0.0
366 0.0
367 0.0
368 0.0
369 0.0
370 0.0
371 0.0
372 0.0
373 0.0
374 0.0
375 0.0
376 0.0
377 0.0
378 0.0
379 0.0
380 0.0
381 0.0
382 0.0
383 0.0
384 0.0
385 0.0
386 0.0
387 0.0
388 0.0
389 0.0
390 0.0
391 0.0
392 0.0
393 0.0
394 0.0
395 0.0
396 0.0
397 0.0
398 0.0
399 0.0
400 0.0
401 0.0
402 0.0
403 0.0
404 0.0
405 0.0
406 0.0
407 0.0
408 0.0
409 0.0
410 0.0
411 0.0
412 0.0
413 0.0
414 0.0
415 0.0
416 0.0
417 0.0
418 0.0
419 0.0
420 0.0
421 0.0
422 0.0
423 0.0
424 0.0
425 0.0
426 0.0
427 0.0
428 0.0
429 0.0
430 0.0
431 0.0
432 0.0
433 0.0
434 0.0
435 0.0
436 0.0
437 0.0
438 0.0
439 0.0
440 0.0
441 0.0
442 0.0
443 0.0
444 0.0
445 0.0
446 0.0
447 0.0
448 0.0
449 0.0
450 0.0
451 0.0
452 0.0
453 0.0
454 0.0
455 0.0
456 0.0
457 0.0
458 0.0
459 0.0
460 0.0
461 0.0
462 0.0
463 0.0
464 0.0
465 0.0
466 0.0
467 0.0
468 0.0
469 0.0
470 0.0
471 0.0
472 0.0
473 0.0
474 0.0
475 0.0
476 0.0
477 0.0
478 0.0
479 0.0
480 0.0
481 0.0
482 0.0
483 0.0
484 0.0
485 0.0
486 0.0
487 0.0
488 0.0
489 0.0
490 0.0
491 0.0
492 0.0
493 0.0
494 0.0
495 0.0
496 0.0
497 0.0
498 0.0
499 0.0
500 0.0
501 0.0
502 0.0
503 0.0
504 0.0
505 0.0
506 0.0
507 0.0
508 0.0
509 0.0
510 0.0
511 0.0
512 0.0
513 0.0
514 0.0
515 0.0
516 0.0
517 0.0
518 0.0
519 0.0
520 0.0
521 0.0
522 0.0
523 0.0
524 0.0
525 0.0
526 0.0
527 0.0
528 0.0
529 0.0
530 0.0
531 0.0
532 0.0
533 0.0
534 0.0
535 0.0
536 0.0
537 0.0
538 0.0
539 0.0
540 0.0
541 0.0
542 0.0
543 0.0
544 0.0
545 0.0
546 0.0
547 0.0
548 0.0
549 0.0
550 0.0
551 0.0
552 0.0
553 0.0
554 0.0
555 0.0
556 0.0
557 0.0
558 0.0
559 0.0
560 0.0
561 0.0
562 0.0
563 0.0
564 0.0
565 0.0
566 0.0
567 0.0
568 0.0
569 0.0
570 0.0
571 0.0
572 0.0
573 0.0
574 0.0
575 0.0
576 0.0
577 0.0
578 0.0
579 0.0
580 0.0
581 0.0
582 0.0
583 0.0
584 0.0
585 0.0
586 0.0
587 0.0
588 0.0
589 0.0
590 0.0
591 0.0
592 0.0
593 0.0
594 0.0
595 0.0
596 0.0
597 0.0
598 0.0
599 0.0
600 0.0
601 0.14450867052
602 0.14450867052
603 0.14450867052
604 0.14450867052
605 0.14450867052
606 0.14450867052
607 0.14450867052
608 0.14450867052
609 0.14450867052
610 0.14450867052
611 0.14450867052
612 0.14450867052
613 0.14450867052
614 0.14450867052
615 0.14450867052
616 0.14450867052
617 0.14450867052
618 0.14450867052
619 0.14450867052
620 0.14450867052
621 0.0
622 0.0
623 0.0
624 0.0
625 0.0
626 0.0
627 0.0
628 0.0
629 0.0
630 0.0
631 0.0
632 0.0
633 0.0
634 0.0
635 0.0
636 0.0
637 0.433526011561
638 0.433526011561
639 0.433526011561
640 0.433526011561
641 1.87861271676
642 1.87861271676
643 1.87861271676
644 1.87861271676
645 3.46820809249
646 3.46820809249
647 3.46820809249
648 3.90173410405
649 3.90173410405
650 3.90173410405
651 4.62427745665
652 5.34682080925
653 5.78034682081
654 6.06936416185
655 6.06936416185
656 6.06936416185
657 5.63583815029
658 5.63583815029
659 5.63583815029
660 5.63583815029
661 4.19075144509
662 5.63583815029
663 5.63583815029
664 5.63583815029
665 4.04624277457
666 4.04624277457
667 4.04624277457
668 3.61271676301
669 3.61271676301
670 3.61271676301
671 9.39306358382
672 8.67052023121
673 8.23699421965
674 7.94797687861
675 7.94797687861
676 7.94797687861
677 8.23699421965
678 8.67052023121
679 8.67052023121
680 8.95953757225
681 8.95953757225
682 7.51445086705
683 7.65895953757
684 7.65895953757
685 7.65895953757
686 7.65895953757
687 7.65895953757
688 7.65895953757
689 7.65895953757
690 7.65895953757
691 1.15606936416
692 1.15606936416
693 1.15606936416
694 1.15606936416
695 1.15606936416
696 1.15606936416
697 0.867052023121
698 0.433526011561
699 0.433526011561
700 0.14450867052
701 0.14450867052
702 0.14450867052
703 0.0
704 0.0
705 0.0
706 0.0
707 0.0
708 0.0
709 0.0
710 0.0
711 0.0
712 0.0
713 0.0
714 0.0
715 0.0
716 0.0
717 0.0
718 0.0
719 0.0
720 0.0
721 0.0
722 0.0
723 0.0
724 0.0
725 0.0
726 0.0
727 0.0
728 0.0
729 0.0
730 0.0
731 0.0
732 0.0
733 0.0
734 0.0
735 0.0
736 0.0
737 0.0
738 0.0
739 0.0
740 0.0
741 0.0
742 0.0
743 0.0
744 0.0
745 0.0
746 0.0
747 0.0
748 0.0
749 0.0
750 0.0
751 0.0
752 0.0
753 0.0
754 0.0
755 0.0
756 0.0
757 0.0
758 0.0
759 0.0
760 0.0
761 0.0
762 0.0
763 0.0
764 0.14450867052
765 0.14450867052
766 0.14450867052
767 0.14450867052
768 0.14450867052
769 0.14450867052
770 0.14450867052
771 0.14450867052
772 0.14450867052
773 0.14450867052
774 0.14450867052
775 0.14450867052
776 0.14450867052
777 0.14450867052
778 0.14450867052
779 0.14450867052
780 0.14450867052
781 0.14450867052
782 0.14450867052
783 0.14450867052
784 0.0
785 0.0
786 0.0
787 0.0
788 0.0
789 0.0
790 0.0
791 0.0
792 0.0
793 0.0
794 0.0
795 0.0
796 0.0
797 0.0
798 0.0
799 0.0
800 0.0
801 0.0
802 0.0
803 0.433526011561
804 0.433526011561
805 0.433526011561
806 0.433526011561
807 0.433526011561
808 0.433526011561
809 0.433526011561
810 0.433526011561
811 0.433526011561
812 0.433526011561
813 0.433526011561
814 0.433526011561
815 0.433526011561
816 0.433526011561
817 0.433526011561
818 0.433526011561
819 0.433526011561
820 0.433526011561
821 0.433526011561
822 0.433526011561
823 0.0
824 0.0
825 0.0
826 0.0
827 0.0
828 0.0
829 0.0
830 0.0
831 0.0
832 0.0
833 2.45664739884
834 2.45664739884
835 2.45664739884
836 2.45664739884
837 2.45664739884
838 2.45664739884
839 2.45664739884
840 2.45664739884
841 2.45664739884
842 2.45664739884
843 2.45664739884
844 2.45664739884
845 2.45664739884
846 2.45664739884
847 2.45664739884
848 2.45664739884
849 2.45664739884
850 2.45664739884
851 2.45664739884
852 2.45664739884
853 0.0
854 0.0
855 0.0
856 0.0
857 0.0
858 0.14450867052
859 0.14450867052
860 0.14450867052
861 0.14450867052
862 0.14450867052
863 0.14450867052
864 0.14450867052
865 0.14450867052
866 0.14450867052
867 0.14450867052
868 0.14450867052
869 0.14450867052
870 0.14450867052
871 0.14450867052
872 0.14450867052
873 0.14450867052
874 0.14450867052
875 0.14450867052
876 0.14450867052
877 0.14450867052
878 0.0
879 0.0
880 0.0
881 0.0
882 0.0
883 0.0
884 0.0
885 0.0
886 0.0
887 0.0
888 0.0
889 0.0
890 0.0
891 0.0
892 0.0
893 0.0
894 0.0
895 0.0
896 0.0
897 0.0
898 0.0
899 0.0
900 0.0
901 0.0
902 0.0
903 0.0
904 0.0
905 0.0
906 0.0
907 0.0
908 0.0
909 0.0
910 0.0
911 0.0
912 0.0
913 0.0
914 0.0
915 0.0
916 0.0
917 0.0
918 0.0
919 0.0
920 0.0
921 0.0
922 0.0
923 0.0
924 0.0
925 0.0
926 0.0
927 0.0
928 0.0
929 0.0
930 0.0
931 0.0
932 0.0
933 0.0
934 0.0
935 0.0
936 0.0
937 0.0
938 0.0
939 0.0
940 0.0
941 0.0
942 0.0
943 0.0
944 0.0
945 0.0
946 0.0
947 0.0
948 0.0
949 0.0
950 0.0
951 0.0
952 0.0
953 0.0
954 0.0
955 0.0
956 0.0
957 0.0
958 0.0
959 0.0
960 0.0
961 0.0
962 0.0
963 0.0
964 0.0
965 0.0
966 0.0
967 0.0
968 0.0
969 0.0
970 0.0
971 0.0
972 0.0
973 0.0
974 0.0
975 0.578034682081
976 0.578034682081
977 0.578034682081
978 0.578034682081
979 0.578034682081
980 0.578034682081
981 0.578034682081
982 0.578034682081
983 0.578034682081
984 0.722543352601
985 0.722543352601
986 0.722543352601
987 0.722543352601
988 0.722543352601
989 0.722543352601
990 0.722543352601
991 0.722543352601
992 0.722543352601
993 0.722543352601
994 0.722543352601
995 0.14450867052
996 0.14450867052
997 0.14450867052
998 0.14450867052
999 0.14450867052
1000 0.14450867052
1001 0.14450867052
1002 0.14450867052
1003 0.14450867052
1004 0.0
1005 0.0
1006 0.0
1007 0.0
1008 0.0
1009 0.0
1010 0.0
1011 0.0
1012 0.0
1013 0.0
1014 0.0
1015 0.0
1016 0.0
1017 0.0
1018 0.0
1019 0.0
1020 0.14450867052
1021 0.14450867052
1022 0.14450867052
1023 0.14450867052
1024 0.14450867052
1025 0.14450867052
1026 0.14450867052
1027 0.14450867052
1028 0.14450867052
1029 0.14450867052
1030 0.14450867052
1031 0.14450867052
1032 0.14450867052
1033 0.14450867052
1034 0.14450867052
1035 0.14450867052
1036 0.14450867052
1037 0.28901734104
1038 0.28901734104
1039 0.28901734104
1040 0.14450867052
1041 0.14450867052
1042 0.14450867052
1043 0.14450867052
1044 0.14450867052
1045 0.14450867052
1046 0.14450867052
1047 0.14450867052
1048 0.14450867052
1049 0.14450867052
1050 0.14450867052
1051 0.14450867052
1052 0.14450867052
1053 0.14450867052
1054 0.14450867052
1055 0.14450867052
1056 0.14450867052
1057 0.0
1058 0.0
1059 0.0
1060 0.0
1061 0.0
1062 0.0
1063 0.0
1064 0.0
1065 0.0
1066 0.0
1067 0.0
1068 0.0
1069 0.0
1070 0.0
1071 0.0
1072 0.0
1073 0.0
1074 0.0
1075 0.0
1076 0.0
1077 0.0
1078 0.0
1079 0.0
1080 0.0
1081 0.0
1082 0.0
1083 0.0
1084 0.0
1085 0.0
1086 0.0
1087 0.0
1088 0.0
1089 0.0
1090 0.0
1091 0.0
1092 0.0
1093 0.0
1094 0.0
1095 0.0
1096 0.0
1097 0.0
1098 0.0
1099 0.0
1100 0.0
1101 0.0
1102 0.0
1103 0.0
1104 0.14450867052
1105 0.14450867052
1106 0.28901734104
1107 0.28901734104
1108 0.28901734104
1109 0.28901734104
1110 0.28901734104
1111 0.28901734104
1112 0.28901734104
1113 0.28901734104
1114 0.28901734104
1115 0.28901734104
1116 0.28901734104
1117 0.28901734104
1118 0.28901734104
1119 0.28901734104
1120 0.28901734104
1121 0.28901734104
1122 0.28901734104
1123 0.28901734104
1124 0.14450867052
1125 0.14450867052
1126 0.0
1127 0.0
1128 0.0
1129 0.0
1130 0.0
1131 0.0
1132 0.0
1133 0.0
1134 0.0
1135 0.0
1136 0.0
1137 0.0
1138 0.0
1139 0.0
1140 0.0
1141 3.46820809249
1142 3.46820809249
1143 3.46820809249
1144 3.46820809249
1145 3.46820809249
1146 3.46820809249
1147 3.75722543353
1148 3.75722543353
1149 3.90173410405
1150 3.90173410405
1151 3.90173410405
1152 3.90173410405
1153 3.90173410405
1154 3.90173410405
1155 3.90173410405
1156 3.90173410405
1157 3.90173410405
1158 3.90173410405
1159 3.90173410405
1160 3.90173410405
1161 0.433526011561
1162 0.433526011561
1163 0.433526011561
1164 0.433526011561
1165 0.433526011561
1166 0.433526011561
1167 0.14450867052
1168 0.14450867052
1169 0.0
1170 0.0
1171 0.0
1172 0.0
1173 2.60115606936
1174 2.60115606936
1175 2.60115606936
1176 2.60115606936
1177 2.60115606936
1178 2.60115606936
1179 2.60115606936
1180 2.60115606936
1181 2.60115606936
1182 2.60115606936
1183 2.60115606936
1184 2.60115606936
1185 2.60115606936
1186 2.60115606936
1187 2.60115606936
1188 2.60115606936
1189 2.60115606936
1190 2.60115606936
1191 2.60115606936
1192 2.60115606936
1193 0.0
1194 0.0
1195 0.14450867052
1196 0.14450867052
1197 0.14450867052
1198 0.14450867052
1199 0.14450867052
1200 0.14450867052
1201 0.14450867052
1202 0.14450867052
1203 0.14450867052
1204 0.14450867052
1205 0.14450867052
1206 0.14450867052
1207 0.14450867052
1208 0.14450867052
1209 0.14450867052
1210 0.14450867052
1211 0.14450867052
1212 0.14450867052
1213 0.14450867052
1214 0.14450867052
1215 0.0
1216 0.0
1217 0.0
1218 0.0
1219 0.0
1220 0.0
1221 0.0
1222 0.0
1223 0.0
1224 0.0
1225 0.0
1226 0.0
1227 0.0
1228 0.0
1229 0.0
1230 0.0
1231 0.0
1232 0.0
1233 0.0
1234 0.0
1235 0.14450867052
1236 0.14450867052
1237 0.14450867052
1238 0.14450867052
1239 0.14450867052
1240 0.14450867052
1241 0.14450867052
1242 0.14450867052
1243 0.14450867052
1244 0.14450867052
1245 0.14450867052
1246 0.14450867052
1247 0.14450867052
1248 0.14450867052
1249 0.14450867052
1250 0.14450867052
1251 0.14450867052
1252 0.14450867052
1253 0.14450867052
1254 0.14450867052
1255 0.0
1256 0.0
1257 0.0
1258 0.0
1259 0.0
1260 0.0
1261 0.0
1262 0.0
1263 0.0
1264 0.0
1265 0.0
1266 0.0
1267 0.0
1268 0.0
1269 0.0
1270 0.0
1271 0.0
1272 0.0
1273 0.0
1274 0.0
1275 0.0
1276 0.0
1277 0.0
1278 0.0
1279 0.0
1280 0.0
1281 0.0
1282 0.0
1283 0.0
1284 0.0
1285 0.0
1286 0.0
1287 0.0
1288 0.0
1289 0.0
1290 0.0
1291 0.0
1292 0.0
1293 0.0
1294 0.0
1295 0.0
1296 0.0
1297 0.0
1298 0.0
1299 0.0
1300 0.0
1301 0.0
1302 0.0
1303 0.0
1304 0.0
1305 0.0
1306 0.0
1307 0.0
1308 0.0
1309 0.0
1310 0.0
1311 0.0
1312 0.0
1313 0.0
1314 0.0
1315 0.0
1316 0.0
1317 0.0
1318 0.0
1319 0.0
1320 0.0
1321 0.0
1322 0.0
1323 0.0
1324 0.433526011561
1325 0.578034682081
1326 0.578034682081
1327 0.578034682081
1328 0.578034682081
1329 0.578034682081
1330 0.578034682081
1331 0.578034682081
1332 0.578034682081
1333 0.578034682081
1334 0.867052023121
1335 0.867052023121
1336 0.867052023121
1337 0.867052023121
1338 0.867052023121
1339 0.867052023121
1340 0.867052023121
1341 0.867052023121
1342 2.1676300578
1343 2.1676300578
1344 1.73410404624
1345 1.58959537572
1346 1.58959537572
1347 1.58959537572
1348 1.58959537572
1349 1.73410404624
1350 1.73410404624
1351 1.73410404624
1352 8.95953757225
1353 8.95953757225
1354 8.67052023121
1355 8.67052023121
1356 8.67052023121
1357 8.67052023121
1358 8.67052023121
1359 8.67052023121
1360 9.39306358382
1361 9.39306358382
1362 8.09248554913
1363 8.09248554913
1364 8.09248554913
1365 8.09248554913
1366 8.09248554913
1367 8.09248554913
1368 8.09248554913
1369 7.94797687861
1370 7.94797687861
1371 7.94797687861
1372 0.722543352601
1373 0.722543352601
1374 0.722543352601
1375 0.722543352601
1376 0.722543352601
1377 0.722543352601
1378 0.722543352601
1379 0.722543352601
1380 0.0
1381 0.0
1382 0.0
1383 0.0
1384 0.0
1385 0.0
1386 0.0
1387 0.0
1388 0.0
1389 0.0
1390 0.0
1391 0.0
1392 0.0
1393 0.0
1394 0.0
1395 0.0
1396 0.0
1397 0.0
1398 0.0
1399 0.0
1400 0.0
1401 0.0
1402 0.0
1403 0.0
1404 0.0
1405 0.0
1406 0.0
1407 0.0
1408 0.0
1409 0.0
1410 0.0
1411 0.0
1412 0.0
1413 0.0
1414 0.0
1415 0.0
1416 0.0
1417 0.0
1418 0.0
1419 0.0
1420 0.0
1421 0.0
1422 0.0
1423 0.0
1424 0.0
1425 0.0
1426 0.0
1427 0.0
1428 0.0
1429 0.0
1430 0.0
1431 0.0
1432 0.0
1433 0.0
1434 0.0
1435 0.0
1436 0.0
1437 0.0
1438 0.0
1439 0.0
1440 0.0
1441 0.0
1442 0.0
1443 0.0
1444 0.0
1445 0.0
1446 0.0
1447 0.0
1448 0.0
1449 0.0
1450 0.0
1451 0.0
1452 0.0
1453 0.0
1454 0.0
1455 0.0
1456 0.0
1457 0.0
1458 0.0
1459 0.0
1460 0.0
1461 0.0
1462 0.0
1463 0.0
1464 0.0
1465 0.0
1466 0.0
1467 0.0
1468 0.0
1469 0.0
1470 0.0
1471 0.0
1472 0.0
1473 0.0
1474 0.0
1475 0.0
1476 0.0
1477 0.0
1478 0.0
1479 0.0
1480 0.14450867052
1481 0.14450867052
1482 0.14450867052
1483 0.14450867052
1484 0.14450867052
1485 0.14450867052
1486 0.14450867052
1487 0.14450867052
1488 0.14450867052
1489 0.14450867052
1490 0.14450867052
1491 0.14450867052
1492 0.14450867052
1493 0.14450867052
1494 0.14450867052
1495 0.14450867052
1496 0.14450867052
1497 0.14450867052
1498 0.14450867052
1499 0.14450867052
1500 0.0
1501 0.0
1502 0.0
1503 0.0
1504 0.0
1505 0.0
1506 0.0
1507 0.0
1508 0.0
1509 0.0
1510 0.0
1511 0.0
1512 0.0
1513 0.0
1514 0.0
1515 0.0
1516 0.0
1517 0.0
1518 0.0
1519 0.0
1520 0.0
1521 0.0
1522 0.0
1523 0.0
1524 0.0
1525 0.0
1526 0.0
1527 0.0
1528 0.0
1529 0.0
1530 0.0
1531 0.0
1532 0.0
1533 0.0
1534 0.0
1535 0.0
1536 0.0
1537 0.0
1538 0.0
1539 0.0
1540 0.0
1541 0.0
1542 0.0
1543 0.0
1544 0.0
1545 0.0
1546 0.0
1547 0.0
1548 0.0
1549 0.0
1550 0.0
1551 0.0
1552 0.0
1553 0.0
1554 0.0
1555 0.0
1556 0.0
1557 0.0
1558 0.0
1559 0.0
1560 0.0
1561 0.0
1562 0.0
1563 0.0
1564 0.0
1565 0.0
1566 0.0
1567 0.0
1568 0.0
1569 0.0
1570 0.0
1571 0.0
1572 0.0
1573 0.0
1574 0.0
1575 0.0
1576 0.0
1577 0.0
1578 0.0
1579 0.0
1580 0.0
1581 0.0
1582 0.0
1583 0.0
1584 0.0
1585 0.0
1586 0.0
1587 0.0
1588 0.0
1589 0.0
1590 0.0
1591 0.0
1592 0.0
1593 0.0
1594 0.0
1595 0.0
1596 0.0
1597 0.0
1598 0.0
1599 0.0
1600 0.0
1601 0.0
1602 0.0
1603 0.0
1604 0.0
1605 0.0
1606 0.0
1607 0.0
1608 0.0
1609 0.0
1610 0.0
1611 0.0
1612 0.0
1613 0.0
1614 0.0
1615 0.0
1616 0.0
1617 0.0
1618 0.0
1619 0.0
1620 0.0
1621 0.0
1622 0.0
1623 0.0
1624 0.0
1625 0.0
1626 0.0
1627 0.0
1628 0.0
1629 0.0
1630 0.0
1631 0.0
1632 0.0
1633 0.0
1634 0.0
1635 0.0
1636 0.0
1637 0.14450867052
1638 0.14450867052
1639 0.14450867052
1640 0.14450867052
1641 0.14450867052
1642 0.14450867052
1643 0.14450867052
1644 0.14450867052
1645 0.14450867052
1646 0.14450867052
1647 0.14450867052
1648 0.14450867052
1649 0.14450867052
1650 0.14450867052
1651 0.14450867052
1652 0.14450867052
1653 0.14450867052
1654 0.14450867052
1655 0.14450867052
1656 0.14450867052
1657 0.0
1658 0.0
1659 0.0
1660 0.0
1661 0.0
1662 0.0
1663 0.0
1664 0.0
1665 0.0
1666 0.0
1667 0.0
1668 0.0
1669 0.0
1670 0.0
1671 0.0
1672 0.0
1673 0.0
1674 0.0
1675 0.0
1676 0.0
1677 0.0
1678 0.0
1679 0.0
1680 0.0
1681 0.0
1682 0.14450867052
1683 0.14450867052
1684 0.14450867052
1685 0.14450867052
1686 0.14450867052
1687 0.14450867052
1688 0.14450867052
1689 0.14450867052
1690 0.14450867052
1691 0.14450867052
1692 0.14450867052
1693 0.14450867052
1694 0.14450867052
1695 0.14450867052
1696 0.14450867052
1697 0.578034682081
1698 0.578034682081
1699 0.578034682081
1700 0.578034682081
1701 0.578034682081
1702 0.433526011561
1703 0.433526011561
1704 0.433526011561
1705 0.433526011561
1706 0.433526011561
1707 0.433526011561
1708 0.433526011561
1709 0.433526011561
1710 0.433526011561
1711 0.433526011561
1712 0.433526011561
1713 0.578034682081
1714 0.578034682081
1715 0.578034682081
1716 0.578034682081
1717 0.14450867052
1718 0.14450867052
1719 0.14450867052
1720 0.14450867052
1721 0.14450867052
1722 0.14450867052
1723 0.14450867052
1724 0.14450867052
1725 0.14450867052
1726 0.14450867052
1727 0.14450867052
1728 0.14450867052
1729 0.14450867052
1730 0.578034682081
1731 0.578034682081
1732 0.578034682081
1733 0.433526011561
1734 0.433526011561
1735 0.433526011561
1736 0.433526011561
1737 0.433526011561
1738 0.433526011561
1739 0.433526011561
1740 0.433526011561
1741 0.433526011561
1742 0.433526011561
1743 0.433526011561
1744 0.433526011561
1745 0.433526011561
1746 0.433526011561
1747 0.433526011561
1748 0.433526011561
1749 0.433526011561
1750 0.0
1751 0.0
1752 0.0
1753 0.0
1754 0.0
1755 0.0
1756 0.0
1757 0.0
1758 0.0
1759 0.0
1760 0.0
1761 0.0
1762 0.0
1763 0.0
1764 0.0
1765 0.0
1766 0.0
1767 0.0
1768 0.0
1769 0.0
1770 0.0
1771 0.0
1772 0.0
1773 0.0
1774 0.0
1775 0.0
1776 0.0
1777 0.0
1778 0.0
1779 0.0
1780 0.0
1781 0.0
1782 0.0
1783 0.0
1784 0.0
1785 0.0
1786 0.0
1787 0.0
1788 0.0
1789 0.0
1790 0.0
1791 0.0
1792 0.0
1793 0.0
1794 0.0
1795 0.0
1796 0.0
1797 0.0
1798 0.0
1799 0.0
1800 0.0
1801 0.0
1802 0.0
1803 0.0
1804 0.0
1805 0.0
1806 0.0
1807 0.0
1808 0.0
1809 0.0
1810 0.0
1811 0.0
1812 0.0
1813 0.0
1814 0.0
1815 0.0
1816 0.0
1817 0.0
1818 0.0
1819 0.0
1820 0.0
1821 0.0
1822 0.0
1823 0.0
1824 0.0
1825 0.0
1826 0.0
1827 0.0
1828 0.0
1829 0.0
1830 0.0
1831 0.0
1832 0.0
1833 0.0
1834 0.0
1835 0.0
1836 0.0
1837 0.0
1838 0.0
1839 0.0
1840 0.0
1841 0.0
1842 0.0
1843 0.0
1844 0.0
1845 0.0
1846 0.0
1847 0.0
1848 0.0
1849 0.0
1850 0.0
1851 0.0
1852 0.0
1853 0.0
1854 0.0
1855 0.0
1856 0.0
1857 0.0
1858 0.0
1859 0.0
1860 0.0
1861 0.0
1862 0.0
1863 0.0
1864 0.0
1865 0.0
1866 0.0
1867 0.0
1868 0.0
1869 0.0
1870 0.0
1871 0.0
1872 0.0
1873 0.0
1874 0.0
1875 0.0
1876 0.0
1877 0.0
1878 0.0
1879 0.0
1880 0.0
1881 0.0
1882 0.0
1883 0.0
1884 0.0
1885 0.0
1886 0.0
1887 0.0
1888 0.0
1889 0.0
1890 0.0
1891 0.0
1892 0.0
1893 0.0
1894 0.0
1895 0.0
1896 0.0
1897 0.0
1898 0.0
1899 0.0
1900 0.0
1901 0.0
1902 0.0
1903 0.0
1904 0.0
1905 0.0
1906 0.0
1907 0.0
1908 0.0
1909 0.0
1910 0.0
1911 0.0
1912 0.0
1913 0.0
1914 0.0
1915 0.0
1916 0.0
1917 0.0
1918 0.0
1919 0.0
1920 0.0
1921 0.0
1922 0.0
1923 0.0
1924 0.0
1925 0.0
1926 0.0
1927 0.0
1928 0.0
1929 0.0
1930 0.0
1931 0.0
1932 0.0
1933 0.0
1934 0.0
1935 0.0
1936 0.0
1937 0.0
1938 0.0
1939 0.0
1940 0.0
1941 0.0
1942 0.0
1943 0.0
1944 0.0
1945 0.0
1946 0.0
1947 0.0
1948 0.0
1949 0.0
1950 0.0
1951 0.0
1952 0.0
1953 0.0
1954 0.0
1955 0.0
1956 0.0
1957 0.0
1958 0.0
1959 0.0
1960 0.0
1961 0.0
1962 0.0
1963 0.0
1964 0.0
1965 0.0
1966 0.0
1967 0.0
1968 0.0
1969 0.0
1970 0.0
1971 0.0
1972 0.0
1973 0.0
1974 0.0
1975 0.0
1976 0.0
1977 0.0
1978 0.0
1979 0.0
1980 0.0
1981 0.0
1982 0.0
1983 0.0
1984 0.0
1985 0.0
1986 0.0
1987 0.0
1988 0.0
1989 0.0
1990 0.0
1991 0.0
1992 0.0
1993 0.0
1994 0.0
1995 0.0
1996 0.0
1997 0.0
1998 0.0
1999 0.0
2000 0.0
2001 0.0
2002 0.0
2003 0.0
2004 0.0
2005 0.0
2006 0.0
2007 0.0
2008 0.0
2009 0.0
2010 0.0
2011 0.0
2012 0.0
2013 0.0
2014 0.0
2015 0.14450867052
2016 0.14450867052
2017 0.14450867052
2018 0.14450867052
2019 0.14450867052
2020 0.14450867052
2021 0.14450867052
2022 0.14450867052
2023 0.433526011561
2024 0.433526011561
2025 0.433526011561
2026 0.433526011561
2027 0.433526011561
2028 0.433526011561
2029 0.433526011561
2030 0.433526011561
2031 0.433526011561
2032 0.433526011561
2033 0.433526011561
2034 0.433526011561
2035 0.28901734104
2036 0.28901734104
2037 0.28901734104
2038 0.28901734104
2039 0.28901734104
2040 0.28901734104
2041 0.28901734104
2042 0.28901734104
2043 0.0
2044 0.0
2045 0.0
2046 0.0
2047 0.14450867052
2048 0.14450867052
2049 0.14450867052
2050 0.14450867052
2051 0.14450867052
2052 0.14450867052
2053 0.14450867052
2054 0.14450867052
2055 0.14450867052
2056 0.14450867052
2057 0.14450867052
2058 0.14450867052
2059 0.14450867052
2060 0.14450867052
2061 0.14450867052
2062 0.14450867052
2063 0.14450867052
2064 0.14450867052
2065 0.14450867052
2066 0.578034682081
2067 0.433526011561
2068 0.433526011561
2069 0.578034682081
2070 0.578034682081
2071 0.578034682081
2072 6.06936416185
2073 6.06936416185
2074 6.06936416185
2075 6.06936416185
2076 6.06936416185
2077 6.06936416185
2078 8.95953757225
2079 8.95953757225
2080 8.95953757225
2081 8.95953757225
2082 8.95953757225
2083 8.95953757225
2084 8.95953757225
2085 8.95953757225
2086 8.52601156069
2087 8.52601156069
2088 8.52601156069
2089 8.38150289017
2090 8.38150289017
2091 8.38150289017
2092 2.8901734104
2093 2.8901734104
2094 2.8901734104
2095 2.8901734104
2096 2.8901734104
2097 2.8901734104
2098 0.0
2099 0.0
2100 0.0
2101 0.0
2102 0.0
2103 0.0
2104 0.0
2105 0.0
2106 0.0
2107 0.0
2108 0.0
2109 0.0
2110 0.0
2111 0.0
2112 0.0
2113 0.0
2114 0.0
2115 0.0
2116 0.0
2117 0.0
2118 0.0
2119 0.0
2120 0.0
2121 0.0
2122 0.0
2123 0.0
2124 0.0
2125 0.0
2126 0.0
2127 0.0
2128 0.0
2129 0.0
2130 0.0
2131 0.0
2132 0.0
2133 0.0
2134 0.0
2135 0.0
2136 0.0
2137 0.0
2138 0.0
2139 0.0
2140 0.0
2141 0.0
2142 0.0
2143 0.0
2144 0.0
2145 0.0
2146 0.0
2147 0.0
2148 0.0
2149 0.0
2150 0.0
2151 0.0
2152 0.0
2153 0.0
2154 0.0
2155 0.14450867052
2156 0.14450867052
2157 0.14450867052
2158 0.14450867052
2159 0.14450867052
2160 0.14450867052
2161 0.14450867052
2162 0.14450867052
2163 0.14450867052
2164 0.14450867052
2165 0.14450867052
2166 0.14450867052
2167 0.14450867052
2168 0.14450867052
2169 0.14450867052
2170 0.14450867052
2171 0.14450867052
2172 0.14450867052
2173 0.14450867052
2174 0.14450867052
2175 0.0
2176 0.0
2177 0.0
2178 0.0
2179 0.0
2180 0.0
2181 0.0
2182 0.0
2183 0.0
2184 0.0
2185 0.0
2186 0.0
2187 0.0
2188 0.0
2189 0.0
2190 0.0
2191 0.0
2192 0.0
2193 0.0
2194 0.0
2195 0.0
2196 0.0
2197 0.0
2198 0.0
2199 0.0
2200 0.0
2201 0.0
2202 0.0
2203 0.0
2204 0.0
2205 0.0
2206 0.0
2207 0.0
2208 0.0
2209 0.0
2210 0.0
2211 0.0
2212 0.0
2213 0.0
2214 0.0
2215 0.0
2216 0.0
2217 0.0
2218 0.0
2219 0.0
2220 0.0
2221 0.0
2222 0.0
2223 0.0
2224 0.0
2225 0.0
2226 0.0
2227 0.0
2228 0.0
2229 0.0
2230 0.0
2231 0.0
2232 0.0
2233 0.0
2234 0.433526011561
2235 0.433526011561
2236 0.433526011561
2237 0.433526011561
2238 0.433526011561
2239 0.433526011561
2240 0.433526011561
2241 0.433526011561
2242 0.433526011561
2243 0.433526011561
2244 0.433526011561
2245 0.433526011561
2246 0.433526011561
2247 0.433526011561
2248 0.433526011561
2249 0.433526011561
2250 0.433526011561
2251 0.433526011561
2252 0.433526011561
2253 0.433526011561
2254 0.0
2255 0.0
2256 0.0
2257 0.0
2258 0.0
2259 0.0
2260 0.0
2261 0.0
2262 0.0
2263 0.0
2264 0.0
2265 0.0
2266 0.0
2267 0.0
2268 0.0
2269 0.0
2270 0.0
2271 0.0
2272 0.0
2273 0.0
2274 0.0
2275 0.0
2276 0.0
2277 0.0
2278 0.0
2279 0.0
2280 0.0
2281 0.0
2282 0.0
2283 0.0
2284 0.0
2285 0.0
2286 0.0
2287 0.0
2288 0.0
2289 0.0
2290 0.0
2291 0.0
2292 0.0
2293 0.0
2294 0.0
2295 0.0
2296 0.0
2297 0.0
2298 0.0
2299 0.0
2300 0.0
2301 0.0
2302 0.0
2303 0.0
2304 0.0
2305 0.0
2306 0.0
2307 0.0
2308 0.0
2309 0.0
2310 0.0
2311 0.0
2312 0.0
2313 0.0
2314 0.0
2315 0.0
2316 0.0
2317 0.0
2318 0.0
2319 0.0
2320 0.0
2321 0.0
2322 0.0
2323 0.433526011561
2324 0.433526011561
2325 0.433526011561
2326 0.433526011561
2327 0.433526011561
2328 0.433526011561
2329 0.433526011561
2330 0.433526011561
2331 0.433526011561
2332 0.433526011561
2333 0.433526011561
2334 0.433526011561
2335 0.433526011561
2336 0.433526011561
2337 0.433526011561
2338 0.433526011561
2339 0.433526011561
2340 0.433526011561
2341 0.433526011561
2342 0.433526011561
2343 0.0
2344 0.0
2345 0.722543352601
2346 0.722543352601
2347 0.722543352601
2348 0.722543352601
2349 0.722543352601
2350 0.722543352601
2351 0.722543352601
2352 0.722543352601
2353 0.722543352601
2354 0.722543352601
2355 1.01156069364
2356 1.4450867052
2357 1.4450867052
2358 1.4450867052
2359 1.4450867052
2360 1.4450867052
2361 1.4450867052
2362 1.4450867052
2363 1.4450867052
2364 1.4450867052
2365 0.722543352601
2366 0.722543352601
2367 0.722543352601
2368 0.722543352601
2369 0.722543352601
2370 0.722543352601
2371 0.722543352601
2372 0.722543352601
2373 0.722543352601
2374 0.722543352601
2375 0.433526011561
2376 0.0
2377 0.0
2378 0.0
2379 0.0
2380 0.0
2381 0.0
2382 0.0
2383 0.0
2384 0.0
2385 0.0
2386 0.0
2387 0.0
2388 0.0
2389 0.0
2390 0.0
2391 0.0
2392 0.0
2393 0.0
2394 0.0
2395 0.0
2396 0.0
2397 0.0
2398 0.0
2399 0.0
2400 0.0
2401 0.0
2402 0.0
2403 0.0
2404 0.0
2405 0.0
2406 0.0
2407 0.0
2408 0.0
2409 0.0
2410 0.0
2411 0.0
2412 0.0
2413 0.0
2414 0.0
2415 0.0
2416 0.0
2417 0.0
2418 0.0
2419 0.0
2420 0.0
2421 0.0
2422 0.0
2423 0.0
2424 0.0
2425 0.0
2426 0.0
2427 0.0
2428 0.0
2429 0.0
2430 0.0
2431 0.0
2432 0.0
2433 0.0
2434 0.0
2435 0.0
2436 0.0
2437 0.0
2438 0.0
2439 0.0
2440 0.0
2441 0.0
2442 0.0
2443 0.0
2444 0.0
2445 0.0
2446 0.0
2447 0.0
2448 0.0
2449 0.0
2450 0.0
2451 0.0
2452 0.0
2453 0.0
2454 0.0
2455 0.0
2456 0.0
2457 0.0
2458 0.0
2459 0.0
2460 0.0
2461 0.0
2462 0.0
2463 0.0
2464 0.0
2465 0.0
2466 0.0
2467 0.0
2468 0.0
2469 0.0
2470 0.0
2471 0.0
2472 0.0
2473 0.0
2474 0.0
2475 0.0
2476 0.0
2477 0.0
2478 0.0
2479 0.0
2480 0.0
2481 0.0
2482 0.0
2483 0.0
2484 0.0
2485 0.0
2486 0.0
2487 0.0
2488 0.0
2489 0.0
2490 0.0
2491 0.0
2492 0.0
2493 0.0
2494 0.0
2495 0.0
2496 0.0
2497 0.0
2498 0.0
2499 0.0
2500 0.0
2501 0.0
2502 0.0
2503 0.0
2504 0.0
2505 0.0
2506 0.0
2507 0.0
2508 0.0
2509 0.0
2510 0.0
2511 0.0
2512 0.0
2513 0.0
2514 0.0
2515 0.0
2516 0.0
2517 0.0
2518 0.0
2519 0.0
2520 0.0
2521 0.0
2522 0.722543352601
2523 1.58959537572
2524 2.45664739884
2525 3.32369942197
2526 3.32369942197
2527 3.46820809249
2528 3.46820809249
2529 3.46820809249
2530 3.46820809249
2531 3.46820809249
2532 3.46820809249
2533 3.46820809249
2534 3.46820809249
2535 3.46820809249
2536 3.75722543353
2537 3.75722543353
2538 3.75722543353
2539 3.90173410405
2540 3.90173410405
2541 3.90173410405
2542 3.17919075145
2543 2.31213872832
2544 1.4450867052
2545 0.578034682081
2546 0.578034682081
2547 0.433526011561
2548 0.433526011561
2549 0.433526011561
2550 0.433526011561
2551 0.433526011561
2552 0.433526011561
2553 0.433526011561
2554 0.433526011561
2555 0.433526011561
2556 0.14450867052
2557 0.14450867052
2558 0.14450867052
2559 0.0
2560 0.0
2561 0.14450867052
2562 0.14450867052
2563 0.14450867052
2564 0.14450867052
2565 0.14450867052
2566 0.14450867052
2567 0.14450867052
2568 0.14450867052
2569 0.14450867052
2570 0.14450867052
2571 0.14450867052
2572 0.14450867052
2573 0.14450867052
2574 0.14450867052
2575 0.14450867052
2576 0.14450867052
2577 0.14450867052
2578 0.14450867052
2579 0.14450867052
2580 0.14450867052
2581 0.0
2582 0.0
2583 0.0
2584 0.0
2585 0.0
2586 0.0
2587 0.0
2588 0.0
2589 0.0
2590 0.0
2591 0.0
2592 0.0
2593 0.0
2594 0.0
2595 0.0
2596 0.0
2597 0.0
2598 0.0
2599 0.0
2600 0.0
2601 0.0
2602 0.0
2603 0.0
2604 0.0
2605 0.0
2606 0.0
2607 0.0
2608 0.0
2609 0.0
2610 0.0
2611 0.0
2612 0.0
2613 0.0
2614 0.0
2615 0.0
2616 0.0
2617 0.0
2618 0.0
2619 0.0
2620 0.0
2621 0.0
2622 0.0
2623 0.0
2624 0.0
2625 0.0
2626 0.0
2627 0.0
2628 0.0
2629 0.0
2630 0.0
2631 0.0
2632 0.0
2633 0.0
2634 0.0
2635 0.0
2636 0.0
2637 0.0
2638 0.0
2639 0.0
2640 0.0
2641 0.0
2642 0.0
2643 0.0
2644 0.0
2645 0.0
2646 0.0
2647 0.0
2648 0.0
2649 0.0
2650 0.0
2651 0.0
2652 0.0
2653 0.0
2654 0.0
2655 0.0
2656 0.0
2657 0.0
2658 0.0
2659 0.0
2660 0.0
2661 0.0
2662 0.0
2663 0.0
2664 0.0
2665 0.0
2666 0.0
2667 0.0
2668 0.0
2669 0.0
2670 0.0
2671 0.0
2672 0.0
2673 0.0
2674 0.0
2675 0.0
2676 0.0
2677 0.0
2678 0.0
2679 0.0
2680 0.0
2681 0.0
2682 0.0
2683 0.0
2684 0.0
2685 0.0
2686 0.0
2687 0.0
2688 0.0
2689 0.0
2690 0.0
2691 0.0
2692 0.0
2693 0.0
2694 0.0
2695 0.0
2696 0.0
2697 0.0
2698 0.0
2699 0.0
2700 0.0
2701 0.0
2702 0.0
2703 0.0
2704 0.0
2705 0.0
2706 0.0
2707 0.0
2708 0.0
2709 0.0
2710 0.0
2711 0.0
2712 0.0
2713 0.0
2714 0.0
2715 0.0
2716 0.0
2717 0.0
2718 0.0
2719 0.0
2720 0.0
2721 0.0
2722 0.0
2723 0.0
2724 0.578034682081
2725 0.578034682081
2726 0.578034682081
2727 0.578034682081
2728 0.578034682081
2729 0.578034682081
2730 0.578034682081
2731 0.578034682081
2732 0.578034682081
2733 0.578034682081
2734 0.578034682081
2735 0.578034682081
2736 0.578034682081
2737 0.578034682081
2738 0.578034682081
2739 0.578034682081
2740 0.578034682081
2741 0.578034682081
2742 0.578034682081
2743 0.578034682081
2744 0.0
2745 0.0
2746 0.0
2747 0.0
2748 0.0
2749 0.0
2750 0.0
2751 0.0
2752 0.0
2753 0.0
2754 0.0
2755 0.14450867052
2756 0.14450867052
2757 0.14450867052
2758 0.722543352601
2759 0.722543352601
2760 0.722543352601
2761 0.722543352601
2762 2.45664739884
2763 2.45664739884
2764 2.45664739884
2765 2.45664739884
2766 2.45664739884
2767 2.45664739884
2768 2.45664739884
2769 2.45664739884
2770 2.45664739884
2771 2.45664739884
2772 2.45664739884
2773 2.45664739884
2774 2.45664739884
2775 2.31213872832
2776 2.31213872832
2777 2.31213872832
2778 1.73410404624
2779 2.60115606936
2780 2.60115606936
2781 2.60115606936
2782 0.867052023121
2783 0.867052023121
2784 0.867052023121
2785 0.867052023121
2786 0.867052023121
2787 0.867052023121
2788 0.867052023121
2789 0.867052023121
2790 0.867052023121
2791 0.867052023121
2792 0.867052023121
2793 0.867052023121
2794 0.867052023121
2795 0.867052023121
2796 0.867052023121
2797 0.867052023121
2798 0.867052023121
2799 0.0
2800 0.0
2801 0.0
2802 0.0
2803 0.0
2804 0.0
2805 0.0
2806 0.0
2807 0.0
2808 0.0
2809 0.0
2810 0.0
2811 0.0
2812 0.0
2813 0.0
2814 0.0
2815 0.0
2816 0.0
2817 0.0
2818 0.0
2819 0.0
2820 0.0
2821 0.0
2822 0.0
2823 0.0
2824 0.0
2825 0.0
2826 0.0
2827 0.0
2828 0.0
2829 0.0
2830 0.0
2831 0.0
2832 0.0
2833 0.0
2834 0.0
2835 0.0
2836 0.0
2837 0.0
2838 0.0
2839 0.0
2840 0.0
2841 0.0
2842 0.0
2843 0.0
2844 0.0
2845 0.0
2846 0.0
2847 0.0
2848 0.0
2849 0.0
2850 0.0
2851 0.0
2852 0.0
2853 0.0
2854 0.0
2855 0.0
2856 0.0
2857 0.0
2858 0.0
2859 0.0
2860 0.0
2861 0.0
2862 0.0
2863 0.0
2864 0.0
2865 0.0
2866 0.0
2867 0.0
2868 0.0
2869 0.0
2870 0.0
2871 0.0
2872 0.0
2873 0.0
2874 0.0
2875 0.0
2876 0.0
2877 0.0
2878 0.0
2879 0.0
2880 0.0
2881 0.0
2882 0.0
2883 0.0
2884 0.0
2885 0.0
2886 0.0
2887 0.0
2888 0.0
2889 0.0
2890 0.0
2891 0.0
2892 0.0
2893 0.0
2894 0.0
2895 0.0
2896 0.0
2897 0.0
2898 0.0
2899 0.0
2900 0.0
2901 0.0
2902 0.0
2903 0.0
2904 0.0
2905 0.0
2906 0.0
2907 0.0
2908 0.0
2909 0.0
2910 0.0
2911 0.0
2912 0.0
2913 0.0
2914 0.0
2915 0.0
2916 0.14450867052
2917 0.14450867052
2918 0.14450867052
2919 0.14450867052
2920 0.14450867052
2921 0.14450867052
2922 0.14450867052
2923 0.28901734104
2924 0.28901734104
2925 0.28901734104
2926 0.28901734104
2927 0.28901734104
2928 0.28901734104
2929 0.28901734104
2930 0.28901734104
2931 0.28901734104
2932 0.28901734104
2933 0.28901734104
2934 0.28901734104
2935 0.28901734104
2936 0.14450867052
2937 0.14450867052
2938 0.14450867052
2939 0.14450867052
2940 0.14450867052
2941 0.14450867052
2942 0.14450867052
2943 0.0
2944 0.0
2945 0.0
2946 0.0
2947 0.0
2948 0.0
2949 0.0
2950 0.0
2951 0.0
2952 0.0
2953 0.0
2954 0.0
2955 0.0
2956 0.0
2957 0.0
2958 0.0
2959 0.0
2960 0.0
2961 0.0
2962 0.0
2963 0.0
2964 0.0
2965 0.0
2966 0.0
2967 0.0
2968 0.0
2969 0.0
2970 0.0
2971 0.0
2972 0.0
2973 0.0
2974 0.0
2975 0.0
2976 0.0
2977 0.0
2978 0.0
2979 0.0
2980 0.0
2981 0.0
2982 0.0
2983 0.0
2984 0.0
2985 0.0
2986 0.0
2987 0.0
2988 0.0
2989 0.0
2990 0.0
2991 0.0
2992 0.0
2993 0.0
2994 0.0
2995 0.0
2996 0.0
2997 0.0
2998 0.0
2999 0.0
3000 0.0
3001 0.0
3002 0.0
3003 0.0
3004 0.0
3005 0.0
3006 0.0
3007 0.0
3008 0.0
3009 0.0
3010 0.0
3011 0.0
3012 0.0
3013 0.0
3014 0.0
3015 0.0
3016 0.0
3017 0.0
3018 0.0
3019 0.0
3020 0.0
3021 0.0
3022 0.0
3023 0.0
3024 0.14450867052
3025 0.14450867052
3026 0.14450867052
3027 0.14450867052
3028 0.14450867052
3029 0.14450867052
3030 0.14450867052
3031 0.14450867052
3032 0.14450867052
3033 0.14450867052
3034 0.14450867052
3035 0.14450867052
3036 0.14450867052
3037 0.14450867052
3038 0.14450867052
3039 0.14450867052
3040 0.14450867052
3041 0.14450867052
3042 0.14450867052
3043 0.14450867052
3044 0.0
3045 0.0
3046 0.0
3047 0.0
3048 0.0
3049 0.0
3050 0.0
3051 0.0
3052 0.0
3053 0.0
3054 0.0
3055 0.0
3056 0.0
3057 0.0
3058 0.0
3059 0.0
3060 0.0
3061 0.0
3062 0.0
3063 0.0
3064 0.0
3065 0.0
3066 0.0
3067 0.0
3068 0.0
3069 0.0
3070 0.0
3071 0.0
3072 0.0
3073 0.0
3074 0.0
3075 0.0
3076 0.0
3077 0.0
3078 0.0
3079 0.0
3080 0.0
3081 0.0
3082 0.0
3083 0.0
3084 0.0
3085 0.0
3086 0.0
3087 0.0
3088 0.0
3089 0.0
3090 0.0
3091 0.0
3092 0.0
3093 0.0
3094 0.0
3095 0.28901734104
3096 0.28901734104
3097 0.28901734104
3098 0.28901734104
3099 0.28901734104
3100 0.28901734104
3101 0.28901734104
3102 0.28901734104
3103 0.28901734104
3104 0.28901734104
3105 0.28901734104
3106 0.28901734104
3107 0.28901734104
3108 0.28901734104
3109 0.28901734104
3110 0.28901734104
3111 0.28901734104
3112 0.28901734104
3113 0.28901734104
3114 0.28901734104
3115 0.0
3116 0.0
3117 0.0
3118 0.0
3119 0.0
3120 0.0
3121 0.0
3122 0.0
3123 0.0
3124 0.0
3125 0.0
3126 0.0
3127 0.0
3128 0.0
3129 0.0
3130 0.0
3131 0.0
3132 0.0
3133 0.0
3134 0.0
3135 0.0
3136 0.0
3137 0.0
3138 0.0
3139 0.0
3140 0.0
3141 0.0
3142 0.0
3143 0.0
3144 0.0
3145 0.0
3146 0.0
3147 0.0
3148 0.0
3149 0.0
3150 0.0
3151 0.0
3152 0.0
3153 0.0
3154 0.0
3155 0.0
3156 0.0
3157 0.0
3158 0.0
3159 0.0
3160 0.0
3161 0.0
3162 0.0
3163 0.0
3164 0.0
3165 0.0
3166 0.0
3167 0.0
3168 0.0
3169 0.0
3170 0.0
3171 0.0
3172 0.0
3173 0.0
3174 0.0
3175 0.0
3176 0.0
3177 0.0
3178 0.0
3179 0.0
3180 0.0
3181 0.0
3182 0.0
3183 0.0
3184 0.0
3185 0.0
3186 0.0
3187 0.0
3188 0.0
3189 0.0
3190 0.0
3191 0.0
3192 0.0
3193 0.0
3194 0.0
3195 0.0
3196 0.0
3197 0.0
3198 0.0
3199 0.0
3200 0.0
3201 0.0
3202 0.0
3203 0.0
3204 0.0
3205 0.0
3206 0.0
3207 0.0
3208 0.0
3209 0.0
3210 0.0
3211 0.0
3212 0.0
3213 0.0
3214 0.0
3215 0.0
3216 0.0
3217 0.0
3218 0.0
3219 0.0
3220 0.0
3221 0.0
3222 0.0
3223 0.0
3224 0.0
3225 0.0
3226 0.0
3227 0.0
3228 0.0
3229 0.0
3230 0.0
3231 0.0
3232 0.0
3233 0.0
3234 0.0
3235 0.0
3236 0.0
3237 0.0
3238 0.0
3239 0.0
3240 0.0
3241 0.0
3242 0.0
3243 0.0
3244 0.0
3245 0.0
3246 0.0
3247 0.0
3248 0.0
3249 0.0
3250 0.0
3251 0.0
3252 0.0
3253 0.0
3254 0.0
3255 0.14450867052
3256 0.14450867052
3257 0.14450867052
3258 0.14450867052
3259 0.14450867052
3260 0.14450867052
3261 0.14450867052
3262 0.14450867052
3263 0.14450867052
3264 0.14450867052
3265 0.14450867052
3266 0.14450867052
3267 0.14450867052
3268 0.14450867052
3269 0.14450867052
3270 0.14450867052
3271 0.14450867052
3272 0.14450867052
3273 0.14450867052
3274 0.14450867052
3275 0.0
3276 0.0
3277 0.0
3278 0.0
3279 0.0
3280 0.0
3281 0.0
3282 0.0
3283 0.0
3284 0.0
3285 0.0
3286 0.0
3287 0.0
3288 0.0
3289 0.0
3290 0.0
3291 0.0
3292 0.0
3293 0.0
3294 0.0
3295 0.0
3296 0.0
3297 0.0
3298 0.0
3299 0.0
3300 0.0
3301 0.0
3302 0.0
3303 0.0
3304 0.0
3305 0.0
3306 0.0
3307 0.0
3308 0.0
3309 0.0
3310 0.0
3311 0.0
3312 0.0
3313 0.0
3314 0.0
3315 0.0
3316 0.0
3317 0.0
3318 0.0
3319 0.0
3320 0.0
3321 0.0
3322 0.0
3323 0.0
3324 0.0
3325 0.0
3326 0.0
3327 0.0
3328 0.0
3329 0.0
3330 0.0
3331 0.0
3332 0.0
3333 0.0
3334 0.0
3335 0.0
3336 0.0
3337 0.0
3338 0.0
3339 0.0
3340 0.0
3341 0.0
3342 0.0
3343 0.0
3344 0.0
3345 0.0
3346 0.0
3347 0.0
3348 0.0
3349 0.0
3350 0.0
3351 0.0
3352 0.0
3353 0.0
3354 0.0
3355 0.0
3356 0.0
3357 0.0
3358 0.0
3359 0.0
3360 0.0
3361 0.0
3362 0.0
3363 0.0
3364 0.0
3365 0.0
3366 0.0
3367 0.0
3368 0.0
3369 0.0
3370 0.0
3371 0.0
3372 0.14450867052
3373 0.14450867052
3374 0.14450867052
3375 0.14450867052
3376 0.14450867052
3377 0.14450867052
3378 0.14450867052
3379 0.14450867052
3380 0.14450867052
3381 0.14450867052
3382 0.14450867052
3383 0.14450867052
3384 0.14450867052
3385 0.14450867052
3386 0.14450867052
3387 0.14450867052
3388 0.14450867052
3389 0.14450867052
3390 0.14450867052
3391 0.14450867052
3392 0.0
3393 0.0
3394 0.0
3395 0.0
3396 0.0
3397 0.0
3398 0.0
3399 0.0
3400 0.0
3401 0.0
3402 0.0
3403 0.0
3404 0.0
3405 0.0
3406 0.0
3407 0.0
3408 0.0
3409 0.0
3410 0.0
3411 0.0
3412 0.0
3413 0.0
3414 0.0
3415 0.0
3416 0.0
3417 0.433526011561
3418 0.433526011561
3419 0.433526011561
3420 0.433526011561
3421 0.433526011561
3422 0.433526011561
3423 0.433526011561
3424 0.433526011561
3425 0.433526011561
3426 0.433526011561
3427 0.433526011561
3428 0.433526011561
3429 0.433526011561
3430 0.433526011561
3431 0.433526011561
3432 0.433526011561
3433 0.433526011561
3434 0.433526011561
3435 0.433526011561
3436 0.433526011561
3437 0.0
3438 0.0
3439 0.0
