0 4.91329479769
1 4.91329479769
2 4.91329479769
3 4.91329479769
4 4.91329479769
5 4.91329479769
6 4.91329479769
7 4.91329479769
8 4.76878612717
9 4.76878612717
10 4.19075144509
11 3.03468208092
12 2.31213872832
13 1.58959537572
14 1.30057803468
15 0.867052023121
16 0.722543352601
17 0.433526011561
18 0.433526011561
19 0.433526011561
20 0.433526011561
21 0.433526011561
22 0.433526011561
23 0.433526011561
24 0.433526011561
25 0.578034682081
26 0.578034682081
27 0.578034682081
28 0.578034682081
29 0.578034682081
30 0.578034682081
31 0.578034682081
32 0.722543352601
33 0.722543352601
34 0.578034682081
35 0.578034682081
36 0.433526011561
37 0.578034682081
38 0.578034682081
39 0.578034682081
40 0.578034682081
41 0.578034682081
42 0.578034682081
43 0.578034682081
44 0.578034682081
45 0.433526011561
46 0.433526011561
47 0.433526011561
48 0.433526011561
49 0.28901734104
50 0.28901734104
51 0.28901734104
52 0.14450867052
53 0.28901734104
54 0.28901734104
55 0.433526011561
56 0.433526011561
57 0.433526011561
58 0.433526011561
59 0.433526011561
60 0.433526011561
61 0.433526011561
62 0.433526011561
63 0.433526011561
64 0.433526011561
65 0.433526011561
66 0.433526011561
67 0.433526011561
68 0.578034682081
69 0.722543352601
70 0.722543352601
71 0.722543352601
72 0.722543352601
73 0.578034682081
74 0.578034682081
75 0.433526011561
76 0.433526011561
77 0.433526011561
78 0.433526011561
79 0.578034682081
80 0.722543352601
81 0.722543352601
82 0.722543352601
83 0.722543352601
84 0.867052023121
85 0.867052023121
86 0.867052023121
87 0.867052023121
88 0.722543352601
89 0.578034682081
90 0.578034682081
91 0.578034682081
92 0.722543352601
93 0.867052023121
94 1.01156069364
95 1.15606936416
96 1.30057803468
97 1.73410404624
98 1.87861271676
99 1.87861271676
100 1.73410404624
101 1.73410404624
102 1.87861271676
103 2.02312138728
104 1.87861271676
105 1.87861271676
106 1.87861271676
107 1.87861271676
108 1.87861271676
109 1.87861271676
110 1.87861271676
111 1.87861271676
112 1.87861271676
113 1.87861271676
114 1.73410404624
115 1.58959537572
116 1.4450867052
117 0.867052023121
118 0.722543352601
119 0.578034682081
120 0.578034682081
121 0.578034682081
122 0.433526011561
123 0.28901734104
124 0.433526011561
125 0.433526011561
126 0.433526011561
127 0.433526011561
128 0.433526011561
129 0.433526011561
130 0.433526011561
131 0.578034682081
132 0.433526011561
133 0.28901734104
134 0.433526011561
135 0.433526011561
136 0.722543352601
137 0.722543352601
138 0.722543352601
139 0.722543352601
140 0.722543352601
141 0.722543352601
142 0.722543352601
143 0.722543352601
144 0.578034682081
145 0.578034682081
146 0.578034682081
147 0.578034682081
148 0.578034682081
149 0.578034682081
150 0.722543352601
151 0.578034682081
152 0.578034682081
153 0.578034682081
154 0.433526011561
155 0.433526011561
156 0.14450867052
157 0.14450867052
158 0.14450867052
159 0.14450867052
160 0.14450867052
161 0.14450867052
162 0.14450867052
163 0.28901734104
164 0.28901734104
165 0.28901734104
166 0.28901734104
167 0.28901734104
168 0.28901734104
169 0.433526011561
170 0.28901734104
171 0.28901734104
172 0.28901734104
173 0.578034682081
174 0.722543352601
175 0.867052023121
176 0.867052023121
177 0.867052023121
178 1.01156069364
179 1.01156069364
180 1.01156069364
181 1.01156069364
182 1.01156069364
183 0.867052023121
184 0.867052023121
185 0.867052023121
186 0.867052023121
187 1.01156069364
188 1.01156069364
189 0.867052023121
190 0.867052023121
191 1.01156069364
192 1.15606936416
193 1.15606936416
194 1.15606936416
195 1.01156069364
196 1.01156069364
197 1.15606936416
198 1.01156069364
199 1.01156069364
200 1.01156069364
201 1.01156069364
202 1.01156069364
203 1.01156069364
204 1.01156069364
205 1.01156069364
206 1.15606936416
207 1.01156069364
208 1.01156069364
209 1.01156069364
210 1.01156069364
211 0.867052023121
212 0.722543352601
213 0.722543352601
214 0.578034682081
215 0.722543352601
216 0.867052023121
217 0.867052023121
218 0.867052023121
219 0.867052023121
220 1.01156069364
221 1.01156069364
222 1.01156069364
223 1.01156069364
224 1.01156069364
225 1.01156069364
226 0.867052023121
227 0.867052023121
228 0.867052023121
229 0.867052023121
230 0.867052023121
231 0.867052023121
232 0.867052023121
233 0.578034682081
234 0.578034682081
235 0.433526011561
236 0.28901734104
237 0.14450867052
238 0.14450867052
239 0.28901734104
240 0.14450867052
241 0.14450867052
242 0.14450867052
243 0.14450867052
244 0.14450867052
245 0.14450867052
246 0.14450867052
247 0.14450867052
248 0.14450867052
249 0.14450867052
250 0.14450867052
251 0.14450867052
252 0.14450867052
253 0.14450867052
254 0.14450867052
255 0.14450867052
256 0.28901734104
257 0.433526011561
258 0.433526011561
259 0.28901734104
260 0.28901734104
261 0.433526011561
262 0.578034682081
263 0.578034682081
264 0.578034682081
265 0.578034682081
266 0.578034682081
267 0.578034682081
268 0.578034682081
269 0.578034682081
270 0.578034682081
271 0.578034682081
272 0.578034682081
273 0.578034682081
274 0.578034682081
275 0.578034682081
276 0.433526011561
277 0.28901734104
278 0.28901734104
279 0.28901734104
280 0.28901734104
281 0.14450867052
282 0.0
283 0.0
284 0.0
285 0.0
286 0.0
287 0.0
288 0.0
289 0.0
290 0.14450867052
291 0.28901734104
292 0.578034682081
293 2.31213872832
294 3.32369942197
295 4.76878612717
296 6.50289017341
297 8.09248554913
298 8.67052023121
299 9.39306358382
300 9.53757225434
301 9.68208092486
302 9.68208092486
303 9.68208092486
304 9.68208092486
305 9.68208092486
306 9.68208092486
307 9.68208092486
308 9.68208092486
309 9.68208092486
310 9.53757225434
311 9.39306358382
312 9.10404624277
313 7.36994219653
314 6.50289017341
315 5.20231213873
316 3.46820809249
317 2.1676300578
318 1.58959537572
319 0.867052023121
320 0.722543352601
321 0.578034682081
322 0.578034682081
323 0.578034682081
324 0.578034682081
325 0.578034682081
326 0.578034682081
327 0.578034682081
328 0.578034682081
329 0.578034682081
330 0.578034682081
331 0.578034682081
332 0.578034682081
333 0.578034682081
334 0.578034682081
335 0.433526011561
336 0.433526011561
337 0.28901734104
338 0.433526011561
339 0.433526011561
340 0.433526011561
341 0.433526011561
342 0.433526011561
343 0.433526011561
344 0.578034682081
345 0.578034682081
346 0.578034682081
347 0.578034682081
348 0.578034682081
349 0.578034682081
350 0.578034682081
351 0.578034682081
352 0.578034682081
353 0.578034682081
354 0.433526011561
355 0.433526011561
356 0.722543352601
357 0.578034682081
358 0.578034682081
359 0.578034682081
360 0.578034682081
361 0.722543352601
362 0.722543352601
363 0.722543352601
364 0.578034682081
365 0.578034682081
366 0.578034682081
367 0.578034682081
368 0.578034682081
369 0.578034682081
370 0.578034682081
371 0.722543352601
372 0.867052023121
373 0.867052023121
374 0.867052023121
375 0.867052023121
376 0.722543352601
377 0.722543352601
378 0.578034682081
379 0.578034682081
380 0.578034682081
381 0.433526011561
382 0.578034682081
383 0.578034682081
384 0.578034682081
385 0.578034682081
386 0.578034682081
387 0.578034682081
388 0.578034682081
389 0.578034682081
390 0.578034682081
391 0.433526011561
392 0.578034682081
393 0.578034682081
394 0.578034682081
395 0.578034682081
396 0.433526011561
397 0.433526011561
398 0.578034682081
399 0.578034682081
400 0.578034682081
401 0.722543352601
402 0.722543352601
403 0.722543352601
404 0.722543352601
405 0.722543352601
406 0.722543352601
407 0.722543352601
408 0.722543352601
409 0.722543352601
410 0.722543352601
411 0.867052023121
412 0.722543352601
413 0.867052023121
414 0.867052023121
415 1.01156069364
416 1.30057803468
417 1.30057803468
418 1.30057803468
419 1.30057803468
420 1.30057803468
421 1.15606936416
422 1.01156069364
423 1.01156069364
424 1.01156069364
425 1.01156069364
426 1.01156069364
427 1.01156069364
428 1.01156069364
429 1.01156069364
430 1.15606936416
431 1.01156069364
432 0.867052023121
433 0.722543352601
434 0.722543352601
435 0.578034682081
436 0.28901734104
437 0.433526011561
438 0.433526011561
439 0.433526011561
440 0.433526011561
441 0.578034682081
442 0.578034682081
443 0.578034682081
444 0.578034682081
445 0.578034682081
446 0.578034682081
447 0.578034682081
448 0.578034682081
449 0.578034682081
450 0.433526011561
451 0.433526011561
452 0.433526011561
453 0.433526011561
454 0.433526011561
455 0.433526011561
456 0.433526011561
457 0.433526011561
458 0.28901734104
459 0.28901734104
460 0.28901734104
461 0.14450867052
462 0.14450867052
463 0.14450867052
464 0.14450867052
465 0.14450867052
466 0.14450867052
467 0.14450867052
468 0.14450867052
469 0.14450867052
470 0.14450867052
471 0.14450867052
472 0.433526011561
473 0.867052023121
474 1.73410404624
475 2.1676300578
476 3.03468208092
477 3.32369942197
478 3.32369942197
479 3.32369942197
480 3.32369942197
481 3.32369942197
482 3.32369942197
483 3.32369942197
484 3.32369942197
485 3.32369942197
486 3.32369942197
487 3.32369942197
488 3.32369942197
489 3.46820809249
490 3.46820809249
491 3.46820809249
492 3.17919075145
493 2.74566473988
494 2.1676300578
495 1.73410404624
496 0.867052023121
497 0.578034682081
498 0.578034682081
499 0.578034682081
500 0.578034682081
501 0.578034682081
502 0.722543352601
503 0.722543352601
504 0.722543352601
505 0.722543352601
506 0.722543352601
507 0.722543352601
508 0.722543352601
509 0.578034682081
510 0.722543352601
511 0.722543352601
512 0.867052023121
513 1.15606936416
514 0.867052023121
515 0.867052023121
516 0.867052023121
517 0.722543352601
518 0.867052023121
519 0.867052023121
520 0.867052023121
521 0.867052023121
522 0.722543352601
523 0.722543352601
524 0.867052023121
525 0.867052023121
526 0.867052023121
527 0.867052023121
528 0.867052023121
529 0.867052023121
530 0.722543352601
531 0.722543352601
532 0.578034682081
533 0.578034682081
534 0.578034682081
535 0.722543352601
536 0.867052023121
537 1.01156069364
538 0.867052023121
539 0.867052023121
540 0.867052023121
541 0.867052023121
542 0.867052023121
543 0.867052023121
544 0.722543352601
545 0.722543352601
546 0.722543352601
547 0.722543352601
548 0.722543352601
549 0.722543352601
550 0.722543352601
551 0.722543352601
552 0.722543352601
553 0.433526011561
554 0.433526011561
555 0.28901734104
556 0.14450867052
557 0.0
558 0.14450867052
559 0.28901734104
560 0.28901734104
561 0.28901734104
562 0.28901734104
563 0.578034682081
564 0.578034682081
565 0.578034682081
566 0.578034682081
567 0.578034682081
568 0.578034682081
569 0.578034682081
570 0.578034682081
571 0.578034682081
572 0.578034682081
573 0.578034682081
574 0.578034682081
575 0.722543352601
576 0.867052023121
577 0.867052023121
578 0.867052023121
579 0.722543352601
580 0.867052023121
581 1.01156069364
582 1.01156069364
583 0.867052023121
584 0.867052023121
585 1.01156069364
586 1.01156069364
587 1.01156069364
588 1.01156069364
589 1.01156069364
590 1.01156069364
591 1.01156069364
592 1.01156069364
593 1.15606936416
594 1.15606936416
595 1.01156069364
596 0.867052023121
597 0.867052023121
598 0.722543352601
599 0.867052023121
600 0.722543352601
601 0.722543352601
602 0.722543352601
603 0.722543352601
604 0.722543352601
605 0.578034682081
606 0.722543352601
607 0.722543352601
608 0.722543352601
609 0.722543352601
610 0.722543352601
611 0.867052023121
612 0.867052023121
613 0.722543352601
614 0.722543352601
615 0.722543352601
616 0.867052023121
617 1.01156069364
618 1.01156069364
619 1.01156069364
620 1.01156069364
621 1.01156069364
622 1.30057803468
623 1.4450867052
624 2.02312138728
625 2.60115606936
626 2.45664739884
627 2.45664739884
628 2.45664739884
629 2.45664739884
630 2.45664739884
631 2.31213872832
632 2.45664739884
633 2.60115606936
634 2.60115606936
635 3.03468208092
636 4.19075144509
637 4.47976878613
638 5.49132947977
639 6.64739884393
640 7.94797687861
641 9.24855491329
642 12.2832369942
643 14.0173410405
644 15.7514450867
645 16.7630057803
646 17.3410404624
647 18.063583815
648 18.4971098266
649 19.0751445087
650 19.2196531792
651 19.9421965318
652 20.5202312139
653 20.8092485549
654 21.098265896
655 21.098265896
656 20.2312138728
657 20.8092485549
658 20.9537572254
659 21.387283237
660 22.3988439306
661 23.1213872832
662 21.2427745665
663 20.2312138728
664 18.7861271676
665 17.774566474
666 17.4855491329
667 17.1965317919
668 17.0520231214
669 16.7630057803
670 18.6416184971
671 24.4219653179
672 33.9595375723
673 39.8843930636
674 42.1965317919
675 43.3526011561
676 43.9306358382
677 43.2080924855
678 42.4855491329
679 41.3294797688
680 39.3063583815
681 37.2832369942
682 35.838150289
683 34.9710982659
684 34.1040462428
685 33.5260115607
686 33.2369942197
687 32.8034682081
688 32.5144508671
689 32.225433526
690 30.3468208092
691 24.2774566474
692 14.3063583815
693 8.38150289017
694 5.92485549133
695 4.76878612717
696 4.04624277457
697 3.75722543353
698 3.46820809249
699 2.8901734104
700 2.60115606936
701 2.45664739884
702 2.45664739884
703 2.31213872832
704 2.31213872832
705 2.31213872832
706 2.31213872832
707 2.31213872832
708 2.31213872832
709 2.31213872832
710 2.1676300578
711 1.73410404624
712 1.4450867052
713 1.30057803468
714 1.15606936416
715 0.722543352601
716 0.433526011561
717 0.433526011561
718 0.28901734104
719 0.28901734104
720 0.28901734104
721 0.28901734104
722 0.28901734104
723 0.28901734104
724 0.28901734104
725 0.28901734104
726 0.28901734104
727 0.28901734104
728 0.28901734104
729 0.28901734104
730 0.28901734104
731 0.28901734104
732 0.433526011561
733 0.14450867052
734 0.28901734104
735 0.28901734104
736 0.28901734104
737 0.28901734104
738 0.28901734104
739 0.28901734104
740 0.28901734104
741 0.28901734104
742 0.28901734104
743 0.28901734104
744 0.28901734104
745 0.28901734104
746 0.28901734104
747 0.28901734104
748 0.28901734104
749 0.28901734104
750 0.28901734104
751 0.28901734104
752 0.433526011561
753 0.722543352601
754 0.578034682081
755 0.578034682081
756 0.722543352601
757 0.722543352601
758 1.01156069364
759 1.15606936416
760 1.15606936416
761 1.15606936416
762 1.15606936416
763 1.15606936416
764 1.30057803468
765 1.30057803468
766 1.30057803468
767 1.30057803468
768 1.30057803468
769 1.30057803468
770 1.30057803468
771 1.30057803468
772 1.01156069364
773 0.722543352601
774 0.722543352601
775 0.722543352601
776 0.578034682081
777 0.578034682081
778 0.28901734104
779 0.14450867052
780 0.28901734104
781 0.433526011561
782 0.433526011561
783 0.578034682081
784 0.722543352601
785 0.722543352601
786 0.722543352601
787 0.722543352601
788 0.722543352601
789 0.722543352601
790 0.722543352601
791 0.722543352601
792 0.722543352601
793 0.722543352601
794 0.722543352601
795 0.722543352601
796 0.722543352601
797 0.722543352601
798 0.722543352601
799 0.722543352601
800 0.578034682081
801 0.578034682081
802 0.578034682081
803 0.867052023121
804 1.30057803468
805 2.31213872832
806 2.45664739884
807 2.45664739884
808 2.45664739884
809 2.45664739884
810 2.45664739884
811 2.45664739884
812 2.45664739884
813 2.45664739884
814 2.45664739884
815 2.60115606936
816 2.8901734104
817 3.32369942197
818 3.46820809249
819 4.47976878613
820 5.63583815029
821 7.94797687861
822 9.9710982659
823 11.7052023121
824 11.5606936416
825 11.1271676301
826 11.2716763006
827 11.2716763006
828 11.4161849711
829 11.4161849711
830 11.8497109827
831 13.0057803468
832 15.4624277457
833 17.9190751445
834 20.5202312139
835 23.5549132948
836 25.8670520231
837 28.0346820809
838 29.6242774566
839 29.4797687861
840 28.901734104
841 26.7341040462
842 24.710982659
843 22.6878612717
844 22.1098265896
845 21.5317919075
846 21.2427745665
847 21.2427745665
848 21.098265896
849 21.098265896
850 20.9537572254
851 20.3757225434
852 19.0751445087
853 16.7630057803
854 14.450867052
855 11.9942196532
856 9.82658959538
857 7.36994219653
858 5.78034682081
859 4.91329479769
860 4.33526011561
861 4.04624277457
862 4.04624277457
863 3.90173410405
864 3.90173410405
865 3.90173410405
866 3.90173410405
867 3.90173410405
868 3.90173410405
869 3.90173410405
870 3.75722543353
871 3.32369942197
872 2.1676300578
873 2.02312138728
874 1.73410404624
875 1.01156069364
876 0.578034682081
877 0.433526011561
878 0.28901734104
879 0.28901734104
880 0.28901734104
881 0.28901734104
882 0.28901734104
883 0.28901734104
884 0.28901734104
885 0.28901734104
886 0.28901734104
887 0.28901734104
888 0.28901734104
889 0.28901734104
890 0.14450867052
891 0.0
892 0.0
893 0.14450867052
894 0.14450867052
895 0.14450867052
896 0.14450867052
897 0.14450867052
898 0.14450867052
899 0.14450867052
900 0.14450867052
901 0.14450867052
902 0.28901734104
903 0.28901734104
904 0.28901734104
905 0.433526011561
906 0.433526011561
907 0.433526011561
908 0.433526011561
909 0.433526011561
910 0.433526011561
911 0.433526011561
912 0.433526011561
913 0.433526011561
914 0.433526011561
915 0.578034682081
916 0.722543352601
917 0.722543352601
918 0.722543352601
919 0.722543352601
920 0.867052023121
921 0.867052023121
922 0.722543352601
923 0.722543352601
924 0.722543352601
925 0.722543352601
926 0.722543352601
927 0.867052023121
928 0.867052023121
929 0.867052023121
930 0.867052023121
931 0.867052023121
932 0.867052023121
933 0.867052023121
934 0.867052023121
935 0.867052023121
936 0.722543352601
937 0.722543352601
938 0.722543352601
939 0.722543352601
940 0.578034682081
941 0.722543352601
942 0.722543352601
943 0.722543352601
944 0.722543352601
945 0.578034682081
946 0.578034682081
947 0.433526011561
948 0.433526011561
949 0.433526011561
950 0.433526011561
951 0.433526011561
952 0.433526011561
953 0.28901734104
954 0.28901734104
955 0.28901734104
956 0.433526011561
957 0.578034682081
958 0.578034682081
959 0.722543352601
960 0.722543352601
961 0.578034682081
962 0.578034682081
963 0.578034682081
964 0.578034682081
965 0.578034682081
966 0.578034682081
967 0.722543352601
968 0.722543352601
969 0.722543352601
970 0.722543352601
971 0.867052023121
972 1.01156069364
973 1.15606936416
974 1.4450867052
975 1.87861271676
976 1.87861271676
977 1.87861271676
978 2.02312138728
979 1.87861271676
980 1.87861271676
981 1.87861271676
982 1.87861271676
983 1.87861271676
984 2.02312138728
985 2.02312138728
986 2.02312138728
987 1.87861271676
988 1.87861271676
989 1.87861271676
990 1.87861271676
991 1.73410404624
992 1.58959537572
993 1.4450867052
994 1.15606936416
995 0.722543352601
996 0.578034682081
997 0.433526011561
998 0.433526011561
999 0.433526011561
1000 0.433526011561
1001 0.433526011561
1002 0.578034682081
1003 0.578034682081
1004 0.578034682081
1005 0.578034682081
1006 0.578034682081
1007 0.578034682081
1008 0.578034682081
1009 0.578034682081
1010 0.722543352601
1011 0.867052023121
1012 1.01156069364
1013 1.01156069364
1014 1.01156069364
1015 0.867052023121
1016 0.867052023121
1017 0.867052023121
1018 0.722543352601
1019 0.722543352601
1020 0.867052023121
1021 0.867052023121
1022 0.722543352601
1023 0.722543352601
1024 0.578034682081
1025 0.578034682081
1026 0.578034682081
1027 0.722543352601
1028 0.722543352601
1029 0.722543352601
1030 0.578034682081
1031 0.433526011561
1032 0.28901734104
1033 0.433526011561
1034 0.578034682081
1035 0.722543352601
1036 0.722543352601
1037 0.867052023121
1038 0.867052023121
1039 0.867052023121
1040 0.722543352601
1041 0.722543352601
1042 0.722543352601
1043 0.722543352601
1044 0.722543352601
1045 0.722543352601
1046 0.722543352601
1047 0.578034682081
1048 0.578034682081
1049 0.578034682081
1050 0.578034682081
1051 0.578034682081
1052 0.578034682081
1053 0.433526011561
1054 0.867052023121
1055 0.722543352601
1056 0.722543352601
1057 0.578034682081
1058 0.578034682081
1059 0.578034682081
1060 0.578034682081
1061 0.578034682081
1062 0.578034682081
1063 0.578034682081
1064 0.578034682081
1065 0.578034682081
1066 0.578034682081
1067 0.578034682081
1068 0.578034682081
1069 0.578034682081
1070 0.578034682081
1071 0.578034682081
1072 0.578034682081
1073 0.722543352601
1074 0.14450867052
1075 0.14450867052
1076 0.14450867052
1077 0.14450867052
1078 0.14450867052
1079 0.28901734104
1080 0.28901734104
1081 0.433526011561
1082 0.433526011561
1083 0.433526011561
1084 0.433526011561
1085 0.433526011561
1086 0.433526011561
1087 0.433526011561
1088 0.433526011561
1089 0.433526011561
1090 0.433526011561
1091 0.433526011561
1092 0.433526011561
1093 0.433526011561
1094 0.433526011561
1095 0.433526011561
1096 0.433526011561
1097 0.433526011561
1098 0.578034682081
1099 0.578034682081
1100 0.578034682081
1101 0.578034682081
1102 0.722543352601
1103 1.15606936416
1104 1.30057803468
1105 1.73410404624
1106 1.87861271676
1107 1.87861271676
1108 1.87861271676
1109 1.87861271676
1110 1.87861271676
1111 1.87861271676
1112 1.87861271676
1113 1.73410404624
1114 1.73410404624
1115 1.87861271676
1116 1.87861271676
1117 2.02312138728
1118 2.02312138728
1119 2.1676300578
1120 2.45664739884
1121 3.61271676301
1122 4.62427745665
1123 5.05780346821
1124 5.78034682081
1125 6.06936416185
1126 6.50289017341
1127 6.64739884393
1128 6.64739884393
1129 6.64739884393
1130 6.64739884393
1131 6.79190751445
1132 6.79190751445
1133 6.79190751445
1134 6.79190751445
1135 6.79190751445
1136 8.38150289017
1137 9.68208092486
1138 12.2832369942
1139 15.1734104046
1140 16.9075144509
1141 19.0751445087
1142 20.6647398844
1143 22.3988439306
1144 22.9768786127
1145 22.9768786127
1146 23.2658959538
1147 23.4104046243
1148 23.5549132948
1149 23.6994219653
1150 24.710982659
1151 25.289017341
1152 26.8786127168
1153 27.8901734104
1154 28.901734104
1155 29.1907514451
1156 28.323699422
1157 27.3121387283
1158 24.710982659
1159 21.676300578
1160 19.7976878613
1161 16.4739884393
1162 13.8728323699
1163 11.2716763006
1164 9.82658959538
1165 9.10404624277
1166 8.38150289017
1167 8.09248554913
1168 8.09248554913
1169 8.23699421965
1170 8.95953757225
1171 10.2601156069
1172 12.7167630058
1173 14.3063583815
1174 16.0404624277
1175 17.6300578035
1176 18.3526011561
1177 18.2080924855
1178 18.063583815
1179 17.9190751445
1180 17.774566474
1181 17.6300578035
1182 17.4855491329
1183 17.4855491329
1184 17.4855491329
1185 17.4855491329
1186 17.3410404624
1187 17.3410404624
1188 17.1965317919
1189 16.9075144509
1190 15.1734104046
1191 13.1502890173
1192 9.24855491329
1193 6.79190751445
1194 4.19075144509
1195 2.31213872832
1196 0.867052023121
1197 0.578034682081
1198 0.578034682081
1199 0.578034682081
1200 0.578034682081
1201 0.578034682081
1202 0.578034682081
1203 0.578034682081
1204 0.578034682081
1205 0.578034682081
1206 0.578034682081
1207 0.578034682081
1208 0.578034682081
1209 0.578034682081
1210 0.578034682081
1211 0.578034682081
1212 0.433526011561
1213 0.28901734104
1214 0.14450867052
1215 0.0
1216 0.0
1217 0.14450867052
1218 0.14450867052
1219 0.14450867052
1220 0.14450867052
1221 0.14450867052
1222 0.14450867052
1223 0.14450867052
1224 0.14450867052
1225 0.14450867052
1226 0.14450867052
1227 0.14450867052
1228 0.14450867052
1229 0.14450867052
1230 0.14450867052
1231 0.28901734104
1232 0.28901734104
1233 0.28901734104
1234 0.433526011561
1235 0.578034682081
1236 0.722543352601
1237 0.578034682081
1238 0.578034682081
1239 0.722543352601
1240 0.722543352601
1241 0.722543352601
1242 0.722543352601
1243 0.722543352601
1244 0.722543352601
1245 0.722543352601
1246 0.722543352601
1247 0.722543352601
1248 0.722543352601
1249 0.722543352601
1250 0.722543352601
1251 0.578034682081
1252 0.578034682081
1253 0.578034682081
1254 0.433526011561
1255 0.28901734104
1256 0.28901734104
1257 0.28901734104
1258 0.28901734104
1259 0.14450867052
1260 0.14450867052
1261 0.14450867052
1262 0.14450867052
1263 0.14450867052
1264 0.14450867052
1265 0.14450867052
1266 0.14450867052
1267 0.14450867052
1268 0.14450867052
1269 0.14450867052
1270 0.14450867052
1271 0.14450867052
1272 0.14450867052
1273 0.14450867052
1274 0.14450867052
1275 0.14450867052
1276 0.0
1277 0.0
1278 0.14450867052
1279 0.14450867052
1280 0.14450867052
1281 0.28901734104
1282 0.28901734104
1283 0.28901734104
1284 0.28901734104
1285 0.28901734104
1286 0.28901734104
1287 0.28901734104
1288 0.28901734104
1289 0.28901734104
1290 0.28901734104
1291 0.28901734104
1292 0.28901734104
1293 0.28901734104
1294 0.28901734104
1295 0.28901734104
1296 0.28901734104
1297 0.28901734104
1298 0.14450867052
1299 0.14450867052
1300 0.14450867052
1301 0.0
1302 0.0
1303 0.0
1304 0.14450867052
1305 0.578034682081
1306 0.722543352601
1307 0.867052023121
1308 0.867052023121
1309 0.867052023121
1310 0.867052023121
1311 0.867052023121
1312 0.867052023121
1313 0.867052023121
1314 0.867052023121
1315 0.867052023121
1316 1.01156069364
1317 1.01156069364
1318 1.01156069364
1319 1.30057803468
1320 1.4450867052
1321 1.58959537572
1322 1.58959537572
1323 1.87861271676
1324 2.1676300578
1325 1.87861271676
1326 1.73410404624
1327 1.73410404624
1328 1.87861271676
1329 1.87861271676
1330 1.87861271676
1331 2.02312138728
1332 2.1676300578
1333 2.1676300578
1334 2.45664739884
1335 2.45664739884
1336 2.45664739884
1337 2.74566473988
1338 2.74566473988
1339 2.45664739884
1340 2.8901734104
1341 3.17919075145
1342 4.47976878613
1343 4.19075144509
1344 3.75722543353
1345 3.75722543353
1346 3.75722543353
1347 3.61271676301
1348 3.46820809249
1349 3.61271676301
1350 4.04624277457
1351 6.50289017341
1352 13.5838150289
1353 22.8323699422
1354 30.2023121387
1355 38.4393063584
1356 42.6300578035
1357 46.5317919075
1358 48.6994219653
1359 50.0
1360 50.1445086705
1361 50.0
1362 48.6994219653
1363 48.6994219653
1364 48.6994219653
1365 48.5549132948
1366 48.5549132948
1367 48.5549132948
1368 48.5549132948
1369 48.4104046243
1370 48.2658959538
1371 46.098265896
1372 39.161849711
1373 30.4913294798
1374 23.2658959538
1375 15.0289017341
1376 10.838150289
1377 6.64739884393
1378 4.47976878613
1379 3.17919075145
1380 2.45664739884
1381 2.1676300578
1382 2.1676300578
1383 2.1676300578
1384 2.1676300578
1385 2.1676300578
1386 2.1676300578
1387 2.1676300578
1388 2.1676300578
1389 2.1676300578
1390 1.87861271676
1391 1.4450867052
1392 1.15606936416
1393 0.578034682081
1394 0.14450867052
1395 0.14450867052
1396 0.14450867052
1397 0.14450867052
1398 0.14450867052
1399 0.14450867052
1400 0.14450867052
1401 0.14450867052
1402 0.14450867052
1403 0.14450867052
1404 0.14450867052
1405 0.14450867052
1406 0.14450867052
1407 0.14450867052
1408 0.14450867052
1409 0.14450867052
1410 0.14450867052
1411 0.14450867052
1412 0.14450867052
1413 0.14450867052
1414 0.28901734104
1415 0.433526011561
1416 0.28901734104
1417 0.28901734104
1418 0.28901734104
1419 0.28901734104
1420 0.28901734104
1421 0.28901734104
1422 0.28901734104
1423 0.28901734104
1424 0.28901734104
1425 0.28901734104
1426 0.28901734104
1427 0.28901734104
1428 0.28901734104
1429 0.28901734104
1430 0.28901734104
1431 0.28901734104
1432 0.28901734104
1433 0.433526011561
1434 0.28901734104
1435 0.14450867052
1436 0.28901734104
1437 0.433526011561
1438 0.433526011561
1439 0.433526011561
1440 0.433526011561
1441 0.433526011561
1442 0.433526011561
1443 0.433526011561
1444 0.433526011561
1445 0.433526011561
1446 0.433526011561
1447 0.433526011561
1448 0.433526011561
1449 0.433526011561
1450 0.433526011561
1451 0.433526011561
1452 0.433526011561
1453 0.28901734104
1454 0.433526011561
1455 0.578034682081
1456 0.722543352601
1457 0.578034682081
1458 0.578034682081
1459 0.578034682081
1460 0.578034682081
1461 0.578034682081
1462 0.578034682081
1463 0.578034682081
1464 0.578034682081
1465 0.578034682081
1466 0.578034682081
1467 0.578034682081
1468 0.578034682081
1469 0.578034682081
1470 0.578034682081
1471 0.578034682081
1472 0.578034682081
1473 0.867052023121
1474 0.722543352601
1475 0.578034682081
1476 0.28901734104
1477 0.28901734104
1478 0.433526011561
1479 0.433526011561
1480 0.578034682081
1481 0.578034682081
1482 0.578034682081
1483 0.578034682081
1484 0.578034682081
1485 0.578034682081
1486 0.578034682081
1487 0.578034682081
1488 0.578034682081
1489 0.578034682081
1490 0.578034682081
1491 0.578034682081
1492 0.578034682081
1493 0.433526011561
1494 0.433526011561
1495 0.578034682081
1496 0.578034682081
1497 0.578034682081
1498 0.433526011561
1499 0.433526011561
1500 0.28901734104
1501 0.28901734104
1502 0.28901734104
1503 0.28901734104
1504 0.28901734104
1505 0.28901734104
1506 0.28901734104
1507 0.28901734104
1508 0.433526011561
1509 0.433526011561
1510 0.433526011561
1511 0.433526011561
1512 0.433526011561
1513 0.28901734104
1514 0.28901734104
1515 0.14450867052
1516 0.14450867052
1517 0.28901734104
1518 0.433526011561
1519 0.433526011561
1520 0.433526011561
1521 0.433526011561
1522 0.433526011561
1523 0.433526011561
1524 0.433526011561
1525 0.433526011561
1526 0.433526011561
1527 0.433526011561
1528 0.28901734104
1529 0.28901734104
1530 0.433526011561
1531 0.433526011561
1532 0.433526011561
1533 0.578034682081
1534 0.578034682081
1535 0.867052023121
1536 0.867052023121
1537 0.722543352601
1538 0.578034682081
1539 0.578034682081
1540 0.578034682081
1541 0.578034682081
1542 0.578034682081
1543 0.578034682081
1544 0.578034682081
1545 0.578034682081
1546 0.578034682081
1547 0.578034682081
1548 0.578034682081
1549 0.578034682081
1550 0.433526011561
1551 0.433526011561
1552 0.433526011561
1553 0.28901734104
1554 0.28901734104
1555 0.0
1556 0.0
1557 0.0
1558 0.0
1559 0.0
1560 0.0
1561 0.0
1562 0.0
1563 0.0
1564 0.0
1565 0.0
1566 0.0
1567 0.0
1568 0.0
1569 0.0
1570 0.0
1571 0.14450867052
1572 0.14450867052
1573 0.14450867052
1574 0.14450867052
1575 0.14450867052
1576 0.14450867052
1577 0.14450867052
1578 0.14450867052
1579 0.14450867052
1580 0.14450867052
1581 0.14450867052
1582 0.14450867052
1583 0.14450867052
1584 0.14450867052
1585 0.14450867052
1586 0.14450867052
1587 0.14450867052
1588 0.14450867052
1589 0.14450867052
1590 0.14450867052
1591 0.0
1592 0.14450867052
1593 0.28901734104
1594 0.28901734104
1595 0.28901734104
1596 0.28901734104
1597 0.578034682081
1598 0.578034682081
1599 0.578034682081
1600 0.578034682081
1601 0.578034682081
1602 0.578034682081
1603 0.578034682081
1604 0.578034682081
1605 0.578034682081
1606 0.578034682081
1607 0.578034682081
1608 0.578034682081
1609 0.578034682081
1610 0.578034682081
1611 0.578034682081
1612 0.433526011561
1613 0.28901734104
1614 0.28901734104
1615 0.28901734104
1616 0.28901734104
1617 0.0
1618 0.0
1619 0.14450867052
1620 0.14450867052
1621 0.14450867052
1622 0.14450867052
1623 0.14450867052
1624 0.14450867052
1625 0.14450867052
1626 0.14450867052
1627 0.14450867052
1628 0.14450867052
1629 0.14450867052
1630 0.14450867052
1631 0.14450867052
1632 0.28901734104
1633 0.28901734104
1634 0.578034682081
1635 0.722543352601
1636 0.722543352601
1637 0.867052023121
1638 0.867052023121
1639 0.722543352601
1640 0.722543352601
1641 0.722543352601
1642 0.722543352601
1643 0.867052023121
1644 0.867052023121
1645 0.867052023121
1646 0.867052023121
1647 0.867052023121
1648 0.867052023121
1649 0.867052023121
1650 0.867052023121
1651 0.867052023121
1652 0.867052023121
1653 0.867052023121
1654 0.578034682081
1655 0.433526011561
1656 0.578034682081
1657 0.578034682081
1658 0.578034682081
1659 0.578034682081
1660 0.578034682081
1661 0.578034682081
1662 0.578034682081
1663 0.433526011561
1664 0.433526011561
1665 0.433526011561
1666 0.433526011561
1667 0.433526011561
1668 0.433526011561
1669 0.433526011561
1670 0.433526011561
1671 0.433526011561
1672 0.433526011561
1673 0.433526011561
1674 0.433526011561
1675 0.433526011561
1676 0.28901734104
1677 0.14450867052
1678 0.14450867052
1679 0.578034682081
1680 0.722543352601
1681 0.722543352601
1682 0.867052023121
1683 1.15606936416
1684 1.30057803468
1685 1.4450867052
1686 1.4450867052
1687 1.4450867052
1688 1.4450867052
1689 1.4450867052
1690 1.4450867052
1691 1.4450867052
1692 1.30057803468
1693 1.30057803468
1694 1.30057803468
1695 1.30057803468
1696 1.30057803468
1697 1.73410404624
1698 1.73410404624
1699 1.73410404624
1700 2.31213872832
1701 2.8901734104
1702 3.17919075145
1703 3.61271676301
1704 3.90173410405
1705 4.04624277457
1706 4.19075144509
1707 4.33526011561
1708 4.47976878613
1709 4.47976878613
1710 4.47976878613
1711 5.05780346821
1712 5.78034682081
1713 5.92485549133
1714 6.79190751445
1715 7.36994219653
1716 7.51445086705
1717 7.80346820809
1718 8.23699421965
1719 8.23699421965
1720 7.51445086705
1721 6.93641618497
1722 6.50289017341
1723 5.78034682081
1724 5.34682080925
1725 5.20231213873
1726 5.05780346821
1727 4.91329479769
1728 4.76878612717
1729 5.05780346821
1730 5.49132947977
1731 6.64739884393
1732 10.1156069364
1733 11.7052023121
1734 12.4277456647
1735 12.4277456647
1736 12.5722543353
1737 12.5722543353
1738 12.1387283237
1739 11.8497109827
1740 11.8497109827
1741 11.8497109827
1742 11.8497109827
1743 11.8497109827
1744 11.8497109827
1745 11.7052023121
1746 11.7052023121
1747 11.7052023121
1748 11.7052023121
1749 11.4161849711
1750 11.1271676301
1751 9.68208092486
1752 5.49132947977
1753 4.04624277457
1754 2.45664739884
1755 1.87861271676
1756 1.58959537572
1757 0.867052023121
1758 0.867052023121
1759 0.722543352601
1760 0.722543352601
1761 0.722543352601
1762 0.722543352601
1763 0.722543352601
1764 0.722543352601
1765 0.722543352601
1766 0.722543352601
1767 0.722543352601
1768 0.722543352601
1769 0.722543352601
1770 0.578034682081
1771 0.28901734104
1772 0.28901734104
1773 0.0
1774 0.14450867052
1775 0.28901734104
1776 0.28901734104
1777 0.28901734104
1778 0.28901734104
1779 0.28901734104
1780 0.28901734104
1781 0.28901734104
1782 0.28901734104
1783 0.28901734104
1784 0.28901734104
1785 0.28901734104
1786 0.28901734104
1787 0.28901734104
1788 0.28901734104
1789 0.28901734104
1790 0.578034682081
1791 0.578034682081
1792 0.578034682081
1793 0.578034682081
1794 0.433526011561
1795 0.28901734104
1796 0.28901734104
1797 0.28901734104
1798 0.578034682081
1799 0.578034682081
1800 0.578034682081
1801 0.578034682081
1802 0.578034682081
1803 0.578034682081
1804 0.578034682081
1805 0.578034682081
1806 0.578034682081
1807 0.578034682081
1808 0.578034682081
1809 0.578034682081
1810 0.28901734104
1811 0.28901734104
1812 0.28901734104
1813 0.28901734104
1814 0.28901734104
1815 0.433526011561
1816 0.433526011561
1817 0.578034682081
1818 0.28901734104
1819 0.28901734104
1820 0.28901734104
1821 0.28901734104
1822 0.28901734104
1823 0.28901734104
1824 0.28901734104
1825 0.28901734104
1826 0.28901734104
1827 0.28901734104
1828 0.28901734104
1829 0.28901734104
1830 0.28901734104
1831 0.433526011561
1832 0.578034682081
1833 0.722543352601
1834 1.01156069364
1835 1.15606936416
1836 1.4450867052
1837 1.58959537572
1838 1.58959537572
1839 1.58959537572
1840 1.58959537572
1841 1.73410404624
1842 1.73410404624
1843 1.87861271676
1844 1.87861271676
1845 2.02312138728
1846 2.02312138728
1847 2.02312138728
1848 2.02312138728
1849 2.02312138728
1850 2.02312138728
1851 2.02312138728
1852 1.87861271676
1853 2.1676300578
1854 2.45664739884
1855 2.31213872832
1856 2.02312138728
1857 1.73410404624
1858 1.73410404624
1859 1.73410404624
1860 1.73410404624
1861 1.58959537572
1862 1.58959537572
1863 1.4450867052
1864 1.4450867052
1865 1.30057803468
1866 1.30057803468
1867 1.4450867052
1868 1.4450867052
1869 1.4450867052
1870 1.4450867052
1871 1.30057803468
1872 1.4450867052
1873 1.01156069364
1874 0.722543352601
1875 0.722543352601
1876 1.01156069364
1877 1.01156069364
1878 1.01156069364
1879 1.01156069364
1880 1.01156069364
1881 1.01156069364
1882 1.01156069364
1883 1.01156069364
1884 1.01156069364
1885 1.01156069364
1886 1.01156069364
1887 0.867052023121
1888 0.867052023121
1889 0.867052023121
1890 0.867052023121
1891 0.867052023121
1892 0.722543352601
1893 0.867052023121
1894 0.722543352601
1895 0.578034682081
1896 0.28901734104
1897 0.433526011561
1898 0.433526011561
1899 0.433526011561
1900 0.433526011561
1901 0.433526011561
1902 0.433526011561
1903 0.433526011561
1904 0.433526011561
1905 0.433526011561
1906 0.433526011561
1907 0.433526011561
1908 0.433526011561
1909 0.433526011561
1910 0.433526011561
1911 0.433526011561
1912 0.433526011561
1913 0.28901734104
1914 0.14450867052
1915 0.28901734104
1916 0.28901734104
1917 0.14450867052
1918 0.14450867052
1919 0.14450867052
1920 0.14450867052
1921 0.14450867052
1922 0.14450867052
1923 0.14450867052
1924 0.14450867052
1925 0.14450867052
1926 0.14450867052
1927 0.14450867052
1928 0.14450867052
1929 0.14450867052
1930 0.14450867052
1931 0.14450867052
1932 0.14450867052
1933 0.28901734104
1934 0.433526011561
1935 0.28901734104
1936 0.28901734104
1937 0.433526011561
1938 0.433526011561
1939 0.433526011561
1940 0.433526011561
1941 0.433526011561
1942 0.433526011561
1943 0.433526011561
1944 0.433526011561
1945 0.433526011561
1946 0.433526011561
1947 0.433526011561
1948 0.433526011561
1949 0.433526011561
1950 0.433526011561
1951 0.433526011561
1952 0.433526011561
1953 0.28901734104
1954 0.14450867052
1955 0.14450867052
1956 0.14450867052
1957 0.14450867052
1958 0.28901734104
1959 0.28901734104
1960 0.28901734104
1961 0.28901734104
1962 0.28901734104
1963 0.28901734104
1964 0.28901734104
1965 0.28901734104
1966 0.28901734104
1967 0.28901734104
1968 0.28901734104
1969 0.28901734104
1970 0.28901734104
1971 0.28901734104
1972 0.433526011561
1973 0.433526011561
1974 0.433526011561
1975 0.578034682081
1976 1.01156069364
1977 0.867052023121
1978 1.01156069364
1979 1.01156069364
1980 1.01156069364
1981 1.01156069364
1982 1.01156069364
1983 1.01156069364
1984 1.01156069364
1985 1.01156069364
1986 1.01156069364
1987 1.01156069364
1988 1.01156069364
1989 1.01156069364
1990 1.01156069364
1991 1.01156069364
1992 0.867052023121
1993 1.01156069364
1994 1.15606936416
1995 1.01156069364
1996 0.578034682081
1997 0.867052023121
1998 0.578034682081
1999 0.578034682081
2000 0.578034682081
2001 0.578034682081
2002 0.722543352601
2003 0.722543352601
2004 0.722543352601
2005 0.722543352601
2006 0.722543352601
2007 0.722543352601
2008 0.722543352601
2009 0.722543352601
2010 0.722543352601
2011 0.722543352601
2012 0.722543352601
2013 0.578034682081
2014 0.433526011561
2015 0.578034682081
2016 0.578034682081
2017 0.28901734104
2018 0.28901734104
2019 0.28901734104
2020 0.28901734104
2021 0.28901734104
2022 0.14450867052
2023 0.433526011561
2024 0.578034682081
2025 0.578034682081
2026 0.722543352601
2027 0.722543352601
2028 0.722543352601
2029 0.722543352601
2030 0.722543352601
2031 0.722543352601
2032 0.722543352601
2033 0.722543352601
2034 0.722543352601
2035 0.722543352601
2036 0.722543352601
2037 1.01156069364
2038 1.30057803468
2039 1.4450867052
2040 1.58959537572
2041 1.87861271676
2042 2.45664739884
2043 2.60115606936
2044 3.32369942197
2045 4.19075144509
2046 4.04624277457
2047 4.19075144509
2048 4.19075144509
2049 4.19075144509
2050 4.19075144509
2051 4.19075144509
2052 4.33526011561
2053 4.33526011561
2054 4.33526011561
2055 4.62427745665
2056 4.62427745665
2057 4.91329479769
2058 4.76878612717
2059 5.05780346821
2060 5.78034682081
2061 6.06936416185
2062 6.06936416185
2063 7.08092485549
2064 6.64739884393
2065 6.06936416185
2066 6.50289017341
2067 6.64739884393
2068 6.79190751445
2069 6.93641618497
2070 7.80346820809
2071 10.6936416185
2072 16.0404624277
2073 25.289017341
2074 30.7803468208
2075 35.6936416185
2076 40.8959537572
2077 44.2196531792
2078 46.9653179191
2079 48.2658959538
2080 47.6878612717
2081 47.5433526012
2082 47.1098265896
2083 45.6647398844
2084 45.3757225434
2085 45.0867052023
2086 44.6531791908
2087 44.3641618497
2088 44.2196531792
2089 44.0751445087
2090 43.4971098266
2091 41.3294797688
2092 36.4161849711
2093 27.6011560694
2094 22.5433526012
2095 17.4855491329
2096 12.4277456647
2097 8.52601156069
2098 5.63583815029
2099 3.90173410405
2100 3.61271676301
2101 3.17919075145
2102 3.03468208092
2103 3.03468208092
2104 2.8901734104
2105 2.8901734104
2106 2.8901734104
2107 2.8901734104
2108 2.8901734104
2109 2.8901734104
2110 2.74566473988
2111 2.1676300578
2112 1.73410404624
2113 1.30057803468
2114 0.867052023121
2115 0.578034682081
2116 0.433526011561
2117 0.578034682081
2118 0.578034682081
2119 0.722543352601
2120 0.722543352601
2121 0.722543352601
2122 0.722543352601
2123 0.722543352601
2124 0.722543352601
2125 0.722543352601
2126 0.722543352601
2127 0.722543352601
2128 0.722543352601
2129 0.722543352601
2130 1.01156069364
2131 0.867052023121
2132 0.722543352601
2133 0.722543352601
2134 0.722543352601
2135 0.722543352601
2136 0.722543352601
2137 0.722543352601
2138 0.722543352601
2139 0.578034682081
2140 0.722543352601
2141 0.867052023121
2142 1.01156069364
2143 1.01156069364
2144 1.15606936416
2145 1.15606936416
2146 1.15606936416
2147 1.15606936416
2148 1.15606936416
2149 1.15606936416
2150 0.722543352601
2151 0.867052023121
2152 0.867052023121
2153 0.867052023121
2154 0.867052023121
2155 1.01156069364
2156 1.01156069364
2157 0.867052023121
2158 1.01156069364
2159 1.01156069364
2160 0.867052023121
2161 0.722543352601
2162 0.578034682081
2163 0.578034682081
2164 0.433526011561
2165 0.433526011561
2166 0.433526011561
2167 0.433526011561
2168 0.433526011561
2169 0.433526011561
2170 0.433526011561
2171 0.28901734104
2172 0.28901734104
2173 0.28901734104
2174 0.433526011561
2175 0.433526011561
2176 0.433526011561
2177 0.433526011561
2178 0.28901734104
2179 0.433526011561
2180 0.433526011561
2181 0.433526011561
2182 0.433526011561
2183 0.433526011561
2184 0.433526011561
2185 0.433526011561
2186 0.433526011561
2187 0.433526011561
2188 0.433526011561
2189 0.433526011561
2190 0.433526011561
2191 0.578034682081
2192 0.578034682081
2193 0.578034682081
2194 0.722543352601
2195 0.578034682081
2196 0.578034682081
2197 0.578034682081
2198 0.578034682081
2199 0.433526011561
2200 0.433526011561
2201 0.433526011561
2202 0.433526011561
2203 0.433526011561
2204 0.433526011561
2205 0.433526011561
2206 0.433526011561
2207 0.433526011561
2208 0.433526011561
2209 0.433526011561
2210 0.433526011561
2211 0.28901734104
2212 0.28901734104
2213 0.433526011561
2214 0.14450867052
2215 0.14450867052
2216 0.14450867052
2217 0.14450867052
2218 0.14450867052
2219 0.14450867052
2220 0.14450867052
2221 0.14450867052
2222 0.14450867052
2223 0.14450867052
2224 0.14450867052
2225 0.14450867052
2226 0.14450867052
2227 0.14450867052
2228 0.14450867052
2229 0.14450867052
2230 0.14450867052
2231 0.14450867052
2232 0.14450867052
2233 0.0
2234 0.433526011561
2235 0.433526011561
2236 0.433526011561
2237 0.433526011561
2238 0.433526011561
2239 0.578034682081
2240 0.578034682081
2241 0.578034682081
2242 0.578034682081
2243 0.578034682081
2244 0.578034682081
2245 0.578034682081
2246 0.578034682081
2247 0.578034682081
2248 0.578034682081
2249 0.578034682081
2250 0.578034682081
2251 0.578034682081
2252 0.722543352601
2253 0.867052023121
2254 0.433526011561
2255 0.433526011561
2256 0.433526011561
2257 0.433526011561
2258 0.433526011561
2259 0.28901734104
2260 0.28901734104
2261 0.28901734104
2262 0.28901734104
2263 0.28901734104
2264 0.28901734104
2265 0.28901734104
2266 0.28901734104
2267 0.28901734104
2268 0.28901734104
2269 0.28901734104
2270 0.28901734104
2271 0.578034682081
2272 0.433526011561
2273 0.433526011561
2274 0.433526011561
2275 0.433526011561
2276 0.867052023121
2277 0.867052023121
2278 0.867052023121
2279 0.867052023121
2280 0.867052023121
2281 0.867052023121
2282 0.867052023121
2283 0.867052023121
2284 0.867052023121
2285 0.867052023121
2286 0.867052023121
2287 0.867052023121
2288 0.867052023121
2289 0.867052023121
2290 0.867052023121
2291 0.578034682081
2292 0.578034682081
2293 0.433526011561
2294 0.433526011561
2295 0.433526011561
2296 0.0
2297 0.0
2298 0.0
2299 0.14450867052
2300 0.14450867052
2301 0.14450867052
2302 0.28901734104
2303 0.28901734104
2304 0.28901734104
2305 0.28901734104
2306 0.433526011561
2307 0.433526011561
2308 0.433526011561
2309 0.433526011561
2310 0.433526011561
2311 0.433526011561
2312 0.433526011561
2313 0.433526011561
2314 0.433526011561
2315 0.433526011561
2316 0.433526011561
2317 0.578034682081
2318 0.722543352601
2319 0.578034682081
2320 0.578034682081
2321 0.722543352601
2322 0.578034682081
2323 1.01156069364
2324 1.30057803468
2325 1.4450867052
2326 1.58959537572
2327 1.58959537572
2328 1.58959537572
2329 1.58959537572
2330 1.58959537572
2331 1.58959537572
2332 1.58959537572
2333 1.58959537572
2334 1.58959537572
2335 1.73410404624
2336 1.73410404624
2337 1.87861271676
2338 2.02312138728
2339 3.03468208092
2340 3.75722543353
2341 4.62427745665
2342 5.20231213873
2343 5.92485549133
2344 6.64739884393
2345 7.22543352601
2346 7.36994219653
2347 7.80346820809
2348 7.80346820809
2349 7.94797687861
2350 8.09248554913
2351 8.52601156069
2352 8.67052023121
2353 8.67052023121
2354 8.81502890173
2355 8.95953757225
2356 9.39306358382
2357 9.10404624277
2358 8.81502890173
2359 7.94797687861
2360 7.36994219653
2361 6.35838150289
2362 5.78034682081
2363 4.62427745665
2364 3.75722543353
2365 3.03468208092
2366 2.60115606936
2367 2.1676300578
2368 2.31213872832
2369 2.1676300578
2370 8.52601156069
2371 21.676300578
2372 34.5375722543
2373 43.3526011561
2374 48.5549132948
2375 52.7456647399
2376 54.3352601156
2377 55.9248554913
2378 56.2138728324
2379 56.0693641618
2380 55.9248554913
2381 55.9248554913
2382 55.9248554913
2383 55.9248554913
2384 55.7803468208
2385 55.7803468208
2386 55.7803468208
2387 55.7803468208
2388 55.6358381503
2389 55.6358381503
2390 49.1329479769
2391 35.549132948
2392 22.5433526012
2393 13.7283236994
2394 8.38150289017
2395 3.90173410405
2396 1.87861271676
2397 0.28901734104
2398 0.0
2399 0.0
2400 0.0
2401 0.0
2402 0.0
2403 0.0
2404 0.0
2405 0.0
2406 0.0
2407 0.0
2408 0.0
2409 0.0
2410 0.0
2411 0.0
2412 0.0
2413 0.0
2414 0.0
2415 0.0
2416 0.0
2417 0.0
2418 0.0
2419 0.0
2420 0.0
2421 0.0
2422 0.0
2423 0.0
2424 0.0
2425 0.0
2426 0.0
2427 0.0
2428 0.0
2429 0.0
2430 0.14450867052
2431 0.28901734104
2432 0.28901734104
2433 0.28901734104
2434 0.28901734104
2435 0.28901734104
2436 0.28901734104
2437 0.28901734104
2438 0.28901734104
2439 0.28901734104
2440 0.28901734104
2441 0.28901734104
2442 0.28901734104
2443 0.28901734104
2444 0.28901734104
2445 0.28901734104
2446 0.28901734104
2447 0.28901734104
2448 0.28901734104
2449 0.28901734104
2450 0.14450867052
2451 0.0
2452 0.0
2453 0.28901734104
2454 0.28901734104
2455 0.28901734104
2456 0.28901734104
2457 0.28901734104
2458 0.28901734104
2459 0.28901734104
2460 0.28901734104
2461 0.28901734104
2462 0.28901734104
2463 0.28901734104
2464 0.28901734104
2465 0.28901734104
2466 0.28901734104
2467 0.28901734104
2468 0.28901734104
2469 0.28901734104
2470 0.28901734104
2471 0.28901734104
2472 0.28901734104
2473 0.14450867052
2474 0.433526011561
2475 0.433526011561
2476 0.433526011561
2477 0.433526011561
2478 0.433526011561
2479 0.433526011561
2480 0.867052023121
2481 0.867052023121
2482 0.867052023121
2483 0.867052023121
2484 0.867052023121
2485 0.867052023121
2486 0.867052023121
2487 0.867052023121
2488 0.867052023121
2489 0.867052023121
2490 0.867052023121
2491 0.867052023121
2492 0.867052023121
2493 0.722543352601
2494 0.433526011561
2495 0.433526011561
2496 0.578034682081
2497 0.578034682081
2498 0.578034682081
2499 0.578034682081
2500 0.14450867052
2501 0.14450867052
2502 0.14450867052
2503 0.28901734104
2504 0.433526011561
2505 0.433526011561
2506 0.433526011561
2507 0.433526011561
2508 0.433526011561
2509 0.433526011561
2510 0.433526011561
2511 0.433526011561
2512 0.433526011561
2513 0.433526011561
2514 0.433526011561
2515 0.433526011561
2516 0.28901734104
2517 0.28901734104
2518 0.28901734104
2519 0.433526011561
2520 0.722543352601
2521 0.867052023121
2522 1.58959537572
2523 2.31213872832
2524 3.03468208092
2525 3.90173410405
2526 4.33526011561
2527 4.47976878613
2528 4.47976878613
2529 4.62427745665
2530 4.62427745665
2531 4.76878612717
2532 4.76878612717
2533 4.76878612717
2534 4.76878612717
2535 4.76878612717
2536 5.05780346821
2537 5.20231213873
2538 5.20231213873
2539 5.20231213873
2540 5.05780346821
2541 5.20231213873
2542 4.76878612717
2543 4.19075144509
2544 3.46820809249
2545 2.60115606936
2546 2.31213872832
2547 2.31213872832
2548 2.31213872832
2549 2.31213872832
2550 5.20231213873
2551 20.6647398844
2552 38.1502890173
2553 51.1560693642
2554 57.9479768786
2555 62.5722543353
2556 65.3179190751
2557 65.8959537572
2558 66.4739884393
2559 66.7630057803
2560 66.9075144509
2561 66.7630057803
2562 66.4739884393
2563 66.1849710983
2564 66.0404624277
2565 66.0404624277
2566 65.8959537572
2567 65.7514450867
2568 65.7514450867
2569 65.6069364162
2570 62.8612716763
2571 47.6878612717
2572 30.3468208092
2573 17.6300578035
2574 11.2716763006
2575 6.79190751445
2576 4.19075144509
2577 3.46820809249
2578 2.8901734104
2579 2.45664739884
2580 2.1676300578
2581 2.02312138728
2582 2.02312138728
2583 2.02312138728
2584 2.1676300578
2585 2.1676300578
2586 2.1676300578
2587 2.1676300578
2588 2.1676300578
2589 2.1676300578
2590 2.02312138728
2591 1.58959537572
2592 1.4450867052
2593 1.15606936416
2594 0.722543352601
2595 0.578034682081
2596 0.14450867052
2597 0.14450867052
2598 0.14450867052
2599 0.14450867052
2600 0.14450867052
2601 0.14450867052
2602 0.14450867052
2603 0.14450867052
2604 0.0
2605 0.14450867052
2606 0.14450867052
2607 0.14450867052
2608 0.14450867052
2609 0.14450867052
2610 0.14450867052
2611 0.28901734104
2612 0.28901734104
2613 0.433526011561
2614 0.722543352601
2615 0.722543352601
2616 0.867052023121
2617 0.867052023121
2618 1.01156069364
2619 1.01156069364
2620 1.01156069364
2621 1.01156069364
2622 1.01156069364
2623 1.01156069364
2624 1.01156069364
2625 0.867052023121
2626 0.867052023121
2627 0.867052023121
2628 0.867052023121
2629 0.867052023121
2630 1.01156069364
2631 0.867052023121
2632 1.01156069364
2633 0.867052023121
2634 0.578034682081
2635 0.722543352601
2636 0.578034682081
2637 0.578034682081
2638 0.578034682081
2639 0.578034682081
2640 0.578034682081
2641 0.578034682081
2642 0.578034682081
2643 0.578034682081
2644 0.578034682081
2645 0.578034682081
2646 0.578034682081
2647 0.578034682081
2648 0.578034682081
2649 0.578034682081
2650 0.433526011561
2651 0.433526011561
2652 0.433526011561
2653 0.578034682081
2654 0.578034682081
2655 0.433526011561
2656 0.578034682081
2657 0.578034682081
2658 0.433526011561
2659 0.433526011561
2660 0.578034682081
2661 0.578034682081
2662 0.578034682081
2663 0.578034682081
2664 0.578034682081
2665 0.578034682081
2666 0.578034682081
2667 0.578034682081
2668 0.578034682081
2669 0.578034682081
2670 0.578034682081
2671 0.578034682081
2672 0.433526011561
2673 0.578034682081
2674 0.578034682081
2675 1.01156069364
2676 1.01156069364
2677 1.15606936416
2678 1.15606936416
2679 1.30057803468
2680 1.30057803468
2681 1.30057803468
2682 1.4450867052
2683 1.4450867052
2684 1.4450867052
2685 1.4450867052
2686 1.4450867052
2687 1.4450867052
2688 1.4450867052
2689 1.4450867052
2690 1.4450867052
2691 1.4450867052
2692 1.58959537572
2693 1.30057803468
2694 1.30057803468
2695 0.867052023121
2696 0.722543352601
2697 0.578034682081
2698 0.578034682081
2699 0.433526011561
2700 0.433526011561
2701 0.433526011561
2702 0.433526011561
2703 0.578034682081
2704 0.722543352601
2705 0.722543352601
2706 0.722543352601
2707 0.722543352601
2708 0.722543352601
2709 0.867052023121
2710 0.867052023121
2711 0.867052023121
2712 0.722543352601
2713 0.722543352601
2714 0.722543352601
2715 0.722543352601
2716 0.722543352601
2717 0.867052023121
2718 0.867052023121
2719 0.867052023121
2720 0.867052023121
2721 0.867052023121
2722 0.722543352601
2723 0.722543352601
2724 1.15606936416
2725 1.15606936416
2726 1.30057803468
2727 1.30057803468
2728 1.30057803468
2729 1.15606936416
2730 1.15606936416
2731 1.15606936416
2732 1.15606936416
2733 1.30057803468
2734 1.4450867052
2735 1.58959537572
2736 1.73410404624
2737 2.31213872832
2738 2.31213872832
2739 2.45664739884
2740 3.03468208092
2741 4.19075144509
2742 5.92485549133
2743 7.36994219653
2744 7.80346820809
2745 9.24855491329
2746 9.39306358382
2747 9.39306358382
2748 9.68208092486
2749 9.68208092486
2750 9.68208092486
2751 9.68208092486
2752 9.82658959538
2753 9.68208092486
2754 9.53757225434
2755 9.53757225434
2756 10.549132948
2757 10.4046242775
2758 10.9826589595
2759 11.5606936416
2760 11.5606936416
2761 11.4161849711
2762 11.4161849711
2763 10.9826589595
2764 10.549132948
2765 9.53757225434
2766 9.39306358382
2767 9.53757225434
2768 9.53757225434
2769 9.82658959538
2770 11.1271676301
2771 16.3294797688
2772 25.4335260116
2773 38.4393063584
2774 45.5202312139
2775 48.8439306358
2776 51.0115606936
2777 52.6011560694
2778 53.7572254335
2779 53.901734104
2780 54.9132947977
2781 54.4797687861
2782 52.8901734104
2783 51.7341040462
2784 51.3005780347
2785 50.8670520231
2786 50.7225433526
2787 50.5780346821
2788 50.289017341
2789 50.0
2790 48.9884393064
2791 44.0751445087
2792 34.9710982659
2793 22.2543352601
2794 15.3179190751
2795 12.1387283237
2796 8.81502890173
2797 6.64739884393
2798 5.05780346821
2799 4.19075144509
2800 2.45664739884
2801 1.87861271676
2802 1.73410404624
2803 1.73410404624
2804 1.58959537572
2805 1.58959537572
2806 1.58959537572
2807 1.58959537572
2808 1.58959537572
2809 1.58959537572
2810 1.30057803468
2811 1.01156069364
2812 0.867052023121
2813 0.578034682081
2814 0.578034682081
2815 0.28901734104
2816 0.28901734104
2817 0.28901734104
2818 0.14450867052
2819 0.14450867052
2820 0.28901734104
2821 0.28901734104
2822 0.28901734104
2823 0.28901734104
2824 0.28901734104
2825 0.28901734104
2826 0.28901734104
2827 0.28901734104
2828 0.28901734104
2829 0.28901734104
2830 0.28901734104
2831 0.433526011561
2832 0.433526011561
2833 0.433526011561
2834 0.28901734104
2835 0.28901734104
2836 0.433526011561
2837 0.433526011561
2838 0.433526011561
2839 0.433526011561
2840 0.28901734104
2841 0.28901734104
2842 0.28901734104
2843 0.28901734104
2844 0.28901734104
2845 0.28901734104
2846 0.28901734104
2847 0.28901734104
2848 0.28901734104
2849 0.28901734104
2850 0.28901734104
2851 0.14450867052
2852 0.14450867052
2853 0.14450867052
2854 0.28901734104
2855 0.433526011561
2856 0.28901734104
2857 0.28901734104
2858 0.433526011561
2859 0.433526011561
2860 0.433526011561
2861 0.433526011561
2862 0.433526011561
2863 0.433526011561
2864 0.433526011561
2865 0.433526011561
2866 0.433526011561
2867 0.433526011561
2868 0.433526011561
2869 0.433526011561
2870 0.433526011561
2871 0.433526011561
2872 0.433526011561
2873 0.433526011561
2874 0.28901734104
2875 0.14450867052
2876 0.14450867052
2877 0.14450867052
2878 0.0
2879 0.0
2880 0.0
2881 0.0
2882 0.0
2883 0.0
2884 0.14450867052
2885 0.14450867052
2886 0.14450867052
2887 0.14450867052
2888 0.14450867052
2889 0.14450867052
2890 0.14450867052
2891 0.14450867052
2892 0.14450867052
2893 0.28901734104
2894 0.28901734104
2895 0.28901734104
2896 0.433526011561
2897 0.578034682081
2898 0.578034682081
2899 0.578034682081
2900 0.578034682081
2901 0.578034682081
2902 0.578034682081
2903 0.578034682081
2904 0.433526011561
2905 0.433526011561
2906 0.433526011561
2907 0.433526011561
2908 0.433526011561
2909 0.433526011561
2910 0.433526011561
2911 0.433526011561
2912 0.433526011561
2913 0.433526011561
2914 0.722543352601
2915 0.867052023121
2916 0.867052023121
2917 0.722543352601
2918 0.722543352601
2919 0.722543352601
2920 0.722543352601
2921 0.722543352601
2922 0.722543352601
2923 0.867052023121
2924 0.867052023121
2925 0.867052023121
2926 0.867052023121
2927 0.867052023121
2928 0.867052023121
2929 0.867052023121
2930 0.867052023121
2931 0.867052023121
2932 0.867052023121
2933 0.722543352601
2934 0.433526011561
2935 0.28901734104
2936 0.28901734104
2937 0.28901734104
2938 0.28901734104
2939 0.28901734104
2940 0.578034682081
2941 0.578034682081
2942 0.578034682081
2943 0.433526011561
2944 0.433526011561
2945 0.433526011561
2946 0.433526011561
2947 0.433526011561
2948 0.433526011561
2949 0.433526011561
2950 0.433526011561
2951 0.578034682081
2952 0.722543352601
2953 0.722543352601
2954 0.722543352601
2955 0.867052023121
2956 0.722543352601
2957 0.867052023121
2958 0.867052023121
2959 0.867052023121
2960 0.578034682081
2961 0.578034682081
2962 0.578034682081
2963 0.722543352601
2964 0.722543352601
2965 0.722543352601
2966 0.722543352601
2967 0.722543352601
2968 0.722543352601
2969 0.722543352601
2970 0.722543352601
2971 0.578034682081
2972 0.433526011561
2973 0.578034682081
2974 0.578034682081
2975 0.433526011561
2976 0.578034682081
2977 0.578034682081
2978 0.578034682081
2979 0.722543352601
2980 0.722543352601
2981 0.722543352601
2982 0.722543352601
2983 0.578034682081
2984 0.578034682081
2985 0.578034682081
2986 0.578034682081
2987 0.578034682081
2988 0.578034682081
2989 0.578034682081
2990 0.578034682081
2991 0.578034682081
2992 0.578034682081
2993 0.433526011561
2994 0.433526011561
2995 0.578034682081
2996 0.433526011561
2997 0.28901734104
2998 0.28901734104
2999 0.14450867052
3000 0.14450867052
3001 0.14450867052
3002 0.14450867052
3003 0.14450867052
3004 0.14450867052
3005 0.14450867052
3006 0.14450867052
3007 0.14450867052
3008 0.14450867052
3009 0.14450867052
3010 0.14450867052
3011 0.14450867052
3012 0.28901734104
3013 0.433526011561
3014 0.433526011561
3015 0.578034682081
3016 0.578034682081
3017 0.867052023121
3018 0.867052023121
3019 1.01156069364
3020 1.01156069364
3021 1.01156069364
3022 1.01156069364
3023 1.01156069364
3024 1.15606936416
3025 1.15606936416
3026 1.15606936416
3027 1.15606936416
3028 1.15606936416
3029 1.15606936416
3030 1.15606936416
3031 1.15606936416
3032 1.01156069364
3033 0.867052023121
3034 0.867052023121
3035 0.867052023121
3036 1.01156069364
3037 0.867052023121
3038 1.15606936416
3039 1.01156069364
3040 1.01156069364
3041 1.01156069364
3042 1.01156069364
3043 1.01156069364
3044 0.867052023121
3045 0.867052023121
3046 0.867052023121
3047 0.867052023121
3048 0.867052023121
3049 0.867052023121
3050 0.867052023121
3051 1.15606936416
3052 1.15606936416
3053 1.15606936416
3054 1.15606936416
3055 0.867052023121
3056 0.867052023121
3057 0.867052023121
3058 0.578034682081
3059 0.578034682081
3060 0.578034682081
3061 0.578034682081
3062 0.578034682081
3063 0.578034682081
3064 0.578034682081
3065 0.578034682081
3066 0.578034682081
3067 0.578034682081
3068 0.578034682081
3069 0.578034682081
3070 0.578034682081
3071 0.28901734104
3072 0.28901734104
3073 0.28901734104
3074 0.433526011561
3075 0.433526011561
3076 0.28901734104
3077 0.14450867052
3078 0.14450867052
3079 0.14450867052
3080 0.14450867052
3081 0.14450867052
3082 0.14450867052
3083 0.14450867052
3084 0.14450867052
3085 0.14450867052
3086 0.14450867052
3087 0.14450867052
3088 0.14450867052
3089 0.14450867052
3090 0.14450867052
3091 0.14450867052
3092 0.28901734104
3093 0.28901734104
3094 0.578034682081
3095 0.867052023121
3096 1.30057803468
3097 1.30057803468
3098 1.30057803468
3099 1.4450867052
3100 1.4450867052
3101 1.4450867052
3102 1.58959537572
3103 1.58959537572
3104 1.58959537572
3105 1.58959537572
3106 1.58959537572
3107 1.58959537572
3108 1.58959537572
3109 1.73410404624
3110 1.73410404624
3111 1.73410404624
3112 1.58959537572
3113 1.73410404624
3114 1.30057803468
3115 1.15606936416
3116 0.722543352601
3117 0.722543352601
3118 0.722543352601
3119 0.578034682081
3120 0.578034682081
3121 0.722543352601
3122 0.578034682081
3123 0.578034682081
3124 0.578034682081
3125 0.578034682081
3126 0.722543352601
3127 0.722543352601
3128 0.722543352601
3129 0.578034682081
3130 0.578034682081
3131 0.722543352601
3132 0.722543352601
3133 0.867052023121
3134 1.01156069364
3135 1.01156069364
3136 1.01156069364
3137 1.01156069364
3138 1.01156069364
3139 1.01156069364
3140 1.01156069364
3141 0.867052023121
3142 0.867052023121
3143 0.867052023121
3144 0.867052023121
3145 0.867052023121
3146 0.722543352601
3147 0.722543352601
3148 0.722543352601
3149 1.01156069364
3150 1.01156069364
3151 0.867052023121
3152 0.867052023121
3153 0.722543352601
3154 0.578034682081
3155 0.433526011561
3156 0.433526011561
3157 0.433526011561
3158 0.433526011561
3159 0.433526011561
3160 0.433526011561
3161 0.433526011561
3162 0.433526011561
3163 0.433526011561
3164 0.433526011561
3165 0.433526011561
3166 0.433526011561
3167 0.433526011561
3168 0.433526011561
3169 0.14450867052
3170 0.28901734104
3171 0.28901734104
3172 0.28901734104
3173 0.433526011561
3174 0.578034682081
3175 0.722543352601
3176 0.867052023121
3177 0.867052023121
3178 1.01156069364
3179 1.01156069364
3180 1.01156069364
3181 1.01156069364
3182 1.01156069364
3183 1.01156069364
3184 1.01156069364
3185 1.01156069364
3186 1.01156069364
3187 1.01156069364
3188 1.01156069364
3189 1.01156069364
3190 0.867052023121
3191 0.867052023121
3192 0.867052023121
3193 0.867052023121
3194 0.867052023121
3195 0.722543352601
3196 0.578034682081
3197 0.578034682081
3198 0.433526011561
3199 0.578034682081
3200 0.722543352601
3201 0.722543352601
3202 0.722543352601
3203 0.722543352601
3204 0.722543352601
3205 0.722543352601
3206 0.722543352601
3207 0.722543352601
3208 0.722543352601
3209 0.722543352601
3210 0.722543352601
3211 0.722543352601
3212 0.722543352601
3213 0.433526011561
3214 0.28901734104
3215 0.28901734104
3216 0.28901734104
3217 0.28901734104
3218 0.28901734104
3219 0.28901734104
3220 0.14450867052
3221 0.14450867052
3222 0.14450867052
3223 0.28901734104
3224 0.28901734104
3225 0.28901734104
3226 0.28901734104
3227 0.28901734104
3228 0.28901734104
3229 0.28901734104
3230 0.28901734104
3231 0.28901734104
3232 0.28901734104
3233 0.28901734104
3234 0.28901734104
3235 0.28901734104
3236 0.28901734104
3237 0.578034682081
3238 0.578034682081
3239 0.433526011561
3240 0.433526011561
3241 0.578034682081
3242 0.578034682081
3243 0.433526011561
3244 0.433526011561
3245 0.433526011561
3246 0.433526011561
3247 0.433526011561
3248 0.433526011561
3249 0.433526011561
3250 0.433526011561
3251 0.578034682081
3252 0.578034682081
3253 0.578034682081
3254 0.578034682081
3255 0.722543352601
3256 0.867052023121
3257 0.722543352601
3258 0.722543352601
3259 0.722543352601
3260 0.722543352601
3261 0.578034682081
3262 0.578034682081
3263 0.578034682081
3264 0.578034682081
3265 0.578034682081
3266 0.578034682081
3267 0.578034682081
3268 0.578034682081
3269 0.578034682081
3270 0.578034682081
3271 0.433526011561
3272 0.433526011561
3273 0.433526011561
3274 0.433526011561
3275 0.28901734104
3276 0.14450867052
3277 0.14450867052
3278 0.14450867052
3279 0.14450867052
3280 0.14450867052
3281 0.14450867052
3282 0.14450867052
3283 0.14450867052
3284 0.14450867052
3285 0.14450867052
3286 0.14450867052
3287 0.14450867052
3288 0.14450867052
3289 0.14450867052
3290 0.14450867052
3291 0.14450867052
3292 0.28901734104
3293 0.578034682081
3294 0.722543352601
3295 0.867052023121
3296 0.867052023121
3297 0.722543352601
3298 0.867052023121
3299 1.01156069364
3300 1.01156069364
3301 1.01156069364
3302 1.01156069364
3303 1.01156069364
3304 1.01156069364
3305 1.01156069364
3306 1.01156069364
3307 1.01156069364
3308 1.01156069364
3309 1.01156069364
3310 1.01156069364
3311 1.01156069364
3312 1.15606936416
3313 0.867052023121
3314 0.867052023121
3315 0.867052023121
3316 0.867052023121
3317 0.867052023121
3318 0.722543352601
3319 0.578034682081
3320 0.578034682081
3321 0.578034682081
3322 0.578034682081
3323 0.578034682081
3324 0.578034682081
3325 0.578034682081
3326 0.578034682081
3327 0.578034682081
3328 0.578034682081
3329 0.578034682081
3330 0.578034682081
3331 0.578034682081
3332 0.28901734104
3333 0.28901734104
3334 0.28901734104
3335 0.14450867052
3336 0.14450867052
3337 0.28901734104
3338 0.433526011561
3339 0.433526011561
3340 0.433526011561
3341 0.433526011561
3342 0.433526011561
3343 0.433526011561
3344 0.433526011561
3345 0.433526011561
3346 0.433526011561
3347 0.433526011561
3348 0.433526011561
3349 0.433526011561
3350 0.433526011561
3351 0.433526011561
3352 0.433526011561
3353 0.578034682081
3354 0.433526011561
3355 0.433526011561
3356 0.578034682081
3357 0.578034682081
3358 0.578034682081
3359 0.578034682081
3360 0.722543352601
3361 0.722543352601
3362 0.722543352601
3363 0.722543352601
3364 0.722543352601
3365 0.722543352601
3366 0.722543352601
3367 0.722543352601
3368 0.722543352601
3369 0.722543352601
3370 0.722543352601
3371 0.722543352601
3372 0.867052023121
3373 0.867052023121
3374 1.15606936416
3375 1.15606936416
3376 1.01156069364
3377 0.867052023121
3378 0.867052023121
3379 1.01156069364
3380 1.01156069364
3381 1.01156069364
3382 1.01156069364
3383 1.01156069364
3384 1.01156069364
3385 1.01156069364
3386 1.01156069364
3387 1.01156069364
3388 1.01156069364
3389 1.01156069364
3390 1.01156069364
3391 1.01156069364
3392 0.867052023121
3393 0.722543352601
3394 0.433526011561
3395 0.433526011561
3396 0.433526011561
3397 0.433526011561
3398 0.28901734104
3399 0.14450867052
3400 0.0
3401 0.0
3402 0.0
3403 0.0
3404 0.0
3405 0.0
3406 0.0
3407 0.0
3408 0.0
3409 0.0
3410 0.0
3411 0.0
3412 0.28901734104
3413 0.722543352601
3414 1.01156069364
3415 1.30057803468
3416 1.30057803468
3417 1.73410404624
3418 1.73410404624
3419 1.73410404624
3420 1.73410404624
3421 1.87861271676
3422 1.87861271676
3423 1.87861271676
3424 1.87861271676
3425 1.87861271676
3426 1.87861271676
3427 1.87861271676
3428 1.87861271676
3429 1.87861271676
3430 1.87861271676
3431 1.87861271676
3432 1.73410404624
3433 1.30057803468
3434 1.01156069364
3435 0.867052023121
3436 0.867052023121
3437 0.433526011561
3438 0.433526011561
3439 0.433526011561
