0 4.33526011561
1 4.33526011561
2 4.33526011561
3 4.33526011561
4 4.33526011561
5 4.33526011561
6 4.33526011561
7 4.33526011561
8 4.19075144509
9 4.19075144509
10 3.61271676301
11 2.45664739884
12 1.73410404624
13 1.01156069364
14 0.722543352601
15 0.28901734104
16 0.433526011561
17 0.433526011561
18 0.433526011561
19 0.433526011561
20 0.433526011561
21 0.433526011561
22 0.433526011561
23 0.433526011561
24 0.433526011561
25 0.578034682081
26 0.578034682081
27 0.578034682081
28 0.578034682081
29 0.578034682081
30 0.578034682081
31 0.578034682081
32 0.722543352601
33 0.722543352601
34 0.578034682081
35 0.578034682081
36 0.433526011561
37 0.433526011561
38 0.433526011561
39 0.433526011561
40 0.433526011561
41 0.433526011561
42 0.433526011561
43 0.433526011561
44 0.433526011561
45 0.28901734104
46 0.28901734104
47 0.28901734104
48 0.28901734104
49 0.14450867052
50 0.14450867052
51 0.14450867052
52 0.0
53 0.0
54 0.0
55 0.0
56 0.0
57 0.14450867052
58 0.14450867052
59 0.14450867052
60 0.14450867052
61 0.14450867052
62 0.14450867052
63 0.14450867052
64 0.14450867052
65 0.14450867052
66 0.14450867052
67 0.14450867052
68 0.28901734104
69 0.433526011561
70 0.433526011561
71 0.433526011561
72 0.433526011561
73 0.433526011561
74 0.433526011561
75 0.433526011561
76 0.433526011561
77 0.28901734104
78 0.28901734104
79 0.433526011561
80 0.578034682081
81 0.578034682081
82 0.578034682081
83 0.578034682081
84 0.722543352601
85 0.722543352601
86 0.722543352601
87 0.722543352601
88 0.578034682081
89 0.433526011561
90 0.433526011561
91 0.433526011561
92 0.578034682081
93 0.578034682081
94 0.578034682081
95 0.722543352601
96 0.722543352601
97 0.722543352601
98 0.722543352601
99 0.722543352601
100 0.578034682081
101 0.578034682081
102 0.722543352601
103 0.867052023121
104 0.722543352601
105 0.722543352601
106 0.722543352601
107 0.722543352601
108 0.722543352601
109 0.722543352601
110 0.722543352601
111 0.722543352601
112 0.578034682081
113 0.722543352601
114 0.722543352601
115 0.578034682081
116 0.578034682081
117 0.578034682081
118 0.578034682081
119 0.433526011561
120 0.433526011561
121 0.433526011561
122 0.28901734104
123 0.14450867052
124 0.28901734104
125 0.28901734104
126 0.28901734104
127 0.28901734104
128 0.28901734104
129 0.28901734104
130 0.28901734104
131 0.433526011561
132 0.433526011561
133 0.28901734104
134 0.28901734104
135 0.28901734104
136 0.28901734104
137 0.28901734104
138 0.28901734104
139 0.28901734104
140 0.28901734104
141 0.28901734104
142 0.28901734104
143 0.28901734104
144 0.14450867052
145 0.14450867052
146 0.14450867052
147 0.14450867052
148 0.14450867052
149 0.14450867052
150 0.28901734104
151 0.14450867052
152 0.14450867052
153 0.14450867052
154 0.14450867052
155 0.14450867052
156 0.14450867052
157 0.14450867052
158 0.14450867052
159 0.14450867052
160 0.14450867052
161 0.14450867052
162 0.14450867052
163 0.14450867052
164 0.14450867052
165 0.14450867052
166 0.14450867052
167 0.14450867052
168 0.14450867052
169 0.28901734104
170 0.14450867052
171 0.14450867052
172 0.14450867052
173 0.14450867052
174 0.28901734104
175 0.28901734104
176 0.28901734104
177 0.28901734104
178 0.28901734104
179 0.28901734104
180 0.28901734104
181 0.28901734104
182 0.28901734104
183 0.28901734104
184 0.28901734104
185 0.28901734104
186 0.28901734104
187 0.433526011561
188 0.433526011561
189 0.28901734104
190 0.28901734104
191 0.28901734104
192 0.28901734104
193 0.578034682081
194 0.578034682081
195 0.578034682081
196 0.578034682081
197 0.578034682081
198 0.578034682081
199 0.578034682081
200 0.578034682081
201 0.578034682081
202 0.578034682081
203 0.578034682081
204 0.578034682081
205 0.578034682081
206 0.722543352601
207 0.578034682081
208 0.578034682081
209 0.578034682081
210 0.578034682081
211 0.578034682081
212 0.578034682081
213 0.28901734104
214 0.14450867052
215 0.14450867052
216 0.14450867052
217 0.28901734104
218 0.28901734104
219 0.28901734104
220 0.433526011561
221 0.433526011561
222 0.433526011561
223 0.433526011561
224 0.433526011561
225 0.433526011561
226 0.28901734104
227 0.28901734104
228 0.28901734104
229 0.28901734104
230 0.28901734104
231 0.28901734104
232 0.28901734104
233 0.28901734104
234 0.28901734104
235 0.28901734104
236 0.28901734104
237 0.14450867052
238 0.14450867052
239 0.28901734104
240 0.14450867052
241 0.14450867052
242 0.14450867052
243 0.14450867052
244 0.14450867052
245 0.14450867052
246 0.14450867052
247 0.14450867052
248 0.14450867052
249 0.14450867052
250 0.14450867052
251 0.14450867052
252 0.14450867052
253 0.14450867052
254 0.14450867052
255 0.14450867052
256 0.28901734104
257 0.28901734104
258 0.28901734104
259 0.14450867052
260 0.14450867052
261 0.28901734104
262 0.28901734104
263 0.28901734104
264 0.28901734104
265 0.28901734104
266 0.28901734104
267 0.28901734104
268 0.28901734104
269 0.28901734104
270 0.28901734104
271 0.28901734104
272 0.28901734104
273 0.28901734104
274 0.28901734104
275 0.28901734104
276 0.14450867052
277 0.14450867052
278 0.14450867052
279 0.14450867052
280 0.14450867052
281 0.0
282 0.0
283 0.0
284 0.0
285 0.0
286 0.0
287 0.0
288 0.0
289 0.0
290 0.0
291 0.0
292 0.28901734104
293 0.28901734104
294 0.28901734104
295 0.28901734104
296 0.28901734104
297 0.28901734104
298 0.28901734104
299 1.01156069364
300 1.15606936416
301 1.30057803468
302 1.30057803468
303 1.30057803468
304 1.30057803468
305 1.30057803468
306 1.30057803468
307 1.30057803468
308 1.30057803468
309 1.30057803468
310 1.30057803468
311 1.30057803468
312 1.01156069364
313 1.01156069364
314 1.15606936416
315 1.30057803468
316 1.30057803468
317 1.58959537572
318 1.58959537572
319 0.867052023121
320 0.722543352601
321 0.578034682081
322 0.578034682081
323 0.578034682081
324 0.578034682081
325 0.578034682081
326 0.578034682081
327 0.578034682081
328 0.578034682081
329 0.578034682081
330 0.578034682081
331 0.578034682081
332 0.578034682081
333 0.578034682081
334 0.578034682081
335 0.433526011561
336 0.433526011561
337 0.28901734104
338 0.433526011561
339 0.433526011561
340 0.433526011561
341 0.433526011561
342 0.433526011561
343 0.433526011561
344 0.578034682081
345 0.578034682081
346 0.578034682081
347 0.578034682081
348 0.578034682081
349 0.578034682081
350 0.578034682081
351 0.578034682081
352 0.578034682081
353 0.578034682081
354 0.433526011561
355 0.433526011561
356 0.722543352601
357 0.578034682081
358 0.433526011561
359 0.433526011561
360 0.433526011561
361 0.578034682081
362 0.578034682081
363 0.578034682081
364 0.433526011561
365 0.433526011561
366 0.433526011561
367 0.433526011561
368 0.433526011561
369 0.433526011561
370 0.433526011561
371 0.578034682081
372 0.578034682081
373 0.578034682081
374 0.578034682081
375 0.578034682081
376 0.433526011561
377 0.433526011561
378 0.433526011561
379 0.433526011561
380 0.433526011561
381 0.28901734104
382 0.433526011561
383 0.433526011561
384 0.433526011561
385 0.433526011561
386 0.433526011561
387 0.433526011561
388 0.433526011561
389 0.433526011561
390 0.433526011561
391 0.28901734104
392 0.28901734104
393 0.28901734104
394 0.28901734104
395 0.28901734104
396 0.14450867052
397 0.14450867052
398 0.28901734104
399 0.28901734104
400 0.28901734104
401 0.433526011561
402 0.433526011561
403 0.433526011561
404 0.433526011561
405 0.433526011561
406 0.433526011561
407 0.433526011561
408 0.433526011561
409 0.433526011561
410 0.433526011561
411 0.433526011561
412 0.578034682081
413 0.578034682081
414 0.578034682081
415 0.578034682081
416 0.578034682081
417 0.578034682081
418 0.578034682081
419 0.578034682081
420 0.578034682081
421 0.433526011561
422 0.28901734104
423 0.28901734104
424 0.28901734104
425 0.28901734104
426 0.28901734104
427 0.28901734104
428 0.28901734104
429 0.28901734104
430 0.433526011561
431 0.433526011561
432 0.28901734104
433 0.28901734104
434 0.28901734104
435 0.28901734104
436 0.28901734104
437 0.433526011561
438 0.28901734104
439 0.28901734104
440 0.28901734104
441 0.433526011561
442 0.433526011561
443 0.433526011561
444 0.433526011561
445 0.433526011561
446 0.433526011561
447 0.433526011561
448 0.433526011561
449 0.433526011561
450 0.28901734104
451 0.28901734104
452 0.28901734104
453 0.28901734104
454 0.28901734104
455 0.28901734104
456 0.28901734104
457 0.28901734104
458 0.28901734104
459 0.28901734104
460 0.28901734104
461 0.14450867052
462 0.14450867052
463 0.14450867052
464 0.14450867052
465 0.14450867052
466 0.14450867052
467 0.14450867052
468 0.14450867052
469 0.14450867052
470 0.14450867052
471 0.14450867052
472 0.14450867052
473 0.14450867052
474 0.14450867052
475 0.578034682081
476 1.4450867052
477 1.30057803468
478 1.30057803468
479 1.30057803468
480 1.30057803468
481 1.30057803468
482 1.30057803468
483 1.30057803468
484 1.30057803468
485 1.30057803468
486 1.30057803468
487 1.30057803468
488 1.30057803468
489 1.30057803468
490 1.30057803468
491 1.30057803468
492 1.30057803468
493 1.30057803468
494 1.58959537572
495 1.15606936416
496 0.28901734104
497 0.28901734104
498 0.28901734104
499 0.28901734104
500 0.28901734104
501 0.28901734104
502 0.28901734104
503 0.28901734104
504 0.28901734104
505 0.28901734104
506 0.28901734104
507 0.28901734104
508 0.28901734104
509 0.28901734104
510 0.433526011561
511 0.433526011561
512 0.578034682081
513 0.578034682081
514 0.28901734104
515 0.28901734104
516 0.28901734104
517 0.28901734104
518 0.433526011561
519 0.433526011561
520 0.433526011561
521 0.433526011561
522 0.433526011561
523 0.433526011561
524 0.578034682081
525 0.578034682081
526 0.578034682081
527 0.578034682081
528 0.578034682081
529 0.578034682081
530 0.433526011561
531 0.433526011561
532 0.28901734104
533 0.578034682081
534 0.578034682081
535 0.578034682081
536 0.722543352601
537 0.722543352601
538 0.578034682081
539 0.578034682081
540 0.578034682081
541 0.578034682081
542 0.578034682081
543 0.578034682081
544 0.433526011561
545 0.433526011561
546 0.433526011561
547 0.433526011561
548 0.433526011561
549 0.433526011561
550 0.433526011561
551 0.433526011561
552 0.433526011561
553 0.14450867052
554 0.14450867052
555 0.14450867052
556 0.0
557 0.0
558 0.0
559 0.0
560 0.0
561 0.0
562 0.0
563 0.28901734104
564 0.28901734104
565 0.28901734104
566 0.28901734104
567 0.28901734104
568 0.28901734104
569 0.28901734104
570 0.28901734104
571 0.28901734104
572 0.28901734104
573 0.28901734104
574 0.28901734104
575 0.28901734104
576 0.28901734104
577 0.28901734104
578 0.433526011561
579 0.433526011561
580 0.578034682081
581 0.578034682081
582 0.578034682081
583 0.28901734104
584 0.28901734104
585 0.433526011561
586 0.433526011561
587 0.433526011561
588 0.433526011561
589 0.433526011561
590 0.433526011561
591 0.433526011561
592 0.433526011561
593 0.578034682081
594 0.578034682081
595 0.578034682081
596 0.578034682081
597 0.578034682081
598 0.433526011561
599 0.578034682081
600 0.433526011561
601 0.433526011561
602 0.433526011561
603 0.433526011561
604 0.433526011561
605 0.28901734104
606 0.28901734104
607 0.28901734104
608 0.28901734104
609 0.28901734104
610 0.28901734104
611 0.433526011561
612 0.433526011561
613 0.28901734104
614 0.28901734104
615 0.28901734104
616 0.28901734104
617 0.433526011561
618 0.433526011561
619 0.28901734104
620 0.28901734104
621 0.433526011561
622 0.722543352601
623 0.722543352601
624 0.722543352601
625 1.30057803468
626 1.30057803468
627 1.30057803468
628 1.30057803468
629 1.30057803468
630 1.30057803468
631 1.15606936416
632 1.15606936416
633 1.15606936416
634 1.15606936416
635 1.15606936416
636 1.15606936416
637 1.01156069364
638 1.01156069364
639 1.01156069364
640 1.01156069364
641 0.867052023121
642 0.578034682081
643 2.60115606936
644 2.60115606936
645 2.02312138728
646 2.02312138728
647 2.74566473988
648 2.74566473988
649 2.74566473988
650 2.74566473988
651 2.74566473988
652 2.74566473988
653 2.74566473988
654 2.74566473988
655 2.74566473988
656 2.74566473988
657 3.75722543353
658 3.75722543353
659 3.75722543353
660 3.75722543353
661 3.75722543353
662 3.75722543353
663 1.73410404624
664 1.73410404624
665 1.73410404624
666 1.73410404624
667 1.01156069364
668 1.01156069364
669 1.01156069364
670 3.03468208092
671 3.03468208092
672 3.03468208092
673 3.03468208092
674 3.03468208092
675 4.62427745665
676 4.62427745665
677 3.61271676301
678 3.61271676301
679 3.61271676301
680 3.61271676301
681 3.61271676301
682 3.61271676301
683 3.61271676301
684 3.61271676301
685 3.61271676301
686 3.61271676301
687 3.61271676301
688 3.61271676301
689 3.61271676301
690 1.58959537572
691 1.58959537572
692 1.87861271676
693 1.87861271676
694 2.02312138728
695 0.433526011561
696 0.722543352601
697 0.722543352601
698 0.722543352601
699 0.722543352601
700 0.722543352601
701 0.722543352601
702 0.722543352601
703 0.722543352601
704 0.722543352601
705 0.722543352601
706 0.722543352601
707 0.722543352601
708 0.722543352601
709 0.722543352601
710 0.722543352601
711 0.722543352601
712 0.433526011561
713 0.722543352601
714 0.578034682081
715 0.578034682081
716 0.28901734104
717 0.28901734104
718 0.28901734104
719 0.28901734104
720 0.28901734104
721 0.28901734104
722 0.28901734104
723 0.28901734104
724 0.28901734104
725 0.28901734104
726 0.28901734104
727 0.28901734104
728 0.28901734104
729 0.28901734104
730 0.28901734104
731 0.28901734104
732 0.433526011561
733 0.14450867052
734 0.28901734104
735 0.28901734104
736 0.28901734104
737 0.28901734104
738 0.28901734104
739 0.28901734104
740 0.28901734104
741 0.28901734104
742 0.28901734104
743 0.28901734104
744 0.28901734104
745 0.28901734104
746 0.28901734104
747 0.28901734104
748 0.28901734104
749 0.28901734104
750 0.28901734104
751 0.28901734104
752 0.433526011561
753 0.722543352601
754 0.578034682081
755 0.578034682081
756 0.722543352601
757 0.722543352601
758 0.722543352601
759 0.722543352601
760 0.722543352601
761 0.722543352601
762 0.722543352601
763 0.722543352601
764 0.722543352601
765 0.722543352601
766 0.722543352601
767 0.722543352601
768 0.722543352601
769 0.722543352601
770 0.722543352601
771 0.722543352601
772 0.433526011561
773 0.14450867052
774 0.14450867052
775 0.14450867052
776 0.0
777 0.0
778 0.0
779 0.0
780 0.0
781 0.0
782 0.0
783 0.14450867052
784 0.433526011561
785 0.433526011561
786 0.433526011561
787 0.433526011561
788 0.433526011561
789 0.433526011561
790 0.433526011561
791 0.433526011561
792 0.433526011561
793 0.433526011561
794 0.433526011561
795 0.433526011561
796 0.433526011561
797 0.433526011561
798 0.433526011561
799 0.433526011561
800 0.433526011561
801 0.433526011561
802 0.433526011561
803 0.28901734104
804 0.0
805 0.0
806 0.0
807 0.0
808 0.0
809 0.0
810 0.0
811 0.0
812 0.0
813 0.0
814 0.0
815 0.14450867052
816 0.14450867052
817 0.14450867052
818 0.14450867052
819 0.14450867052
820 0.14450867052
821 0.14450867052
822 0.14450867052
823 0.14450867052
824 0.14450867052
825 0.14450867052
826 0.14450867052
827 0.14450867052
828 0.14450867052
829 0.14450867052
830 0.578034682081
831 0.578034682081
832 0.578034682081
833 0.578034682081
834 0.578034682081
835 0.433526011561
836 3.03468208092
837 3.03468208092
838 3.03468208092
839 3.03468208092
840 3.03468208092
841 3.03468208092
842 3.03468208092
843 3.17919075145
844 3.17919075145
845 3.17919075145
846 3.17919075145
847 3.17919075145
848 3.17919075145
849 3.17919075145
850 2.74566473988
851 3.32369942197
852 3.32369942197
853 3.46820809249
854 3.46820809249
855 3.46820809249
856 0.867052023121
857 0.867052023121
858 0.867052023121
859 0.867052023121
860 0.867052023121
861 0.867052023121
862 0.867052023121
863 0.722543352601
864 0.722543352601
865 0.722543352601
866 0.722543352601
867 0.722543352601
868 0.722543352601
869 0.722543352601
870 0.867052023121
871 0.433526011561
872 0.433526011561
873 0.28901734104
874 0.28901734104
875 0.28901734104
876 0.28901734104
877 0.28901734104
878 0.28901734104
879 0.28901734104
880 0.28901734104
881 0.28901734104
882 0.28901734104
883 0.28901734104
884 0.28901734104
885 0.28901734104
886 0.28901734104
887 0.28901734104
888 0.28901734104
889 0.28901734104
890 0.14450867052
891 0.0
892 0.0
893 0.14450867052
894 0.14450867052
895 0.14450867052
896 0.14450867052
897 0.14450867052
898 0.14450867052
899 0.14450867052
900 0.14450867052
901 0.14450867052
902 0.28901734104
903 0.28901734104
904 0.28901734104
905 0.28901734104
906 0.28901734104
907 0.28901734104
908 0.28901734104
909 0.28901734104
910 0.28901734104
911 0.28901734104
912 0.28901734104
913 0.14450867052
914 0.14450867052
915 0.14450867052
916 0.28901734104
917 0.28901734104
918 0.28901734104
919 0.28901734104
920 0.433526011561
921 0.433526011561
922 0.28901734104
923 0.28901734104
924 0.28901734104
925 0.433526011561
926 0.433526011561
927 0.578034682081
928 0.578034682081
929 0.578034682081
930 0.578034682081
931 0.578034682081
932 0.578034682081
933 0.722543352601
934 0.722543352601
935 0.722543352601
936 0.578034682081
937 0.578034682081
938 0.578034682081
939 0.578034682081
940 0.433526011561
941 0.433526011561
942 0.433526011561
943 0.433526011561
944 0.433526011561
945 0.28901734104
946 0.28901734104
947 0.14450867052
948 0.14450867052
949 0.14450867052
950 0.14450867052
951 0.14450867052
952 0.14450867052
953 0.0
954 0.0
955 0.14450867052
956 0.28901734104
957 0.28901734104
958 0.28901734104
959 0.433526011561
960 0.433526011561
961 0.433526011561
962 0.433526011561
963 0.433526011561
964 0.433526011561
965 0.433526011561
966 0.433526011561
967 0.578034682081
968 0.578034682081
969 0.578034682081
970 0.578034682081
971 0.578034682081
972 0.578034682081
973 0.578034682081
974 0.578034682081
975 0.433526011561
976 0.28901734104
977 0.28901734104
978 0.433526011561
979 0.28901734104
980 0.28901734104
981 0.28901734104
982 0.28901734104
983 0.28901734104
984 0.28901734104
985 0.28901734104
986 0.28901734104
987 0.14450867052
988 0.14450867052
989 0.14450867052
990 0.14450867052
991 0.14450867052
992 0.14450867052
993 0.14450867052
994 0.14450867052
995 0.14450867052
996 0.14450867052
997 0.14450867052
998 0.14450867052
999 0.14450867052
1000 0.14450867052
1001 0.14450867052
1002 0.28901734104
1003 0.28901734104
1004 0.433526011561
1005 0.433526011561
1006 0.433526011561
1007 0.433526011561
1008 0.433526011561
1009 0.433526011561
1010 0.578034682081
1011 0.578034682081
1012 0.722543352601
1013 0.722543352601
1014 0.722543352601
1015 0.722543352601
1016 0.722543352601
1017 0.722543352601
1018 0.578034682081
1019 0.578034682081
1020 0.578034682081
1021 0.578034682081
1022 0.433526011561
1023 0.433526011561
1024 0.28901734104
1025 0.28901734104
1026 0.28901734104
1027 0.28901734104
1028 0.28901734104
1029 0.28901734104
1030 0.14450867052
1031 0.14450867052
1032 0.0
1033 0.0
1034 0.0
1035 0.14450867052
1036 0.14450867052
1037 0.14450867052
1038 0.14450867052
1039 0.14450867052
1040 0.14450867052
1041 0.14450867052
1042 0.14450867052
1043 0.14450867052
1044 0.14450867052
1045 0.14450867052
1046 0.14450867052
1047 0.14450867052
1048 0.14450867052
1049 0.14450867052
1050 0.14450867052
1051 0.14450867052
1052 0.14450867052
1053 0.14450867052
1054 0.14450867052
1055 0.0
1056 0.0
1057 0.0
1058 0.0
1059 0.0
1060 0.0
1061 0.0
1062 0.0
1063 0.0
1064 0.0
1065 0.0
1066 0.0
1067 0.0
1068 0.0
1069 0.0
1070 0.0
1071 0.0
1072 0.0
1073 0.14450867052
1074 0.14450867052
1075 0.14450867052
1076 0.14450867052
1077 0.14450867052
1078 0.14450867052
1079 0.14450867052
1080 0.14450867052
1081 0.14450867052
1082 0.14450867052
1083 0.14450867052
1084 0.14450867052
1085 0.14450867052
1086 0.14450867052
1087 0.14450867052
1088 0.14450867052
1089 0.14450867052
1090 0.14450867052
1091 0.14450867052
1092 0.14450867052
1093 0.14450867052
1094 0.14450867052
1095 0.14450867052
1096 0.14450867052
1097 0.14450867052
1098 0.28901734104
1099 0.433526011561
1100 0.433526011561
1101 0.433526011561
1102 0.578034682081
1103 1.01156069364
1104 1.01156069364
1105 1.4450867052
1106 1.4450867052
1107 1.4450867052
1108 1.4450867052
1109 1.4450867052
1110 1.4450867052
1111 1.4450867052
1112 1.4450867052
1113 1.30057803468
1114 1.30057803468
1115 1.30057803468
1116 1.30057803468
1117 1.30057803468
1118 1.15606936416
1119 1.01156069364
1120 1.01156069364
1121 2.31213872832
1122 2.1676300578
1123 1.73410404624
1124 1.73410404624
1125 1.30057803468
1126 1.87861271676
1127 1.87861271676
1128 1.87861271676
1129 1.87861271676
1130 1.87861271676
1131 1.87861271676
1132 1.87861271676
1133 1.87861271676
1134 1.87861271676
1135 1.87861271676
1136 1.87861271676
1137 1.87861271676
1138 4.62427745665
1139 4.62427745665
1140 4.62427745665
1141 3.32369942197
1142 3.32369942197
1143 3.32369942197
1144 3.32369942197
1145 3.32369942197
1146 2.74566473988
1147 2.74566473988
1148 2.74566473988
1149 2.74566473988
1150 2.74566473988
1151 2.74566473988
1152 4.33526011561
1153 4.33526011561
1154 4.33526011561
1155 4.76878612717
1156 5.49132947977
1157 5.49132947977
1158 2.74566473988
1159 2.74566473988
1160 2.8901734104
1161 2.8901734104
1162 3.03468208092
1163 3.03468208092
1164 3.03468208092
1165 3.03468208092
1166 3.17919075145
1167 3.17919075145
1168 3.32369942197
1169 3.32369942197
1170 3.32369942197
1171 5.34682080925
1172 3.75722543353
1173 3.75722543353
1174 3.75722543353
1175 3.32369942197
1176 2.60115606936
1177 2.60115606936
1178 2.60115606936
1179 2.60115606936
1180 2.45664739884
1181 2.45664739884
1182 2.31213872832
1183 2.31213872832
1184 2.31213872832
1185 2.31213872832
1186 2.1676300578
1187 2.1676300578
1188 2.02312138728
1189 2.02312138728
1190 2.02312138728
1191 0.0
1192 0.14450867052
1193 0.28901734104
1194 0.433526011561
1195 0.433526011561
1196 0.433526011561
1197 0.433526011561
1198 0.433526011561
1199 0.433526011561
1200 0.433526011561
1201 0.433526011561
1202 0.433526011561
1203 0.433526011561
1204 0.433526011561
1205 0.433526011561
1206 0.433526011561
1207 0.433526011561
1208 0.433526011561
1209 0.433526011561
1210 0.433526011561
1211 0.433526011561
1212 0.28901734104
1213 0.14450867052
1214 0.0
1215 0.0
1216 0.0
1217 0.14450867052
1218 0.14450867052
1219 0.14450867052
1220 0.14450867052
1221 0.14450867052
1222 0.14450867052
1223 0.14450867052
1224 0.14450867052
1225 0.14450867052
1226 0.14450867052
1227 0.14450867052
1228 0.14450867052
1229 0.14450867052
1230 0.14450867052
1231 0.28901734104
1232 0.28901734104
1233 0.28901734104
1234 0.433526011561
1235 0.433526011561
1236 0.433526011561
1237 0.28901734104
1238 0.28901734104
1239 0.433526011561
1240 0.433526011561
1241 0.433526011561
1242 0.433526011561
1243 0.433526011561
1244 0.433526011561
1245 0.433526011561
1246 0.433526011561
1247 0.433526011561
1248 0.433526011561
1249 0.433526011561
1250 0.433526011561
1251 0.28901734104
1252 0.28901734104
1253 0.28901734104
1254 0.14450867052
1255 0.14450867052
1256 0.14450867052
1257 0.14450867052
1258 0.14450867052
1259 0.0
1260 0.0
1261 0.0
1262 0.0
1263 0.0
1264 0.0
1265 0.0
1266 0.0
1267 0.0
1268 0.0
1269 0.0
1270 0.0
1271 0.0
1272 0.0
1273 0.0
1274 0.0
1275 0.0
1276 0.0
1277 0.0
1278 0.0
1279 0.0
1280 0.0
1281 0.14450867052
1282 0.14450867052
1283 0.14450867052
1284 0.14450867052
1285 0.14450867052
1286 0.14450867052
1287 0.14450867052
1288 0.14450867052
1289 0.14450867052
1290 0.14450867052
1291 0.14450867052
1292 0.14450867052
1293 0.14450867052
1294 0.14450867052
1295 0.14450867052
1296 0.14450867052
1297 0.14450867052
1298 0.14450867052
1299 0.14450867052
1300 0.14450867052
1301 0.0
1302 0.0
1303 0.0
1304 0.0
1305 0.433526011561
1306 0.433526011561
1307 0.433526011561
1308 0.433526011561
1309 0.433526011561
1310 0.433526011561
1311 0.433526011561
1312 0.433526011561
1313 0.433526011561
1314 0.433526011561
1315 0.433526011561
1316 0.578034682081
1317 0.578034682081
1318 0.578034682081
1319 0.578034682081
1320 0.722543352601
1321 0.722543352601
1322 0.722543352601
1323 0.722543352601
1324 0.722543352601
1325 0.28901734104
1326 0.28901734104
1327 0.28901734104
1328 0.28901734104
1329 0.28901734104
1330 0.28901734104
1331 0.433526011561
1332 0.433526011561
1333 0.433526011561
1334 0.433526011561
1335 0.433526011561
1336 0.433526011561
1337 0.433526011561
1338 0.433526011561
1339 0.433526011561
1340 0.28901734104
1341 0.28901734104
1342 0.28901734104
1343 0.28901734104
1344 0.28901734104
1345 0.433526011561
1346 0.433526011561
1347 0.433526011561
1348 0.433526011561
1349 0.433526011561
1350 0.433526011561
1351 0.28901734104
1352 0.28901734104
1353 0.28901734104
1354 0.28901734104
1355 0.28901734104
1356 0.14450867052
1357 0.14450867052
1358 0.14450867052
1359 0.14450867052
1360 0.14450867052
1361 0.14450867052
1362 0.14450867052
1363 0.14450867052
1364 0.14450867052
1365 0.0
1366 0.0
1367 0.0
1368 0.0
1369 0.0
1370 0.28901734104
1371 0.722543352601
1372 0.722543352601
1373 1.30057803468
1374 1.73410404624
1375 1.73410404624
1376 1.73410404624
1377 1.73410404624
1378 1.73410404624
1379 1.73410404624
1380 1.73410404624
1381 1.73410404624
1382 1.73410404624
1383 1.73410404624
1384 1.73410404624
1385 1.73410404624
1386 1.73410404624
1387 1.73410404624
1388 1.73410404624
1389 1.73410404624
1390 1.4450867052
1391 1.01156069364
1392 1.01156069364
1393 0.433526011561
1394 0.0
1395 0.0
1396 0.14450867052
1397 0.14450867052
1398 0.14450867052
1399 0.14450867052
1400 0.14450867052
1401 0.14450867052
1402 0.14450867052
1403 0.14450867052
1404 0.14450867052
1405 0.14450867052
1406 0.14450867052
1407 0.14450867052
1408 0.14450867052
1409 0.14450867052
1410 0.14450867052
1411 0.14450867052
1412 0.14450867052
1413 0.14450867052
1414 0.28901734104
1415 0.433526011561
1416 0.28901734104
1417 0.28901734104
1418 0.28901734104
1419 0.28901734104
1420 0.28901734104
1421 0.28901734104
1422 0.28901734104
1423 0.28901734104
1424 0.28901734104
1425 0.28901734104
1426 0.28901734104
1427 0.28901734104
1428 0.28901734104
1429 0.28901734104
1430 0.28901734104
1431 0.28901734104
1432 0.28901734104
1433 0.433526011561
1434 0.28901734104
1435 0.14450867052
1436 0.28901734104
1437 0.433526011561
1438 0.433526011561
1439 0.433526011561
1440 0.433526011561
1441 0.433526011561
1442 0.433526011561
1443 0.433526011561
1444 0.433526011561
1445 0.433526011561
1446 0.433526011561
1447 0.433526011561
1448 0.433526011561
1449 0.433526011561
1450 0.433526011561
1451 0.433526011561
1452 0.433526011561
1453 0.28901734104
1454 0.28901734104
1455 0.28901734104
1456 0.14450867052
1457 0.0
1458 0.0
1459 0.0
1460 0.0
1461 0.0
1462 0.0
1463 0.0
1464 0.0
1465 0.0
1466 0.0
1467 0.0
1468 0.0
1469 0.0
1470 0.0
1471 0.0
1472 0.0
1473 0.0
1474 0.0
1475 0.0
1476 0.0
1477 0.0
1478 0.0
1479 0.0
1480 0.0
1481 0.0
1482 0.0
1483 0.0
1484 0.0
1485 0.0
1486 0.0
1487 0.0
1488 0.0
1489 0.0
1490 0.0
1491 0.0
1492 0.0
1493 0.0
1494 0.0
1495 0.0
1496 0.0
1497 0.0
1498 0.0
1499 0.0
1500 0.0
1501 0.0
1502 0.0
1503 0.0
1504 0.0
1505 0.0
1506 0.0
1507 0.0
1508 0.14450867052
1509 0.14450867052
1510 0.14450867052
1511 0.14450867052
1512 0.14450867052
1513 0.14450867052
1514 0.14450867052
1515 0.14450867052
1516 0.14450867052
1517 0.28901734104
1518 0.433526011561
1519 0.433526011561
1520 0.433526011561
1521 0.433526011561
1522 0.433526011561
1523 0.433526011561
1524 0.433526011561
1525 0.433526011561
1526 0.433526011561
1527 0.433526011561
1528 0.28901734104
1529 0.28901734104
1530 0.28901734104
1531 0.28901734104
1532 0.28901734104
1533 0.433526011561
1534 0.433526011561
1535 0.722543352601
1536 0.722543352601
1537 0.578034682081
1538 0.433526011561
1539 0.433526011561
1540 0.433526011561
1541 0.433526011561
1542 0.433526011561
1543 0.433526011561
1544 0.433526011561
1545 0.433526011561
1546 0.433526011561
1547 0.433526011561
1548 0.433526011561
1549 0.433526011561
1550 0.433526011561
1551 0.433526011561
1552 0.433526011561
1553 0.28901734104
1554 0.28901734104
1555 0.0
1556 0.0
1557 0.0
1558 0.0
1559 0.0
1560 0.0
1561 0.0
1562 0.0
1563 0.0
1564 0.0
1565 0.0
1566 0.0
1567 0.0
1568 0.0
1569 0.0
1570 0.0
1571 0.14450867052
1572 0.14450867052
1573 0.14450867052
1574 0.14450867052
1575 0.14450867052
1576 0.14450867052
1577 0.14450867052
1578 0.14450867052
1579 0.14450867052
1580 0.14450867052
1581 0.14450867052
1582 0.14450867052
1583 0.14450867052
1584 0.14450867052
1585 0.14450867052
1586 0.14450867052
1587 0.14450867052
1588 0.14450867052
1589 0.14450867052
1590 0.14450867052
1591 0.0
1592 0.14450867052
1593 0.14450867052
1594 0.14450867052
1595 0.14450867052
1596 0.14450867052
1597 0.14450867052
1598 0.14450867052
1599 0.14450867052
1600 0.14450867052
1601 0.14450867052
1602 0.14450867052
1603 0.14450867052
1604 0.14450867052
1605 0.14450867052
1606 0.14450867052
1607 0.14450867052
1608 0.14450867052
1609 0.14450867052
1610 0.14450867052
1611 0.14450867052
1612 0.0
1613 0.0
1614 0.0
1615 0.0
1616 0.0
1617 0.0
1618 0.0
1619 0.14450867052
1620 0.14450867052
1621 0.14450867052
1622 0.14450867052
1623 0.14450867052
1624 0.14450867052
1625 0.14450867052
1626 0.14450867052
1627 0.14450867052
1628 0.14450867052
1629 0.14450867052
1630 0.14450867052
1631 0.14450867052
1632 0.28901734104
1633 0.28901734104
1634 0.28901734104
1635 0.433526011561
1636 0.433526011561
1637 0.433526011561
1638 0.433526011561
1639 0.28901734104
1640 0.28901734104
1641 0.28901734104
1642 0.28901734104
1643 0.433526011561
1644 0.433526011561
1645 0.433526011561
1646 0.433526011561
1647 0.433526011561
1648 0.433526011561
1649 0.433526011561
1650 0.433526011561
1651 0.433526011561
1652 0.433526011561
1653 0.433526011561
1654 0.433526011561
1655 0.28901734104
1656 0.433526011561
1657 0.433526011561
1658 0.433526011561
1659 0.433526011561
1660 0.433526011561
1661 0.433526011561
1662 0.433526011561
1663 0.28901734104
1664 0.28901734104
1665 0.28901734104
1666 0.28901734104
1667 0.28901734104
1668 0.28901734104
1669 0.28901734104
1670 0.28901734104
1671 0.28901734104
1672 0.14450867052
1673 0.14450867052
1674 0.14450867052
1675 0.14450867052
1676 0.0
1677 0.0
1678 0.0
1679 0.0
1680 0.0
1681 0.0
1682 0.0
1683 0.28901734104
1684 0.433526011561
1685 0.433526011561
1686 0.433526011561
1687 0.433526011561
1688 0.433526011561
1689 0.433526011561
1690 0.433526011561
1691 0.433526011561
1692 0.433526011561
1693 0.433526011561
1694 0.433526011561
1695 0.433526011561
1696 0.433526011561
1697 0.433526011561
1698 0.433526011561
1699 0.867052023121
1700 0.867052023121
1701 0.867052023121
1702 1.30057803468
1703 1.01156069364
1704 0.867052023121
1705 0.867052023121
1706 0.867052023121
1707 0.867052023121
1708 1.01156069364
1709 1.01156069364
1710 1.01156069364
1711 1.01156069364
1712 1.01156069364
1713 1.01156069364
1714 1.01156069364
1715 1.01156069364
1716 1.01156069364
1717 1.73410404624
1718 1.73410404624
1719 1.30057803468
1720 1.30057803468
1721 1.30057803468
1722 0.867052023121
1723 0.867052023121
1724 0.867052023121
1725 0.867052023121
1726 0.867052023121
1727 0.867052023121
1728 0.722543352601
1729 1.01156069364
1730 1.01156069364
1731 2.74566473988
1732 6.93641618497
1733 6.93641618497
1734 6.93641618497
1735 6.93641618497
1736 6.93641618497
1737 6.21387283237
1738 6.21387283237
1739 6.35838150289
1740 6.35838150289
1741 6.35838150289
1742 6.35838150289
1743 6.35838150289
1744 6.35838150289
1745 6.35838150289
1746 6.35838150289
1747 6.35838150289
1748 6.35838150289
1749 6.06936416185
1750 6.21387283237
1751 4.76878612717
1752 0.578034682081
1753 0.867052023121
1754 0.867052023121
1755 0.867052023121
1756 0.867052023121
1757 0.867052023121
1758 0.867052023121
1759 0.722543352601
1760 0.722543352601
1761 0.722543352601
1762 0.722543352601
1763 0.722543352601
1764 0.722543352601
1765 0.722543352601
1766 0.722543352601
1767 0.722543352601
1768 0.722543352601
1769 0.722543352601
1770 0.578034682081
1771 0.28901734104
1772 0.28901734104
1773 0.0
1774 0.14450867052
1775 0.28901734104
1776 0.28901734104
1777 0.28901734104
1778 0.28901734104
1779 0.28901734104
1780 0.28901734104
1781 0.28901734104
1782 0.28901734104
1783 0.28901734104
1784 0.28901734104
1785 0.28901734104
1786 0.28901734104
1787 0.28901734104
1788 0.28901734104
1789 0.28901734104
1790 0.578034682081
1791 0.578034682081
1792 0.578034682081
1793 0.578034682081
1794 0.433526011561
1795 0.28901734104
1796 0.28901734104
1797 0.28901734104
1798 0.28901734104
1799 0.28901734104
1800 0.28901734104
1801 0.28901734104
1802 0.28901734104
1803 0.28901734104
1804 0.28901734104
1805 0.28901734104
1806 0.28901734104
1807 0.28901734104
1808 0.28901734104
1809 0.28901734104
1810 0.0
1811 0.0
1812 0.0
1813 0.0
1814 0.0
1815 0.14450867052
1816 0.14450867052
1817 0.28901734104
1818 0.28901734104
1819 0.28901734104
1820 0.28901734104
1821 0.28901734104
1822 0.28901734104
1823 0.28901734104
1824 0.28901734104
1825 0.28901734104
1826 0.28901734104
1827 0.28901734104
1828 0.28901734104
1829 0.28901734104
1830 0.28901734104
1831 0.433526011561
1832 0.433526011561
1833 0.433526011561
1834 0.433526011561
1835 0.28901734104
1836 0.578034682081
1837 0.722543352601
1838 0.722543352601
1839 0.722543352601
1840 0.722543352601
1841 0.867052023121
1842 0.867052023121
1843 0.867052023121
1844 0.867052023121
1845 1.01156069364
1846 1.01156069364
1847 1.01156069364
1848 1.01156069364
1849 1.01156069364
1850 1.01156069364
1851 1.01156069364
1852 1.01156069364
1853 1.4450867052
1854 1.4450867052
1855 1.58959537572
1856 1.30057803468
1857 1.01156069364
1858 1.01156069364
1859 1.01156069364
1860 1.01156069364
1861 0.867052023121
1862 0.867052023121
1863 0.867052023121
1864 0.867052023121
1865 0.722543352601
1866 0.722543352601
1867 0.722543352601
1868 0.722543352601
1869 0.722543352601
1870 0.722543352601
1871 0.578034682081
1872 0.578034682081
1873 0.14450867052
1874 0.14450867052
1875 0.14450867052
1876 0.14450867052
1877 0.14450867052
1878 0.14450867052
1879 0.14450867052
1880 0.14450867052
1881 0.14450867052
1882 0.14450867052
1883 0.14450867052
1884 0.14450867052
1885 0.14450867052
1886 0.14450867052
1887 0.14450867052
1888 0.14450867052
1889 0.14450867052
1890 0.14450867052
1891 0.14450867052
1892 0.14450867052
1893 0.14450867052
1894 0.28901734104
1895 0.14450867052
1896 0.14450867052
1897 0.14450867052
1898 0.14450867052
1899 0.14450867052
1900 0.14450867052
1901 0.14450867052
1902 0.14450867052
1903 0.14450867052
1904 0.14450867052
1905 0.14450867052
1906 0.14450867052
1907 0.14450867052
1908 0.14450867052
1909 0.14450867052
1910 0.14450867052
1911 0.14450867052
1912 0.14450867052
1913 0.14450867052
1914 0.0
1915 0.0
1916 0.0
1917 0.0
1918 0.0
1919 0.0
1920 0.0
1921 0.0
1922 0.0
1923 0.0
1924 0.0
1925 0.0
1926 0.0
1927 0.0
1928 0.0
1929 0.0
1930 0.0
1931 0.0
1932 0.0
1933 0.14450867052
1934 0.28901734104
1935 0.28901734104
1936 0.28901734104
1937 0.28901734104
1938 0.28901734104
1939 0.28901734104
1940 0.28901734104
1941 0.28901734104
1942 0.28901734104
1943 0.28901734104
1944 0.28901734104
1945 0.28901734104
1946 0.28901734104
1947 0.28901734104
1948 0.28901734104
1949 0.28901734104
1950 0.28901734104
1951 0.28901734104
1952 0.28901734104
1953 0.14450867052
1954 0.0
1955 0.0
1956 0.0
1957 0.14450867052
1958 0.14450867052
1959 0.14450867052
1960 0.14450867052
1961 0.14450867052
1962 0.14450867052
1963 0.14450867052
1964 0.14450867052
1965 0.14450867052
1966 0.14450867052
1967 0.14450867052
1968 0.14450867052
1969 0.14450867052
1970 0.14450867052
1971 0.14450867052
1972 0.28901734104
1973 0.28901734104
1974 0.28901734104
1975 0.28901734104
1976 0.28901734104
1977 0.14450867052
1978 0.14450867052
1979 0.14450867052
1980 0.14450867052
1981 0.14450867052
1982 0.14450867052
1983 0.14450867052
1984 0.14450867052
1985 0.14450867052
1986 0.14450867052
1987 0.14450867052
1988 0.14450867052
1989 0.14450867052
1990 0.14450867052
1991 0.14450867052
1992 0.0
1993 0.0
1994 0.14450867052
1995 0.14450867052
1996 0.14450867052
1997 0.14450867052
1998 0.14450867052
1999 0.14450867052
2000 0.14450867052
2001 0.14450867052
2002 0.28901734104
2003 0.28901734104
2004 0.28901734104
2005 0.28901734104
2006 0.28901734104
2007 0.28901734104
2008 0.28901734104
2009 0.28901734104
2010 0.28901734104
2011 0.28901734104
2012 0.28901734104
2013 0.28901734104
2014 0.14450867052
2015 0.14450867052
2016 0.14450867052
2017 0.14450867052
2018 0.14450867052
2019 0.14450867052
2020 0.14450867052
2021 0.14450867052
2022 0.0
2023 0.0
2024 0.14450867052
2025 0.14450867052
2026 0.28901734104
2027 0.28901734104
2028 0.28901734104
2029 0.28901734104
2030 0.28901734104
2031 0.28901734104
2032 0.28901734104
2033 0.28901734104
2034 0.28901734104
2035 0.28901734104
2036 0.28901734104
2037 0.578034682081
2038 0.867052023121
2039 0.867052023121
2040 1.01156069364
2041 1.30057803468
2042 1.30057803468
2043 1.30057803468
2044 2.02312138728
2045 2.02312138728
2046 1.87861271676
2047 1.87861271676
2048 1.87861271676
2049 1.87861271676
2050 1.87861271676
2051 1.87861271676
2052 2.02312138728
2053 2.02312138728
2054 2.02312138728
2055 2.02312138728
2056 2.02312138728
2057 1.73410404624
2058 1.58959537572
2059 1.58959537572
2060 1.4450867052
2061 1.15606936416
2062 1.73410404624
2063 3.17919075145
2064 2.31213872832
2065 2.31213872832
2066 2.31213872832
2067 2.31213872832
2068 2.31213872832
2069 2.31213872832
2070 3.17919075145
2071 6.06936416185
2072 5.92485549133
2073 5.92485549133
2074 5.92485549133
2075 5.92485549133
2076 5.92485549133
2077 5.92485549133
2078 5.78034682081
2079 5.78034682081
2080 5.78034682081
2081 5.78034682081
2082 5.34682080925
2083 3.90173410405
2084 4.04624277457
2085 4.04624277457
2086 4.04624277457
2087 4.04624277457
2088 4.04624277457
2089 4.04624277457
2090 3.46820809249
2091 1.30057803468
2092 1.87861271676
2093 2.31213872832
2094 2.74566473988
2095 2.74566473988
2096 2.8901734104
2097 2.8901734104
2098 2.8901734104
2099 2.8901734104
2100 2.8901734104
2101 2.8901734104
2102 2.74566473988
2103 2.74566473988
2104 2.60115606936
2105 2.60115606936
2106 2.60115606936
2107 2.60115606936
2108 2.60115606936
2109 2.60115606936
2110 2.45664739884
2111 1.87861271676
2112 1.4450867052
2113 1.01156069364
2114 0.578034682081
2115 0.578034682081
2116 0.433526011561
2117 0.578034682081
2118 0.578034682081
2119 0.722543352601
2120 0.722543352601
2121 0.722543352601
2122 0.722543352601
2123 0.722543352601
2124 0.722543352601
2125 0.722543352601
2126 0.722543352601
2127 0.722543352601
2128 0.722543352601
2129 0.722543352601
2130 1.01156069364
2131 0.867052023121
2132 0.722543352601
2133 0.722543352601
2134 0.722543352601
2135 0.722543352601
2136 0.722543352601
2137 0.722543352601
2138 0.722543352601
2139 0.578034682081
2140 0.578034682081
2141 0.722543352601
2142 0.867052023121
2143 0.867052023121
2144 1.01156069364
2145 1.01156069364
2146 1.01156069364
2147 1.01156069364
2148 1.01156069364
2149 1.01156069364
2150 0.578034682081
2151 0.722543352601
2152 0.722543352601
2153 0.722543352601
2154 0.722543352601
2155 0.722543352601
2156 0.722543352601
2157 0.578034682081
2158 0.578034682081
2159 0.578034682081
2160 0.578034682081
2161 0.433526011561
2162 0.28901734104
2163 0.28901734104
2164 0.14450867052
2165 0.14450867052
2166 0.14450867052
2167 0.14450867052
2168 0.14450867052
2169 0.14450867052
2170 0.14450867052
2171 0.0
2172 0.0
2173 0.0
2174 0.0
2175 0.0
2176 0.0
2177 0.0
2178 0.0
2179 0.0
2180 0.0
2181 0.0
2182 0.0
2183 0.0
2184 0.0
2185 0.0
2186 0.0
2187 0.0
2188 0.0
2189 0.0
2190 0.0
2191 0.14450867052
2192 0.14450867052
2193 0.14450867052
2194 0.14450867052
2195 0.14450867052
2196 0.14450867052
2197 0.14450867052
2198 0.14450867052
2199 0.14450867052
2200 0.14450867052
2201 0.14450867052
2202 0.14450867052
2203 0.14450867052
2204 0.14450867052
2205 0.14450867052
2206 0.14450867052
2207 0.14450867052
2208 0.14450867052
2209 0.14450867052
2210 0.14450867052
2211 0.0
2212 0.0
2213 0.14450867052
2214 0.14450867052
2215 0.14450867052
2216 0.14450867052
2217 0.14450867052
2218 0.14450867052
2219 0.14450867052
2220 0.14450867052
2221 0.14450867052
2222 0.14450867052
2223 0.14450867052
2224 0.14450867052
2225 0.14450867052
2226 0.14450867052
2227 0.14450867052
2228 0.14450867052
2229 0.14450867052
2230 0.14450867052
2231 0.14450867052
2232 0.14450867052
2233 0.0
2234 0.0
2235 0.0
2236 0.0
2237 0.0
2238 0.0
2239 0.14450867052
2240 0.14450867052
2241 0.14450867052
2242 0.14450867052
2243 0.14450867052
2244 0.14450867052
2245 0.14450867052
2246 0.14450867052
2247 0.14450867052
2248 0.14450867052
2249 0.14450867052
2250 0.14450867052
2251 0.14450867052
2252 0.28901734104
2253 0.28901734104
2254 0.28901734104
2255 0.28901734104
2256 0.28901734104
2257 0.28901734104
2258 0.28901734104
2259 0.14450867052
2260 0.14450867052
2261 0.14450867052
2262 0.14450867052
2263 0.14450867052
2264 0.14450867052
2265 0.14450867052
2266 0.14450867052
2267 0.14450867052
2268 0.14450867052
2269 0.14450867052
2270 0.14450867052
2271 0.433526011561
2272 0.28901734104
2273 0.28901734104
2274 0.28901734104
2275 0.28901734104
2276 0.28901734104
2277 0.28901734104
2278 0.28901734104
2279 0.28901734104
2280 0.28901734104
2281 0.28901734104
2282 0.28901734104
2283 0.28901734104
2284 0.28901734104
2285 0.28901734104
2286 0.28901734104
2287 0.28901734104
2288 0.28901734104
2289 0.28901734104
2290 0.28901734104
2291 0.0
2292 0.0
2293 0.0
2294 0.0
2295 0.0
2296 0.0
2297 0.0
2298 0.0
2299 0.0
2300 0.0
2301 0.0
2302 0.0
2303 0.0
2304 0.0
2305 0.0
2306 0.14450867052
2307 0.14450867052
2308 0.14450867052
2309 0.14450867052
2310 0.14450867052
2311 0.14450867052
2312 0.14450867052
2313 0.14450867052
2314 0.14450867052
2315 0.14450867052
2316 0.14450867052
2317 0.14450867052
2318 0.14450867052
2319 0.14450867052
2320 0.14450867052
2321 0.28901734104
2322 0.28901734104
2323 0.28901734104
2324 0.28901734104
2325 0.433526011561
2326 0.28901734104
2327 0.28901734104
2328 0.28901734104
2329 0.28901734104
2330 0.28901734104
2331 0.28901734104
2332 0.28901734104
2333 0.28901734104
2334 0.28901734104
2335 0.28901734104
2336 0.28901734104
2337 0.28901734104
2338 0.578034682081
2339 0.578034682081
2340 1.30057803468
2341 1.15606936416
2342 1.15606936416
2343 1.15606936416
2344 2.1676300578
2345 2.02312138728
2346 2.02312138728
2347 2.45664739884
2348 2.45664739884
2349 2.45664739884
2350 2.45664739884
2351 2.8901734104
2352 2.8901734104
2353 2.8901734104
2354 2.8901734104
2355 2.8901734104
2356 2.8901734104
2357 2.8901734104
2358 2.60115606936
2359 2.60115606936
2360 2.02312138728
2361 2.02312138728
2362 2.02312138728
2363 2.02312138728
2364 1.01156069364
2365 1.01156069364
2366 1.01156069364
2367 0.578034682081
2368 0.578034682081
2369 0.578034682081
2370 0.578034682081
2371 0.14450867052
2372 0.14450867052
2373 0.14450867052
2374 0.14450867052
2375 0.14450867052
2376 0.14450867052
2377 0.14450867052
2378 0.433526011561
2379 0.433526011561
2380 0.28901734104
2381 0.28901734104
2382 0.28901734104
2383 0.28901734104
2384 0.28901734104
2385 0.28901734104
2386 0.28901734104
2387 0.28901734104
2388 0.28901734104
2389 0.28901734104
2390 0.28901734104
2391 0.28901734104
2392 0.28901734104
2393 0.28901734104
2394 0.28901734104
2395 0.28901734104
2396 0.28901734104
2397 0.28901734104
2398 0.0
2399 0.0
2400 0.0
2401 0.0
2402 0.0
2403 0.0
2404 0.0
2405 0.0
2406 0.0
2407 0.0
2408 0.0
2409 0.0
2410 0.0
2411 0.0
2412 0.0
2413 0.0
2414 0.0
2415 0.0
2416 0.0
2417 0.0
2418 0.0
2419 0.0
2420 0.0
2421 0.0
2422 0.0
2423 0.0
2424 0.0
2425 0.0
2426 0.0
2427 0.0
2428 0.0
2429 0.0
2430 0.14450867052
2431 0.28901734104
2432 0.28901734104
2433 0.28901734104
2434 0.28901734104
2435 0.28901734104
2436 0.28901734104
2437 0.28901734104
2438 0.28901734104
2439 0.28901734104
2440 0.28901734104
2441 0.28901734104
2442 0.28901734104
2443 0.28901734104
2444 0.28901734104
2445 0.28901734104
2446 0.28901734104
2447 0.28901734104
2448 0.28901734104
2449 0.28901734104
2450 0.14450867052
2451 0.0
2452 0.0
2453 0.28901734104
2454 0.28901734104
2455 0.28901734104
2456 0.28901734104
2457 0.28901734104
2458 0.28901734104
2459 0.28901734104
2460 0.28901734104
2461 0.28901734104
2462 0.28901734104
2463 0.28901734104
2464 0.28901734104
2465 0.28901734104
2466 0.28901734104
2467 0.28901734104
2468 0.28901734104
2469 0.28901734104
2470 0.28901734104
2471 0.28901734104
2472 0.28901734104
2473 0.0
2474 0.0
2475 0.0
2476 0.0
2477 0.0
2478 0.0
2479 0.0
2480 0.433526011561
2481 0.433526011561
2482 0.433526011561
2483 0.433526011561
2484 0.433526011561
2485 0.433526011561
2486 0.433526011561
2487 0.433526011561
2488 0.433526011561
2489 0.433526011561
2490 0.433526011561
2491 0.433526011561
2492 0.433526011561
2493 0.433526011561
2494 0.433526011561
2495 0.433526011561
2496 0.578034682081
2497 0.578034682081
2498 0.578034682081
2499 0.578034682081
2500 0.14450867052
2501 0.14450867052
2502 0.14450867052
2503 0.28901734104
2504 0.28901734104
2505 0.28901734104
2506 0.28901734104
2507 0.28901734104
2508 0.28901734104
2509 0.28901734104
2510 0.28901734104
2511 0.28901734104
2512 0.28901734104
2513 0.28901734104
2514 0.28901734104
2515 0.28901734104
2516 0.14450867052
2517 0.14450867052
2518 0.14450867052
2519 0.14450867052
2520 0.14450867052
2521 0.14450867052
2522 0.14450867052
2523 0.0
2524 0.0
2525 0.0
2526 0.0
2527 0.0
2528 0.0
2529 0.0
2530 0.0
2531 0.0
2532 0.0
2533 0.0
2534 0.0
2535 0.0
2536 0.0
2537 0.0
2538 0.0
2539 0.0
2540 0.0
2541 0.0
2542 0.0
2543 0.0
2544 0.0
2545 0.0
2546 0.0
2547 0.0
2548 0.0
2549 0.0
2550 0.0
2551 0.0
2552 0.0
2553 0.0
2554 0.0
2555 0.0
2556 0.0
2557 0.722543352601
2558 0.722543352601
2559 0.722543352601
2560 0.722543352601
2561 0.722543352601
2562 0.722543352601
2563 0.722543352601
2564 0.722543352601
2565 0.722543352601
2566 0.722543352601
2567 0.722543352601
2568 0.722543352601
2569 0.722543352601
2570 0.722543352601
2571 1.15606936416
2572 1.15606936416
2573 1.15606936416
2574 1.58959537572
2575 1.73410404624
2576 2.1676300578
2577 1.4450867052
2578 1.4450867052
2579 1.4450867052
2580 1.4450867052
2581 1.4450867052
2582 1.4450867052
2583 1.4450867052
2584 1.58959537572
2585 1.58959537572
2586 1.58959537572
2587 1.58959537572
2588 1.58959537572
2589 1.58959537572
2590 1.58959537572
2591 1.15606936416
2592 1.15606936416
2593 1.15606936416
2594 0.722543352601
2595 0.578034682081
2596 0.14450867052
2597 0.14450867052
2598 0.14450867052
2599 0.14450867052
2600 0.14450867052
2601 0.14450867052
2602 0.14450867052
2603 0.14450867052
2604 0.0
2605 0.14450867052
2606 0.14450867052
2607 0.14450867052
2608 0.14450867052
2609 0.14450867052
2610 0.14450867052
2611 0.28901734104
2612 0.28901734104
2613 0.28901734104
2614 0.578034682081
2615 0.578034682081
2616 0.578034682081
2617 0.578034682081
2618 0.722543352601
2619 0.722543352601
2620 0.722543352601
2621 0.722543352601
2622 0.722543352601
2623 0.722543352601
2624 0.722543352601
2625 0.578034682081
2626 0.578034682081
2627 0.578034682081
2628 0.578034682081
2629 0.578034682081
2630 0.722543352601
2631 0.578034682081
2632 0.578034682081
2633 0.578034682081
2634 0.28901734104
2635 0.433526011561
2636 0.433526011561
2637 0.433526011561
2638 0.433526011561
2639 0.433526011561
2640 0.433526011561
2641 0.433526011561
2642 0.433526011561
2643 0.433526011561
2644 0.433526011561
2645 0.433526011561
2646 0.433526011561
2647 0.433526011561
2648 0.433526011561
2649 0.433526011561
2650 0.28901734104
2651 0.28901734104
2652 0.433526011561
2653 0.578034682081
2654 0.578034682081
2655 0.433526011561
2656 0.578034682081
2657 0.578034682081
2658 0.433526011561
2659 0.433526011561
2660 0.578034682081
2661 0.578034682081
2662 0.578034682081
2663 0.578034682081
2664 0.578034682081
2665 0.578034682081
2666 0.578034682081
2667 0.578034682081
2668 0.578034682081
2669 0.578034682081
2670 0.578034682081
2671 0.578034682081
2672 0.433526011561
2673 0.28901734104
2674 0.28901734104
2675 0.28901734104
2676 0.14450867052
2677 0.28901734104
2678 0.28901734104
2679 0.28901734104
2680 0.28901734104
2681 0.28901734104
2682 0.28901734104
2683 0.28901734104
2684 0.28901734104
2685 0.28901734104
2686 0.28901734104
2687 0.28901734104
2688 0.28901734104
2689 0.28901734104
2690 0.28901734104
2691 0.28901734104
2692 0.28901734104
2693 0.28901734104
2694 0.28901734104
2695 0.28901734104
2696 0.28901734104
2697 0.14450867052
2698 0.14450867052
2699 0.14450867052
2700 0.14450867052
2701 0.14450867052
2702 0.28901734104
2703 0.28901734104
2704 0.433526011561
2705 0.433526011561
2706 0.433526011561
2707 0.433526011561
2708 0.433526011561
2709 0.578034682081
2710 0.578034682081
2711 0.578034682081
2712 0.578034682081
2713 0.578034682081
2714 0.578034682081
2715 0.578034682081
2716 0.578034682081
2717 0.722543352601
2718 0.722543352601
2719 0.722543352601
2720 0.578034682081
2721 0.578034682081
2722 0.433526011561
2723 0.578034682081
2724 0.433526011561
2725 0.433526011561
2726 0.433526011561
2727 0.433526011561
2728 0.433526011561
2729 0.28901734104
2730 0.28901734104
2731 0.28901734104
2732 0.28901734104
2733 0.28901734104
2734 0.28901734104
2735 0.433526011561
2736 0.578034682081
2737 0.433526011561
2738 0.433526011561
2739 0.433526011561
2740 0.433526011561
2741 0.433526011561
2742 0.433526011561
2743 1.87861271676
2744 2.8901734104
2745 2.8901734104
2746 2.8901734104
2747 2.8901734104
2748 2.8901734104
2749 2.8901734104
2750 2.8901734104
2751 2.8901734104
2752 3.03468208092
2753 3.03468208092
2754 3.03468208092
2755 2.8901734104
2756 3.90173410405
2757 3.90173410405
2758 3.90173410405
2759 3.90173410405
2760 3.90173410405
2761 3.90173410405
2762 3.90173410405
2763 3.46820809249
2764 2.45664739884
2765 2.45664739884
2766 2.45664739884
2767 2.60115606936
2768 2.60115606936
2769 2.60115606936
2770 2.60115606936
2771 2.60115606936
2772 2.45664739884
2773 2.45664739884
2774 2.45664739884
2775 2.45664739884
2776 1.30057803468
2777 1.30057803468
2778 1.30057803468
2779 1.30057803468
2780 1.30057803468
2781 1.30057803468
2782 1.4450867052
2783 0.28901734104
2784 0.433526011561
2785 0.433526011561
2786 0.433526011561
2787 0.28901734104
2788 0.28901734104
2789 0.28901734104
2790 0.578034682081
2791 0.867052023121
2792 1.01156069364
2793 1.30057803468
2794 1.30057803468
2795 1.58959537572
2796 1.58959537572
2797 1.58959537572
2798 1.73410404624
2799 1.73410404624
2800 1.73410404624
2801 1.73410404624
2802 1.58959537572
2803 1.58959537572
2804 1.4450867052
2805 1.4450867052
2806 1.4450867052
2807 1.4450867052
2808 1.4450867052
2809 1.4450867052
2810 1.15606936416
2811 0.867052023121
2812 0.722543352601
2813 0.433526011561
2814 0.578034682081
2815 0.28901734104
2816 0.28901734104
2817 0.28901734104
2818 0.14450867052
2819 0.14450867052
2820 0.14450867052
2821 0.14450867052
2822 0.14450867052
2823 0.14450867052
2824 0.14450867052
2825 0.14450867052
2826 0.14450867052
2827 0.14450867052
2828 0.14450867052
2829 0.14450867052
2830 0.14450867052
2831 0.28901734104
2832 0.28901734104
2833 0.28901734104
2834 0.14450867052
2835 0.14450867052
2836 0.28901734104
2837 0.28901734104
2838 0.28901734104
2839 0.28901734104
2840 0.28901734104
2841 0.28901734104
2842 0.28901734104
2843 0.28901734104
2844 0.28901734104
2845 0.28901734104
2846 0.28901734104
2847 0.28901734104
2848 0.28901734104
2849 0.28901734104
2850 0.28901734104
2851 0.14450867052
2852 0.14450867052
2853 0.14450867052
2854 0.14450867052
2855 0.28901734104
2856 0.14450867052
2857 0.14450867052
2858 0.14450867052
2859 0.14450867052
2860 0.14450867052
2861 0.14450867052
2862 0.14450867052
2863 0.14450867052
2864 0.14450867052
2865 0.14450867052
2866 0.14450867052
2867 0.14450867052
2868 0.14450867052
2869 0.14450867052
2870 0.14450867052
2871 0.14450867052
2872 0.14450867052
2873 0.14450867052
2874 0.14450867052
2875 0.0
2876 0.0
2877 0.0
2878 0.0
2879 0.0
2880 0.0
2881 0.0
2882 0.0
2883 0.0
2884 0.14450867052
2885 0.14450867052
2886 0.14450867052
2887 0.14450867052
2888 0.14450867052
2889 0.14450867052
2890 0.14450867052
2891 0.14450867052
2892 0.14450867052
2893 0.28901734104
2894 0.28901734104
2895 0.28901734104
2896 0.433526011561
2897 0.578034682081
2898 0.578034682081
2899 0.578034682081
2900 0.578034682081
2901 0.578034682081
2902 0.578034682081
2903 0.578034682081
2904 0.433526011561
2905 0.433526011561
2906 0.433526011561
2907 0.433526011561
2908 0.433526011561
2909 0.433526011561
2910 0.433526011561
2911 0.433526011561
2912 0.433526011561
2913 0.28901734104
2914 0.578034682081
2915 0.722543352601
2916 0.578034682081
2917 0.433526011561
2918 0.433526011561
2919 0.433526011561
2920 0.433526011561
2921 0.433526011561
2922 0.433526011561
2923 0.433526011561
2924 0.433526011561
2925 0.433526011561
2926 0.433526011561
2927 0.433526011561
2928 0.433526011561
2929 0.433526011561
2930 0.433526011561
2931 0.433526011561
2932 0.433526011561
2933 0.433526011561
2934 0.14450867052
2935 0.0
2936 0.14450867052
2937 0.14450867052
2938 0.14450867052
2939 0.14450867052
2940 0.433526011561
2941 0.433526011561
2942 0.433526011561
2943 0.433526011561
2944 0.433526011561
2945 0.433526011561
2946 0.433526011561
2947 0.433526011561
2948 0.433526011561
2949 0.433526011561
2950 0.433526011561
2951 0.578034682081
2952 0.578034682081
2953 0.578034682081
2954 0.578034682081
2955 0.578034682081
2956 0.433526011561
2957 0.578034682081
2958 0.578034682081
2959 0.578034682081
2960 0.28901734104
2961 0.28901734104
2962 0.28901734104
2963 0.433526011561
2964 0.433526011561
2965 0.433526011561
2966 0.433526011561
2967 0.433526011561
2968 0.433526011561
2969 0.433526011561
2970 0.433526011561
2971 0.28901734104
2972 0.28901734104
2973 0.28901734104
2974 0.28901734104
2975 0.28901734104
2976 0.433526011561
2977 0.433526011561
2978 0.433526011561
2979 0.578034682081
2980 0.578034682081
2981 0.578034682081
2982 0.578034682081
2983 0.433526011561
2984 0.433526011561
2985 0.433526011561
2986 0.433526011561
2987 0.433526011561
2988 0.433526011561
2989 0.433526011561
2990 0.433526011561
2991 0.433526011561
2992 0.433526011561
2993 0.433526011561
2994 0.433526011561
2995 0.578034682081
2996 0.433526011561
2997 0.28901734104
2998 0.28901734104
2999 0.14450867052
3000 0.14450867052
3001 0.14450867052
3002 0.14450867052
3003 0.14450867052
3004 0.14450867052
3005 0.14450867052
3006 0.14450867052
3007 0.14450867052
3008 0.14450867052
3009 0.14450867052
3010 0.14450867052
3011 0.14450867052
3012 0.14450867052
3013 0.14450867052
3014 0.14450867052
3015 0.28901734104
3016 0.28901734104
3017 0.28901734104
3018 0.28901734104
3019 0.28901734104
3020 0.28901734104
3021 0.28901734104
3022 0.28901734104
3023 0.28901734104
3024 0.28901734104
3025 0.28901734104
3026 0.28901734104
3027 0.28901734104
3028 0.28901734104
3029 0.28901734104
3030 0.28901734104
3031 0.28901734104
3032 0.28901734104
3033 0.28901734104
3034 0.28901734104
3035 0.28901734104
3036 0.28901734104
3037 0.433526011561
3038 0.433526011561
3039 0.433526011561
3040 0.433526011561
3041 0.433526011561
3042 0.433526011561
3043 0.433526011561
3044 0.433526011561
3045 0.433526011561
3046 0.433526011561
3047 0.433526011561
3048 0.433526011561
3049 0.433526011561
3050 0.433526011561
3051 0.722543352601
3052 0.722543352601
3053 0.722543352601
3054 0.722543352601
3055 0.433526011561
3056 0.433526011561
3057 0.28901734104
3058 0.28901734104
3059 0.28901734104
3060 0.28901734104
3061 0.28901734104
3062 0.28901734104
3063 0.28901734104
3064 0.28901734104
3065 0.28901734104
3066 0.28901734104
3067 0.28901734104
3068 0.28901734104
3069 0.28901734104
3070 0.28901734104
3071 0.0
3072 0.0
3073 0.0
3074 0.14450867052
3075 0.14450867052
3076 0.14450867052
3077 0.14450867052
3078 0.14450867052
3079 0.14450867052
3080 0.14450867052
3081 0.14450867052
3082 0.14450867052
3083 0.14450867052
3084 0.14450867052
3085 0.14450867052
3086 0.14450867052
3087 0.14450867052
3088 0.14450867052
3089 0.14450867052
3090 0.14450867052
3091 0.14450867052
3092 0.14450867052
3093 0.14450867052
3094 0.433526011561
3095 0.433526011561
3096 0.433526011561
3097 0.433526011561
3098 0.433526011561
3099 0.578034682081
3100 0.578034682081
3101 0.578034682081
3102 0.722543352601
3103 0.722543352601
3104 0.722543352601
3105 0.722543352601
3106 0.722543352601
3107 0.722543352601
3108 0.722543352601
3109 0.867052023121
3110 0.867052023121
3111 0.867052023121
3112 0.867052023121
3113 1.01156069364
3114 0.578034682081
3115 0.722543352601
3116 0.722543352601
3117 0.722543352601
3118 0.722543352601
3119 0.578034682081
3120 0.578034682081
3121 0.722543352601
3122 0.578034682081
3123 0.578034682081
3124 0.578034682081
3125 0.578034682081
3126 0.722543352601
3127 0.722543352601
3128 0.722543352601
3129 0.578034682081
3130 0.578034682081
3131 0.578034682081
3132 0.578034682081
3133 0.433526011561
3134 0.578034682081
3135 0.578034682081
3136 0.578034682081
3137 0.578034682081
3138 0.578034682081
3139 0.578034682081
3140 0.578034682081
3141 0.433526011561
3142 0.433526011561
3143 0.433526011561
3144 0.433526011561
3145 0.433526011561
3146 0.28901734104
3147 0.28901734104
3148 0.28901734104
3149 0.578034682081
3150 0.578034682081
3151 0.578034682081
3152 0.578034682081
3153 0.578034682081
3154 0.433526011561
3155 0.28901734104
3156 0.28901734104
3157 0.28901734104
3158 0.28901734104
3159 0.28901734104
3160 0.28901734104
3161 0.28901734104
3162 0.28901734104
3163 0.28901734104
3164 0.28901734104
3165 0.28901734104
3166 0.28901734104
3167 0.28901734104
3168 0.28901734104
3169 0.0
3170 0.14450867052
3171 0.14450867052
3172 0.14450867052
3173 0.433526011561
3174 0.433526011561
3175 0.578034682081
3176 0.578034682081
3177 0.578034682081
3178 0.722543352601
3179 0.722543352601
3180 0.722543352601
3181 0.722543352601
3182 0.722543352601
3183 0.722543352601
3184 0.722543352601
3185 0.722543352601
3186 0.722543352601
3187 0.722543352601
3188 0.722543352601
3189 0.722543352601
3190 0.578034682081
3191 0.578034682081
3192 0.578034682081
3193 0.28901734104
3194 0.433526011561
3195 0.28901734104
3196 0.28901734104
3197 0.28901734104
3198 0.14450867052
3199 0.14450867052
3200 0.28901734104
3201 0.28901734104
3202 0.28901734104
3203 0.28901734104
3204 0.28901734104
3205 0.28901734104
3206 0.28901734104
3207 0.28901734104
3208 0.28901734104
3209 0.28901734104
3210 0.28901734104
3211 0.28901734104
3212 0.28901734104
3213 0.28901734104
3214 0.14450867052
3215 0.14450867052
3216 0.14450867052
3217 0.14450867052
3218 0.14450867052
3219 0.28901734104
3220 0.14450867052
3221 0.14450867052
3222 0.14450867052
3223 0.28901734104
3224 0.28901734104
3225 0.28901734104
3226 0.28901734104
3227 0.28901734104
3228 0.28901734104
3229 0.28901734104
3230 0.28901734104
3231 0.28901734104
3232 0.28901734104
3233 0.28901734104
3234 0.28901734104
3235 0.28901734104
3236 0.28901734104
3237 0.28901734104
3238 0.28901734104
3239 0.14450867052
3240 0.14450867052
3241 0.28901734104
3242 0.28901734104
3243 0.14450867052
3244 0.14450867052
3245 0.14450867052
3246 0.14450867052
3247 0.14450867052
3248 0.14450867052
3249 0.14450867052
3250 0.14450867052
3251 0.28901734104
3252 0.28901734104
3253 0.28901734104
3254 0.28901734104
3255 0.28901734104
3256 0.433526011561
3257 0.433526011561
3258 0.433526011561
3259 0.433526011561
3260 0.433526011561
3261 0.28901734104
3262 0.28901734104
3263 0.28901734104
3264 0.28901734104
3265 0.28901734104
3266 0.28901734104
3267 0.28901734104
3268 0.28901734104
3269 0.28901734104
3270 0.28901734104
3271 0.14450867052
3272 0.14450867052
3273 0.14450867052
3274 0.14450867052
3275 0.14450867052
3276 0.0
3277 0.0
3278 0.0
3279 0.0
3280 0.0
3281 0.0
3282 0.0
3283 0.0
3284 0.0
3285 0.0
3286 0.0
3287 0.0
3288 0.0
3289 0.0
3290 0.0
3291 0.0
3292 0.14450867052
3293 0.433526011561
3294 0.578034682081
3295 0.722543352601
3296 0.722543352601
3297 0.722543352601
3298 0.722543352601
3299 0.722543352601
3300 0.722543352601
3301 0.722543352601
3302 0.722543352601
3303 0.722543352601
3304 0.722543352601
3305 0.722543352601
3306 0.722543352601
3307 0.722543352601
3308 0.722543352601
3309 0.722543352601
3310 0.722543352601
3311 0.722543352601
3312 0.867052023121
3313 0.578034682081
3314 0.578034682081
3315 0.578034682081
3316 0.578034682081
3317 0.578034682081
3318 0.578034682081
3319 0.578034682081
3320 0.578034682081
3321 0.578034682081
3322 0.578034682081
3323 0.578034682081
3324 0.578034682081
3325 0.578034682081
3326 0.578034682081
3327 0.578034682081
3328 0.578034682081
3329 0.578034682081
3330 0.578034682081
3331 0.578034682081
3332 0.28901734104
3333 0.28901734104
3334 0.14450867052
3335 0.0
3336 0.0
3337 0.0
3338 0.14450867052
3339 0.14450867052
3340 0.14450867052
3341 0.14450867052
3342 0.14450867052
3343 0.14450867052
3344 0.14450867052
3345 0.14450867052
3346 0.14450867052
3347 0.14450867052
3348 0.14450867052
3349 0.14450867052
3350 0.14450867052
3351 0.14450867052
3352 0.14450867052
3353 0.28901734104
3354 0.28901734104
3355 0.28901734104
3356 0.433526011561
3357 0.433526011561
3358 0.28901734104
3359 0.28901734104
3360 0.433526011561
3361 0.433526011561
3362 0.433526011561
3363 0.433526011561
3364 0.433526011561
3365 0.433526011561
3366 0.433526011561
3367 0.433526011561
3368 0.433526011561
3369 0.433526011561
3370 0.433526011561
3371 0.433526011561
3372 0.433526011561
3373 0.433526011561
3374 0.433526011561
3375 0.433526011561
3376 0.28901734104
3377 0.28901734104
3378 0.28901734104
3379 0.433526011561
3380 0.433526011561
3381 0.433526011561
3382 0.433526011561
3383 0.433526011561
3384 0.433526011561
3385 0.433526011561
3386 0.433526011561
3387 0.433526011561
3388 0.433526011561
3389 0.433526011561
3390 0.433526011561
3391 0.433526011561
3392 0.433526011561
3393 0.28901734104
3394 0.28901734104
3395 0.28901734104
3396 0.28901734104
3397 0.28901734104
3398 0.28901734104
3399 0.14450867052
3400 0.0
3401 0.0
3402 0.0
3403 0.0
3404 0.0
3405 0.0
3406 0.0
3407 0.0
3408 0.0
3409 0.0
3410 0.0
3411 0.0
3412 0.0
3413 0.433526011561
3414 0.433526011561
3415 0.433526011561
3416 0.433526011561
3417 0.433526011561
3418 0.433526011561
3419 0.433526011561
3420 0.433526011561
3421 0.578034682081
3422 0.578034682081
3423 0.578034682081
3424 0.578034682081
3425 0.578034682081
3426 0.578034682081
3427 0.578034682081
3428 0.578034682081
3429 0.578034682081
3430 0.578034682081
3431 0.578034682081
3432 0.722543352601
3433 0.28901734104
3434 0.28901734104
3435 0.28901734104
3436 0.28901734104
3437 0.28901734104
3438 0.28901734104
3439 0.28901734104
