0 0.245664739884
1 0.245664739884
2 0.245664739884
3 0.245664739884
4 0.245664739884
5 0.245664739884
6 0.245664739884
7 0.245664739884
8 0.238439306358
9 0.238439306358
10 0.209537572254
11 0.151734104046
12 0.115606936416
13 0.0794797687861
14 0.0650289017341
15 0.0433526011561
16 0.0361271676301
17 0.021676300578
18 0.021676300578
19 0.021676300578
20 0.021676300578
21 0.021676300578
22 0.021676300578
23 0.021676300578
24 0.021676300578
25 0.028901734104
26 0.028901734104
27 0.028901734104
28 0.028901734104
29 0.021676300578
30 0.028901734104
31 0.028901734104
32 0.028901734104
33 0.028901734104
34 0.021676300578
35 0.021676300578
36 0.014450867052
37 0.014450867052
38 0.014450867052
39 0.014450867052
40 0.014450867052
41 0.014450867052
42 0.014450867052
43 0.021676300578
44 0.021676300578
45 0.014450867052
46 0.014450867052
47 0.014450867052
48 0.014450867052
49 0.014450867052
50 0.00722543352601
51 0.00722543352601
52 0.00722543352601
53 0.00722543352601
54 0.014450867052
55 0.021676300578
56 0.021676300578
57 0.021676300578
58 0.021676300578
59 0.021676300578
60 0.021676300578
61 0.021676300578
62 0.021676300578
63 0.021676300578
64 0.021676300578
65 0.028901734104
66 0.0361271676301
67 0.0361271676301
68 0.0361271676301
69 0.0361271676301
70 0.0433526011561
71 0.0433526011561
72 0.0433526011561
73 0.0433526011561
74 0.0361271676301
75 0.028901734104
76 0.028901734104
77 0.028901734104
78 0.0361271676301
79 0.0433526011561
80 0.0505780346821
81 0.0578034682081
82 0.0650289017341
83 0.0650289017341
84 0.0650289017341
85 0.0578034682081
86 0.0578034682081
87 0.0650289017341
88 0.0650289017341
89 0.0650289017341
90 0.0578034682081
91 0.0578034682081
92 0.0578034682081
93 0.0578034682081
94 0.0578034682081
95 0.0578034682081
96 0.0650289017341
97 0.0722543352601
98 0.0650289017341
99 0.0578034682081
100 0.0505780346821
101 0.0433526011561
102 0.0361271676301
103 0.028901734104
104 0.028901734104
105 0.028901734104
106 0.021676300578
107 0.014450867052
108 0.021676300578
109 0.021676300578
110 0.021676300578
111 0.021676300578
112 0.0361271676301
113 0.0361271676301
114 0.0361271676301
115 0.0361271676301
116 0.028901734104
117 0.021676300578
118 0.021676300578
119 0.021676300578
120 0.021676300578
121 0.021676300578
122 0.021676300578
123 0.021676300578
124 0.021676300578
125 0.021676300578
126 0.021676300578
127 0.021676300578
128 0.014450867052
129 0.014450867052
130 0.014450867052
131 0.014450867052
132 0.00722543352601
133 0.00722543352601
134 0.00722543352601
135 0.00722543352601
136 0.00722543352601
137 0.00722543352601
138 0.014450867052
139 0.014450867052
140 0.014450867052
141 0.014450867052
142 0.028901734104
143 0.0361271676301
144 0.0433526011561
145 0.0433526011561
146 0.0433526011561
147 0.0505780346821
148 0.0505780346821
149 0.0505780346821
150 0.0505780346821
151 0.0505780346821
152 0.0433526011561
153 0.0433526011561
154 0.0433526011561
155 0.0433526011561
156 0.0505780346821
157 0.0505780346821
158 0.0433526011561
159 0.0433526011561
160 0.0505780346821
161 0.0578034682081
162 0.0578034682081
163 0.0578034682081
164 0.0505780346821
165 0.0505780346821
166 0.0578034682081
167 0.0505780346821
168 0.0505780346821
169 0.0505780346821
170 0.0505780346821
171 0.0505780346821
172 0.0505780346821
173 0.0505780346821
174 0.0505780346821
175 0.0578034682081
176 0.0505780346821
177 0.0505780346821
178 0.0505780346821
179 0.0505780346821
180 0.0433526011561
181 0.0361271676301
182 0.0361271676301
183 0.028901734104
184 0.0361271676301
185 0.0433526011561
186 0.0433526011561
187 0.0433526011561
188 0.0433526011561
189 0.0505780346821
190 0.0505780346821
191 0.0505780346821
192 0.0505780346821
193 0.0505780346821
194 0.0505780346821
195 0.0433526011561
196 0.0433526011561
197 0.0433526011561
198 0.0433526011561
199 0.0433526011561
200 0.0433526011561
201 0.0433526011561
202 0.028901734104
203 0.028901734104
204 0.021676300578
205 0.014450867052
206 0.00722543352601
207 0.00722543352601
208 0.014450867052
209 0.00722543352601
210 0.00722543352601
211 0.00722543352601
212 0.00722543352601
213 0.00722543352601
214 0.00722543352601
215 0.00722543352601
216 0.00722543352601
217 0.00722543352601
218 0.00722543352601
219 0.00722543352601
220 0.00722543352601
221 0.00722543352601
222 0.00722543352601
223 0.00722543352601
224 0.00722543352601
225 0.014450867052
226 0.021676300578
227 0.021676300578
228 0.014450867052
229 0.014450867052
230 0.021676300578
231 0.028901734104
232 0.028901734104
233 0.028901734104
234 0.028901734104
235 0.028901734104
236 0.028901734104
237 0.028901734104
238 0.028901734104
239 0.028901734104
240 0.028901734104
241 0.028901734104
242 0.028901734104
243 0.028901734104
244 0.028901734104
245 0.021676300578
246 0.014450867052
247 0.014450867052
248 0.014450867052
249 0.014450867052
250 0.00722543352601
251 0.0
252 0.0
253 0.0
254 0.0
255 0.0
256 0.00722543352601
257 0.014450867052
258 0.028901734104
259 0.115606936416
260 0.166184971098
261 0.238439306358
262 0.325144508671
263 0.404624277457
264 0.433526011561
265 0.469653179191
266 0.476878612717
267 0.484104046243
268 0.484104046243
269 0.484104046243
270 0.484104046243
271 0.484104046243
272 0.484104046243
273 0.484104046243
274 0.484104046243
275 0.484104046243
276 0.476878612717
277 0.469653179191
278 0.455202312139
279 0.368497109827
280 0.325144508671
281 0.260115606936
282 0.173410404624
283 0.10838150289
284 0.0794797687861
285 0.0433526011561
286 0.0361271676301
287 0.028901734104
288 0.028901734104
289 0.028901734104
290 0.028901734104
291 0.028901734104
292 0.028901734104
293 0.028901734104
294 0.028901734104
295 0.028901734104
296 0.028901734104
297 0.028901734104
298 0.028901734104
299 0.0361271676301
300 0.028901734104
301 0.021676300578
302 0.028901734104
303 0.021676300578
304 0.021676300578
305 0.021676300578
306 0.021676300578
307 0.021676300578
308 0.021676300578
309 0.028901734104
310 0.028901734104
311 0.028901734104
312 0.028901734104
313 0.028901734104
314 0.028901734104
315 0.028901734104
316 0.028901734104
317 0.028901734104
318 0.028901734104
319 0.021676300578
320 0.021676300578
321 0.0361271676301
322 0.028901734104
323 0.028901734104
324 0.028901734104
325 0.028901734104
326 0.0361271676301
327 0.0361271676301
328 0.0361271676301
329 0.028901734104
330 0.028901734104
331 0.028901734104
332 0.028901734104
333 0.028901734104
334 0.028901734104
335 0.028901734104
336 0.0361271676301
337 0.0433526011561
338 0.0433526011561
339 0.0433526011561
340 0.0433526011561
341 0.0361271676301
342 0.0361271676301
343 0.028901734104
344 0.028901734104
345 0.028901734104
346 0.021676300578
347 0.028901734104
348 0.028901734104
349 0.028901734104
350 0.028901734104
351 0.028901734104
352 0.028901734104
353 0.028901734104
354 0.028901734104
355 0.028901734104
356 0.021676300578
357 0.028901734104
358 0.028901734104
359 0.028901734104
360 0.028901734104
361 0.021676300578
362 0.021676300578
363 0.028901734104
364 0.028901734104
365 0.028901734104
366 0.0361271676301
367 0.0361271676301
368 0.0361271676301
369 0.0433526011561
370 0.0505780346821
371 0.0578034682081
372 0.0578034682081
373 0.0650289017341
374 0.0794797687861
375 0.0794797687861
376 0.0867052023121
377 0.0722543352601
378 0.0722543352601
379 0.0722543352601
380 0.0722543352601
381 0.0722543352601
382 0.0722543352601
383 0.0650289017341
384 0.0650289017341
385 0.0650289017341
386 0.0578034682081
387 0.0505780346821
388 0.0578034682081
389 0.0505780346821
390 0.0433526011561
391 0.0361271676301
392 0.0361271676301
393 0.028901734104
394 0.014450867052
395 0.021676300578
396 0.021676300578
397 0.021676300578
398 0.021676300578
399 0.028901734104
400 0.028901734104
401 0.028901734104
402 0.028901734104
403 0.028901734104
404 0.028901734104
405 0.028901734104
406 0.028901734104
407 0.028901734104
408 0.021676300578
409 0.021676300578
410 0.021676300578
411 0.021676300578
412 0.021676300578
413 0.021676300578
414 0.021676300578
415 0.021676300578
416 0.014450867052
417 0.014450867052
418 0.014450867052
419 0.00722543352601
420 0.00722543352601
421 0.00722543352601
422 0.00722543352601
423 0.00722543352601
424 0.00722543352601
425 0.00722543352601
426 0.00722543352601
427 0.00722543352601
428 0.00722543352601
429 0.00722543352601
430 0.021676300578
431 0.0433526011561
432 0.0867052023121
433 0.10838150289
434 0.151734104046
435 0.166184971098
436 0.166184971098
437 0.166184971098
438 0.166184971098
439 0.166184971098
440 0.166184971098
441 0.166184971098
442 0.166184971098
443 0.166184971098
444 0.166184971098
445 0.18063583815
446 0.18063583815
447 0.18063583815
448 0.187861271676
449 0.187861271676
450 0.173410404624
451 0.151734104046
452 0.10838150289
453 0.0939306358382
454 0.0505780346821
455 0.028901734104
456 0.028901734104
457 0.028901734104
458 0.028901734104
459 0.028901734104
460 0.028901734104
461 0.0361271676301
462 0.0361271676301
463 0.0433526011561
464 0.0578034682081
465 0.0433526011561
466 0.0433526011561
467 0.0433526011561
468 0.0361271676301
469 0.0433526011561
470 0.0433526011561
471 0.0433526011561
472 0.0433526011561
473 0.0361271676301
474 0.0361271676301
475 0.0433526011561
476 0.0433526011561
477 0.0433526011561
478 0.0433526011561
479 0.0433526011561
480 0.0433526011561
481 0.0361271676301
482 0.0361271676301
483 0.028901734104
484 0.028901734104
485 0.028901734104
486 0.0361271676301
487 0.0433526011561
488 0.0505780346821
489 0.0433526011561
490 0.0433526011561
491 0.0433526011561
492 0.0433526011561
493 0.0433526011561
494 0.0433526011561
495 0.0361271676301
496 0.0361271676301
497 0.0361271676301
498 0.0361271676301
499 0.0361271676301
500 0.0361271676301
501 0.0361271676301
502 0.0361271676301
503 0.0361271676301
504 0.021676300578
505 0.021676300578
506 0.014450867052
507 0.00722543352601
508 0.0
509 0.00722543352601
510 0.014450867052
511 0.014450867052
512 0.014450867052
513 0.014450867052
514 0.028901734104
515 0.028901734104
516 0.028901734104
517 0.028901734104
518 0.028901734104
519 0.028901734104
520 0.028901734104
521 0.028901734104
522 0.028901734104
523 0.028901734104
524 0.028901734104
525 0.028901734104
526 0.0361271676301
527 0.0433526011561
528 0.0433526011561
529 0.0433526011561
530 0.0361271676301
531 0.0433526011561
532 0.0505780346821
533 0.0505780346821
534 0.0433526011561
535 0.0433526011561
536 0.0505780346821
537 0.0505780346821
538 0.0505780346821
539 0.0578034682081
540 0.0578034682081
541 0.0578034682081
542 0.0578034682081
543 0.0578034682081
544 0.0578034682081
545 0.0650289017341
546 0.0578034682081
547 0.0578034682081
548 0.0578034682081
549 0.0578034682081
550 0.0578034682081
551 0.0505780346821
552 0.0505780346821
553 0.0505780346821
554 0.0433526011561
555 0.0433526011561
556 0.0361271676301
557 0.0433526011561
558 0.0433526011561
559 0.0361271676301
560 0.0361271676301
561 0.0361271676301
562 0.0433526011561
563 0.0505780346821
564 0.0505780346821
565 0.0505780346821
566 0.0505780346821
567 0.0433526011561
568 0.0433526011561
569 0.0361271676301
570 0.0867052023121
571 0.151734104046
572 0.209537572254
573 0.281791907514
574 0.447976878613
575 0.549132947977
576 0.664739884393
577 0.736994219653
578 0.765895953757
579 0.802023121387
580 0.823699421965
581 0.852601156069
582 0.852601156069
583 0.881502890173
584 0.917630057803
585 0.932080924855
586 0.946531791908
587 0.968208092486
588 0.989884393064
589 1.04046242775
590 1.04768786127
591 1.06936416185
592 1.11994219653
593 1.15606936416
594 1.06213872832
595 1.01156069364
596 0.939306358382
597 0.888728323699
598 0.874277456647
599 0.859826589595
600 0.852601156069
601 0.838150289017
602 0.932080924855
603 1.2210982659
604 1.69797687861
605 1.99421965318
606 2.1098265896
607 2.1676300578
608 2.19653179191
609 2.16040462428
610 2.12427745665
611 2.06647398844
612 1.96531791908
613 1.86416184971
614 1.79190751445
615 1.74855491329
616 1.70520231214
617 1.67630057803
618 1.66184971098
619 1.6401734104
620 1.62572254335
621 1.6112716763
622 1.51734104046
623 1.21387283237
624 0.715317919075
625 0.419075144509
626 0.296242774566
627 0.238439306358
628 0.202312138728
629 0.187861271676
630 0.173410404624
631 0.14450867052
632 0.130057803468
633 0.122832369942
634 0.122832369942
635 0.115606936416
636 0.115606936416
637 0.115606936416
638 0.115606936416
639 0.115606936416
640 0.115606936416
641 0.130057803468
642 0.122832369942
643 0.101156069364
644 0.0867052023121
645 0.0650289017341
646 0.0578034682081
647 0.0361271676301
648 0.021676300578
649 0.021676300578
650 0.014450867052
651 0.014450867052
652 0.014450867052
653 0.014450867052
654 0.014450867052
655 0.014450867052
656 0.014450867052
657 0.014450867052
658 0.014450867052
659 0.014450867052
660 0.021676300578
661 0.00722543352601
662 0.014450867052
663 0.014450867052
664 0.014450867052
665 0.014450867052
666 0.014450867052
667 0.014450867052
668 0.014450867052
669 0.014450867052
670 0.014450867052
671 0.014450867052
672 0.014450867052
673 0.014450867052
674 0.014450867052
675 0.014450867052
676 0.014450867052
677 0.014450867052
678 0.014450867052
679 0.014450867052
680 0.014450867052
681 0.014450867052
682 0.00722543352601
683 0.00722543352601
684 0.00722543352601
685 0.00722543352601
686 0.00722543352601
687 0.00722543352601
688 0.014450867052
689 0.021676300578
690 0.021676300578
691 0.028901734104
692 0.0433526011561
693 0.0433526011561
694 0.0433526011561
695 0.0433526011561
696 0.0433526011561
697 0.0433526011561
698 0.0433526011561
699 0.0433526011561
700 0.0361271676301
701 0.0361271676301
702 0.0361271676301
703 0.0361271676301
704 0.0361271676301
705 0.0361271676301
706 0.0361271676301
707 0.0361271676301
708 0.028901734104
709 0.028901734104
710 0.028901734104
711 0.021676300578
712 0.00722543352601
713 0.00722543352601
714 0.00722543352601
715 0.00722543352601
716 0.014450867052
717 0.028901734104
718 0.0505780346821
719 0.0578034682081
720 0.10838150289
721 0.166184971098
722 0.28901734104
723 0.390173410405
724 0.498554913295
725 0.527456647399
726 0.556358381503
727 0.570809248555
728 0.570809248555
729 0.570809248555
730 0.570809248555
731 0.592485549133
732 0.650289017341
733 0.773121387283
734 0.895953757225
735 1.02601156069
736 1.17774566474
737 1.29335260116
738 1.40173410405
739 1.48121387283
740 1.47398843931
741 1.4450867052
742 1.33670520231
743 1.23554913295
744 1.13439306358
745 1.10549132948
746 1.07658959538
747 1.06213872832
748 1.06213872832
749 1.0549132948
750 1.0549132948
751 1.04768786127
752 1.01878612717
753 0.953757225434
754 0.838150289017
755 0.722543352601
756 0.599710982659
757 0.491329479769
758 0.368497109827
759 0.28901734104
760 0.245664739884
761 0.21676300578
762 0.202312138728
763 0.202312138728
764 0.195086705202
765 0.195086705202
766 0.195086705202
767 0.195086705202
768 0.195086705202
769 0.195086705202
770 0.195086705202
771 0.18063583815
772 0.151734104046
773 0.0939306358382
774 0.0867052023121
775 0.0722543352601
776 0.0361271676301
777 0.014450867052
778 0.00722543352601
779 0.0
780 0.0
781 0.0
782 0.0
783 0.0
784 0.0
785 0.0
786 0.0
787 0.0
788 0.0
789 0.0
790 0.00722543352601
791 0.00722543352601
792 0.014450867052
793 0.021676300578
794 0.021676300578
795 0.021676300578
796 0.021676300578
797 0.028901734104
798 0.028901734104
799 0.028901734104
800 0.028901734104
801 0.028901734104
802 0.0361271676301
803 0.0361271676301
804 0.0433526011561
805 0.0433526011561
806 0.0433526011561
807 0.0433526011561
808 0.0433526011561
809 0.0433526011561
810 0.0361271676301
811 0.0361271676301
812 0.028901734104
813 0.021676300578
814 0.021676300578
815 0.021676300578
816 0.021676300578
817 0.014450867052
818 0.021676300578
819 0.028901734104
820 0.0361271676301
821 0.0361271676301
822 0.0361271676301
823 0.0361271676301
824 0.028901734104
825 0.028901734104
826 0.028901734104
827 0.028901734104
828 0.028901734104
829 0.028901734104
830 0.0361271676301
831 0.0361271676301
832 0.0361271676301
833 0.0361271676301
834 0.0433526011561
835 0.0505780346821
836 0.0578034682081
837 0.0722543352601
838 0.0939306358382
839 0.0939306358382
840 0.0939306358382
841 0.101156069364
842 0.0939306358382
843 0.0939306358382
844 0.0939306358382
845 0.0939306358382
846 0.0939306358382
847 0.101156069364
848 0.101156069364
849 0.101156069364
850 0.0939306358382
851 0.0939306358382
852 0.0939306358382
853 0.0939306358382
854 0.0867052023121
855 0.0794797687861
856 0.0722543352601
857 0.0578034682081
858 0.0361271676301
859 0.028901734104
860 0.021676300578
861 0.021676300578
862 0.021676300578
863 0.021676300578
864 0.021676300578
865 0.028901734104
866 0.028901734104
867 0.028901734104
868 0.028901734104
869 0.028901734104
870 0.028901734104
871 0.028901734104
872 0.028901734104
873 0.0361271676301
874 0.0433526011561
875 0.0505780346821
876 0.0505780346821
877 0.0505780346821
878 0.0505780346821
879 0.0505780346821
880 0.0505780346821
881 0.0433526011561
882 0.0433526011561
883 0.0433526011561
884 0.0433526011561
885 0.0361271676301
886 0.0361271676301
887 0.028901734104
888 0.0578034682081
889 0.0578034682081
890 0.0578034682081
891 0.0578034682081
892 0.0578034682081
893 0.0505780346821
894 0.0433526011561
895 0.0361271676301
896 0.0361271676301
897 0.0361271676301
898 0.028901734104
899 0.028901734104
900 0.028901734104
901 0.028901734104
902 0.028901734104
903 0.028901734104
904 0.028901734104
905 0.028901734104
906 0.028901734104
907 0.0361271676301
908 0.00722543352601
909 0.00722543352601
910 0.00722543352601
911 0.00722543352601
912 0.00722543352601
913 0.014450867052
914 0.014450867052
915 0.021676300578
916 0.021676300578
917 0.021676300578
918 0.021676300578
919 0.021676300578
920 0.021676300578
921 0.021676300578
922 0.021676300578
923 0.021676300578
924 0.021676300578
925 0.028901734104
926 0.0361271676301
927 0.028901734104
928 0.0361271676301
929 0.0433526011561
930 0.0650289017341
931 0.0650289017341
932 0.0650289017341
933 0.0578034682081
934 0.0578034682081
935 0.0505780346821
936 0.0505780346821
937 0.0505780346821
938 0.0578034682081
939 0.0578034682081
940 0.0650289017341
941 0.0722543352601
942 0.0867052023121
943 0.101156069364
944 0.166184971098
945 0.21676300578
946 0.25289017341
947 0.296242774566
948 0.325144508671
949 0.346820809249
950 0.332369942197
951 0.332369942197
952 0.332369942197
953 0.332369942197
954 0.339595375723
955 0.339595375723
956 0.339595375723
957 0.339595375723
958 0.339595375723
959 0.419075144509
960 0.484104046243
961 0.614161849711
962 0.758670520231
963 0.845375722543
964 0.953757225434
965 1.03323699422
966 1.11994219653
967 1.14884393064
968 1.14884393064
969 1.16329479769
970 1.17052023121
971 1.17774566474
972 1.18497109827
973 1.23554913295
974 1.26445086705
975 1.34393063584
976 1.39450867052
977 1.4450867052
978 1.45953757225
979 1.4161849711
980 1.36560693642
981 1.23554913295
982 1.0838150289
983 0.989884393064
984 0.823699421965
985 0.693641618497
986 0.563583815029
987 0.491329479769
988 0.455202312139
989 0.419075144509
990 0.404624277457
991 0.404624277457
992 0.411849710983
993 0.447976878613
994 0.513005780347
995 0.635838150289
996 0.715317919075
997 0.802023121387
998 0.881502890173
999 0.917630057803
1000 0.895953757225
1001 0.888728323699
1002 0.881502890173
1003 0.874277456647
1004 0.867052023121
1005 0.859826589595
1006 0.859826589595
1007 0.867052023121
1008 0.874277456647
1009 0.874277456647
1010 0.881502890173
1011 0.874277456647
1012 0.859826589595
1013 0.773121387283
1014 0.671965317919
1015 0.469653179191
1016 0.339595375723
1017 0.202312138728
1018 0.101156069364
1019 0.028901734104
1020 0.028901734104
1021 0.028901734104
1022 0.028901734104
1023 0.028901734104
1024 0.028901734104
1025 0.028901734104
1026 0.028901734104
1027 0.021676300578
1028 0.014450867052
1029 0.00722543352601
1030 0.0
1031 0.0
1032 0.00722543352601
1033 0.00722543352601
1034 0.00722543352601
1035 0.00722543352601
1036 0.00722543352601
1037 0.00722543352601
1038 0.00722543352601
1039 0.00722543352601
1040 0.00722543352601
1041 0.00722543352601
1042 0.00722543352601
1043 0.00722543352601
1044 0.00722543352601
1045 0.00722543352601
1046 0.014450867052
1047 0.014450867052
1048 0.014450867052
1049 0.021676300578
1050 0.028901734104
1051 0.0361271676301
1052 0.028901734104
1053 0.028901734104
1054 0.0361271676301
1055 0.0361271676301
1056 0.0361271676301
1057 0.0361271676301
1058 0.0361271676301
1059 0.0361271676301
1060 0.0361271676301
1061 0.0361271676301
1062 0.0361271676301
1063 0.0361271676301
1064 0.0433526011561
1065 0.0433526011561
1066 0.0361271676301
1067 0.0361271676301
1068 0.0361271676301
1069 0.028901734104
1070 0.021676300578
1071 0.014450867052
1072 0.014450867052
1073 0.014450867052
1074 0.00722543352601
1075 0.00722543352601
1076 0.00722543352601
1077 0.00722543352601
1078 0.00722543352601
1079 0.00722543352601
1080 0.00722543352601
1081 0.014450867052
1082 0.014450867052
1083 0.014450867052
1084 0.014450867052
1085 0.014450867052
1086 0.014450867052
1087 0.014450867052
1088 0.014450867052
1089 0.014450867052
1090 0.014450867052
1091 0.014450867052
1092 0.014450867052
1093 0.014450867052
1094 0.014450867052
1095 0.014450867052
1096 0.014450867052
1097 0.014450867052
1098 0.014450867052
1099 0.014450867052
1100 0.014450867052
1101 0.00722543352601
1102 0.00722543352601
1103 0.00722543352601
1104 0.0
1105 0.0
1106 0.0
1107 0.00722543352601
1108 0.028901734104
1109 0.0361271676301
1110 0.0433526011561
1111 0.0433526011561
1112 0.0433526011561
1113 0.0433526011561
1114 0.0433526011561
1115 0.0433526011561
1116 0.0433526011561
1117 0.0433526011561
1118 0.0433526011561
1119 0.0505780346821
1120 0.0505780346821
1121 0.0505780346821
1122 0.0650289017341
1123 0.0722543352601
1124 0.0794797687861
1125 0.0794797687861
1126 0.0939306358382
1127 0.10838150289
1128 0.0939306358382
1129 0.0867052023121
1130 0.0867052023121
1131 0.0939306358382
1132 0.0939306358382
1133 0.0939306358382
1134 0.101156069364
1135 0.10838150289
1136 0.10838150289
1137 0.122832369942
1138 0.122832369942
1139 0.122832369942
1140 0.137283236994
1141 0.137283236994
1142 0.122832369942
1143 0.14450867052
1144 0.158959537572
1145 0.223988439306
1146 0.209537572254
1147 0.187861271676
1148 0.187861271676
1149 0.187861271676
1150 0.18063583815
1151 0.173410404624
1152 0.18063583815
1153 0.202312138728
1154 0.325144508671
1155 0.679190751445
1156 1.14161849711
1157 1.51011560694
1158 1.92196531792
1159 2.13150289017
1160 2.32658959538
1161 2.43497109827
1162 2.5
1163 2.50722543353
1164 2.5
1165 2.43497109827
1166 2.43497109827
1167 2.43497109827
1168 2.42774566474
1169 2.42774566474
1170 2.42774566474
1171 2.42774566474
1172 2.42052023121
1173 2.41329479769
1174 2.3049132948
1175 1.95809248555
1176 1.52456647399
1177 1.16329479769
1178 0.751445086705
1179 0.541907514451
1180 0.332369942197
1181 0.223988439306
1182 0.158959537572
1183 0.122832369942
1184 0.10838150289
1185 0.10838150289
1186 0.10838150289
1187 0.10838150289
1188 0.10838150289
1189 0.10838150289
1190 0.10838150289
1191 0.10838150289
1192 0.10838150289
1193 0.0939306358382
1194 0.0722543352601
1195 0.0578034682081
1196 0.028901734104
1197 0.00722543352601
1198 0.00722543352601
1199 0.00722543352601
1200 0.00722543352601
1201 0.00722543352601
1202 0.00722543352601
1203 0.00722543352601
1204 0.00722543352601
1205 0.00722543352601
1206 0.00722543352601
1207 0.00722543352601
1208 0.00722543352601
1209 0.00722543352601
1210 0.00722543352601
1211 0.014450867052
1212 0.021676300578
1213 0.021676300578
1214 0.021676300578
1215 0.021676300578
1216 0.021676300578
1217 0.021676300578
1218 0.021676300578
1219 0.014450867052
1220 0.014450867052
1221 0.014450867052
1222 0.014450867052
1223 0.014450867052
1224 0.014450867052
1225 0.014450867052
1226 0.014450867052
1227 0.014450867052
1228 0.014450867052
1229 0.014450867052
1230 0.021676300578
1231 0.014450867052
1232 0.00722543352601
1233 0.014450867052
1234 0.021676300578
1235 0.021676300578
1236 0.021676300578
1237 0.021676300578
1238 0.021676300578
1239 0.021676300578
1240 0.021676300578
1241 0.021676300578
1242 0.021676300578
1243 0.021676300578
1244 0.021676300578
1245 0.021676300578
1246 0.021676300578
1247 0.021676300578
1248 0.021676300578
1249 0.021676300578
1250 0.014450867052
1251 0.021676300578
1252 0.028901734104
1253 0.0361271676301
1254 0.028901734104
1255 0.028901734104
1256 0.028901734104
1257 0.028901734104
1258 0.028901734104
1259 0.028901734104
1260 0.028901734104
1261 0.028901734104
1262 0.028901734104
1263 0.028901734104
1264 0.028901734104
1265 0.028901734104
1266 0.028901734104
1267 0.028901734104
1268 0.028901734104
1269 0.028901734104
1270 0.0433526011561
1271 0.0361271676301
1272 0.028901734104
1273 0.014450867052
1274 0.014450867052
1275 0.021676300578
1276 0.021676300578
1277 0.028901734104
1278 0.028901734104
1279 0.028901734104
1280 0.028901734104
1281 0.028901734104
1282 0.028901734104
1283 0.028901734104
1284 0.028901734104
1285 0.028901734104
1286 0.028901734104
1287 0.028901734104
1288 0.028901734104
1289 0.028901734104
1290 0.021676300578
1291 0.021676300578
1292 0.028901734104
1293 0.028901734104
1294 0.028901734104
1295 0.021676300578
1296 0.021676300578
1297 0.014450867052
1298 0.014450867052
1299 0.014450867052
1300 0.014450867052
1301 0.014450867052
1302 0.014450867052
1303 0.014450867052
1304 0.014450867052
1305 0.021676300578
1306 0.021676300578
1307 0.021676300578
1308 0.021676300578
1309 0.021676300578
1310 0.014450867052
1311 0.014450867052
1312 0.00722543352601
1313 0.00722543352601
1314 0.014450867052
1315 0.021676300578
1316 0.021676300578
1317 0.021676300578
1318 0.021676300578
1319 0.021676300578
1320 0.021676300578
1321 0.021676300578
1322 0.021676300578
1323 0.021676300578
1324 0.021676300578
1325 0.014450867052
1326 0.014450867052
1327 0.014450867052
1328 0.014450867052
1329 0.014450867052
1330 0.014450867052
1331 0.014450867052
1332 0.014450867052
1333 0.014450867052
1334 0.00722543352601
1335 0.0
1336 0.0
1337 0.0
1338 0.0
1339 0.0
1340 0.0
1341 0.0
1342 0.0
1343 0.0
1344 0.0
1345 0.0
1346 0.0
1347 0.0
1348 0.0
1349 0.0
1350 0.0
1351 0.0
1352 0.0
1353 0.0
1354 0.0
1355 0.0
1356 0.0
1357 0.0
1358 0.0
1359 0.0
1360 0.00722543352601
1361 0.00722543352601
1362 0.00722543352601
1363 0.00722543352601
1364 0.00722543352601
1365 0.00722543352601
1366 0.00722543352601
1367 0.00722543352601
1368 0.00722543352601
1369 0.00722543352601
1370 0.00722543352601
1371 0.00722543352601
1372 0.00722543352601
1373 0.00722543352601
1374 0.00722543352601
1375 0.00722543352601
1376 0.00722543352601
1377 0.00722543352601
1378 0.00722543352601
1379 0.00722543352601
1380 0.0
1381 0.00722543352601
1382 0.014450867052
1383 0.014450867052
1384 0.014450867052
1385 0.014450867052
1386 0.028901734104
1387 0.028901734104
1388 0.028901734104
1389 0.028901734104
1390 0.028901734104
1391 0.028901734104
1392 0.028901734104
1393 0.028901734104
1394 0.028901734104
1395 0.028901734104
1396 0.028901734104
1397 0.028901734104
1398 0.028901734104
1399 0.028901734104
1400 0.028901734104
1401 0.021676300578
1402 0.014450867052
1403 0.014450867052
1404 0.014450867052
1405 0.014450867052
1406 0.00722543352601
1407 0.00722543352601
1408 0.00722543352601
1409 0.00722543352601
1410 0.00722543352601
1411 0.00722543352601
1412 0.00722543352601
1413 0.00722543352601
1414 0.00722543352601
1415 0.00722543352601
1416 0.00722543352601
1417 0.00722543352601
1418 0.00722543352601
1419 0.014450867052
1420 0.014450867052
1421 0.028901734104
1422 0.0361271676301
1423 0.0361271676301
1424 0.0433526011561
1425 0.0433526011561
1426 0.0361271676301
1427 0.0361271676301
1428 0.0361271676301
1429 0.0361271676301
1430 0.0433526011561
1431 0.0433526011561
1432 0.0433526011561
1433 0.0433526011561
1434 0.0433526011561
1435 0.0433526011561
1436 0.0433526011561
1437 0.0433526011561
1438 0.0433526011561
1439 0.0433526011561
1440 0.0433526011561
1441 0.028901734104
1442 0.021676300578
1443 0.028901734104
1444 0.028901734104
1445 0.028901734104
1446 0.028901734104
1447 0.028901734104
1448 0.028901734104
1449 0.028901734104
1450 0.021676300578
1451 0.021676300578
1452 0.021676300578
1453 0.021676300578
1454 0.021676300578
1455 0.021676300578
1456 0.021676300578
1457 0.021676300578
1458 0.021676300578
1459 0.021676300578
1460 0.021676300578
1461 0.021676300578
1462 0.021676300578
1463 0.014450867052
1464 0.00722543352601
1465 0.00722543352601
1466 0.028901734104
1467 0.0361271676301
1468 0.0361271676301
1469 0.0433526011561
1470 0.0433526011561
1471 0.0433526011561
1472 0.0433526011561
1473 0.0433526011561
1474 0.0433526011561
1475 0.0650289017341
1476 0.0650289017341
1477 0.0867052023121
1478 0.122832369942
1479 0.14450867052
1480 0.166184971098
1481 0.202312138728
1482 0.223988439306
1483 0.238439306358
1484 0.245664739884
1485 0.25289017341
1486 0.238439306358
1487 0.231213872832
1488 0.231213872832
1489 0.25289017341
1490 0.28901734104
1491 0.296242774566
1492 0.339595375723
1493 0.368497109827
1494 0.375722543353
1495 0.390173410405
1496 0.411849710983
1497 0.411849710983
1498 0.375722543353
1499 0.346820809249
1500 0.325144508671
1501 0.28901734104
1502 0.267341040462
1503 0.260115606936
1504 0.25289017341
1505 0.245664739884
1506 0.238439306358
1507 0.25289017341
1508 0.274566473988
1509 0.332369942197
1510 0.505780346821
1511 0.585260115607
1512 0.621387283237
1513 0.621387283237
1514 0.628612716763
1515 0.628612716763
1516 0.606936416185
1517 0.592485549133
1518 0.592485549133
1519 0.592485549133
1520 0.592485549133
1521 0.592485549133
1522 0.592485549133
1523 0.585260115607
1524 0.585260115607
1525 0.585260115607
1526 0.585260115607
1527 0.570809248555
1528 0.556358381503
1529 0.484104046243
1530 0.274566473988
1531 0.202312138728
1532 0.122832369942
1533 0.0939306358382
1534 0.0794797687861
1535 0.0433526011561
1536 0.0433526011561
1537 0.0361271676301
1538 0.0361271676301
1539 0.0361271676301
1540 0.0361271676301
1541 0.0361271676301
1542 0.0361271676301
1543 0.0361271676301
1544 0.0361271676301
1545 0.0361271676301
1546 0.0361271676301
1547 0.0361271676301
1548 0.028901734104
1549 0.014450867052
1550 0.014450867052
1551 0.0
1552 0.00722543352601
1553 0.014450867052
1554 0.014450867052
1555 0.014450867052
1556 0.014450867052
1557 0.014450867052
1558 0.014450867052
1559 0.014450867052
1560 0.014450867052
1561 0.014450867052
1562 0.014450867052
1563 0.014450867052
1564 0.014450867052
1565 0.014450867052
1566 0.014450867052
1567 0.014450867052
1568 0.028901734104
1569 0.028901734104
1570 0.028901734104
1571 0.028901734104
1572 0.021676300578
1573 0.014450867052
1574 0.014450867052
1575 0.014450867052
1576 0.028901734104
1577 0.028901734104
1578 0.028901734104
1579 0.028901734104
1580 0.028901734104
1581 0.028901734104
1582 0.028901734104
1583 0.028901734104
1584 0.028901734104
1585 0.028901734104
1586 0.028901734104
1587 0.028901734104
1588 0.014450867052
1589 0.014450867052
1590 0.014450867052
1591 0.014450867052
1592 0.014450867052
1593 0.021676300578
1594 0.021676300578
1595 0.028901734104
1596 0.014450867052
1597 0.014450867052
1598 0.014450867052
1599 0.014450867052
1600 0.014450867052
1601 0.014450867052
1602 0.014450867052
1603 0.014450867052
1604 0.014450867052
1605 0.014450867052
1606 0.014450867052
1607 0.014450867052
1608 0.014450867052
1609 0.021676300578
1610 0.028901734104
1611 0.0361271676301
1612 0.0505780346821
1613 0.0578034682081
1614 0.0722543352601
1615 0.0794797687861
1616 0.0794797687861
1617 0.0794797687861
1618 0.0794797687861
1619 0.0867052023121
1620 0.0867052023121
1621 0.0939306358382
1622 0.0939306358382
1623 0.101156069364
1624 0.101156069364
1625 0.101156069364
1626 0.101156069364
1627 0.101156069364
1628 0.101156069364
1629 0.101156069364
1630 0.0939306358382
1631 0.10838150289
1632 0.122832369942
1633 0.115606936416
1634 0.101156069364
1635 0.0867052023121
1636 0.0867052023121
1637 0.0867052023121
1638 0.0867052023121
1639 0.0794797687861
1640 0.0794797687861
1641 0.0722543352601
1642 0.0722543352601
1643 0.0650289017341
1644 0.0650289017341
1645 0.0722543352601
1646 0.0722543352601
1647 0.0722543352601
1648 0.0722543352601
1649 0.0650289017341
1650 0.0722543352601
1651 0.0505780346821
1652 0.0361271676301
1653 0.0361271676301
1654 0.0505780346821
1655 0.0505780346821
1656 0.0505780346821
1657 0.0505780346821
1658 0.0505780346821
1659 0.0505780346821
1660 0.0505780346821
1661 0.0505780346821
1662 0.0505780346821
1663 0.0505780346821
1664 0.0505780346821
1665 0.0433526011561
1666 0.0433526011561
1667 0.0433526011561
1668 0.0433526011561
1669 0.0433526011561
1670 0.0361271676301
1671 0.0433526011561
1672 0.0361271676301
1673 0.028901734104
1674 0.014450867052
1675 0.021676300578
1676 0.021676300578
1677 0.021676300578
1678 0.021676300578
1679 0.021676300578
1680 0.021676300578
1681 0.021676300578
1682 0.021676300578
1683 0.021676300578
1684 0.021676300578
1685 0.021676300578
1686 0.021676300578
1687 0.021676300578
1688 0.021676300578
1689 0.021676300578
1690 0.021676300578
1691 0.014450867052
1692 0.00722543352601
1693 0.014450867052
1694 0.014450867052
1695 0.00722543352601
1696 0.00722543352601
1697 0.00722543352601
1698 0.00722543352601
1699 0.00722543352601
1700 0.00722543352601
1701 0.00722543352601
1702 0.00722543352601
1703 0.00722543352601
1704 0.00722543352601
1705 0.00722543352601
1706 0.00722543352601
1707 0.00722543352601
1708 0.00722543352601
1709 0.00722543352601
1710 0.00722543352601
1711 0.014450867052
1712 0.021676300578
1713 0.014450867052
1714 0.014450867052
1715 0.021676300578
1716 0.021676300578
1717 0.021676300578
1718 0.021676300578
1719 0.021676300578
1720 0.021676300578
1721 0.021676300578
1722 0.021676300578
1723 0.021676300578
1724 0.021676300578
1725 0.021676300578
1726 0.021676300578
1727 0.021676300578
1728 0.021676300578
1729 0.021676300578
1730 0.021676300578
1731 0.014450867052
1732 0.00722543352601
1733 0.00722543352601
1734 0.00722543352601
1735 0.00722543352601
1736 0.014450867052
1737 0.014450867052
1738 0.014450867052
1739 0.014450867052
1740 0.014450867052
1741 0.014450867052
1742 0.014450867052
1743 0.014450867052
1744 0.014450867052
1745 0.014450867052
1746 0.014450867052
1747 0.014450867052
1748 0.014450867052
1749 0.014450867052
1750 0.021676300578
1751 0.021676300578
1752 0.021676300578
1753 0.028901734104
1754 0.0505780346821
1755 0.0433526011561
1756 0.0505780346821
1757 0.0505780346821
1758 0.0505780346821
1759 0.0505780346821
1760 0.0505780346821
1761 0.0505780346821
1762 0.0505780346821
1763 0.0505780346821
1764 0.0505780346821
1765 0.0505780346821
1766 0.0505780346821
1767 0.0505780346821
1768 0.0505780346821
1769 0.0505780346821
1770 0.0433526011561
1771 0.0505780346821
1772 0.0578034682081
1773 0.0505780346821
1774 0.028901734104
1775 0.0433526011561
1776 0.028901734104
1777 0.028901734104
1778 0.028901734104
1779 0.028901734104
1780 0.0361271676301
1781 0.0361271676301
1782 0.0361271676301
1783 0.0361271676301
1784 0.0361271676301
1785 0.0361271676301
1786 0.0361271676301
1787 0.0361271676301
1788 0.0361271676301
1789 0.0361271676301
1790 0.0361271676301
1791 0.028901734104
1792 0.021676300578
1793 0.028901734104
1794 0.028901734104
1795 0.014450867052
1796 0.014450867052
1797 0.014450867052
1798 0.014450867052
1799 0.014450867052
1800 0.00722543352601
1801 0.021676300578
1802 0.028901734104
1803 0.028901734104
1804 0.0361271676301
1805 0.0361271676301
1806 0.0361271676301
1807 0.0361271676301
1808 0.0361271676301
1809 0.0361271676301
1810 0.0361271676301
1811 0.0361271676301
1812 0.0361271676301
1813 0.0361271676301
1814 0.0361271676301
1815 0.0505780346821
1816 0.0650289017341
1817 0.0722543352601
1818 0.0794797687861
1819 0.0939306358382
1820 0.122832369942
1821 0.130057803468
1822 0.166184971098
1823 0.209537572254
1824 0.202312138728
1825 0.209537572254
1826 0.209537572254
1827 0.209537572254
1828 0.209537572254
1829 0.209537572254
1830 0.21676300578
1831 0.21676300578
1832 0.21676300578
1833 0.231213872832
1834 0.231213872832
1835 0.245664739884
1836 0.238439306358
1837 0.25289017341
1838 0.28901734104
1839 0.303468208092
1840 0.303468208092
1841 0.354046242775
1842 0.332369942197
1843 0.303468208092
1844 0.325144508671
1845 0.332369942197
1846 0.339595375723
1847 0.346820809249
1848 0.390173410405
1849 0.534682080925
1850 0.802023121387
1851 1.26445086705
1852 1.53901734104
1853 1.78468208092
1854 2.04479768786
1855 2.21098265896
1856 2.34826589595
1857 2.41329479769
1858 2.38439306358
1859 2.37716763006
1860 2.35549132948
1861 2.28323699422
1862 2.26878612717
1863 2.25433526012
1864 2.23265895954
1865 2.21820809249
1866 2.21098265896
1867 2.20375722543
1868 2.17485549133
1869 2.06647398844
1870 1.82080924855
1871 1.38005780347
1872 1.12716763006
1873 0.874277456647
1874 0.621387283237
1875 0.426300578035
1876 0.281791907514
1877 0.195086705202
1878 0.18063583815
1879 0.158959537572
1880 0.151734104046
1881 0.151734104046
1882 0.14450867052
1883 0.14450867052
1884 0.14450867052
1885 0.14450867052
1886 0.14450867052
1887 0.14450867052
1888 0.137283236994
1889 0.10838150289
1890 0.0867052023121
1891 0.0650289017341
1892 0.0433526011561
1893 0.028901734104
1894 0.021676300578
1895 0.028901734104
1896 0.028901734104
1897 0.0361271676301
1898 0.0361271676301
1899 0.0361271676301
1900 0.0361271676301
1901 0.0361271676301
1902 0.0361271676301
1903 0.0361271676301
1904 0.0361271676301
1905 0.0361271676301
1906 0.0361271676301
1907 0.0361271676301
1908 0.0505780346821
1909 0.0433526011561
1910 0.0361271676301
1911 0.0361271676301
1912 0.0361271676301
1913 0.0361271676301
1914 0.0361271676301
1915 0.0361271676301
1916 0.0361271676301
1917 0.028901734104
1918 0.0361271676301
1919 0.0433526011561
1920 0.0505780346821
1921 0.0505780346821
1922 0.0578034682081
1923 0.0578034682081
1924 0.0578034682081
1925 0.0578034682081
1926 0.0578034682081
1927 0.0578034682081
1928 0.0361271676301
1929 0.0433526011561
1930 0.0433526011561
1931 0.0433526011561
1932 0.0433526011561
1933 0.0505780346821
1934 0.0505780346821
1935 0.0433526011561
1936 0.0505780346821
1937 0.0505780346821
1938 0.0433526011561
1939 0.0361271676301
1940 0.028901734104
1941 0.028901734104
1942 0.021676300578
1943 0.021676300578
1944 0.021676300578
1945 0.021676300578
1946 0.021676300578
1947 0.021676300578
1948 0.021676300578
1949 0.014450867052
1950 0.014450867052
1951 0.014450867052
1952 0.021676300578
1953 0.021676300578
1954 0.021676300578
1955 0.021676300578
1956 0.014450867052
1957 0.021676300578
1958 0.021676300578
1959 0.021676300578
1960 0.021676300578
1961 0.021676300578
1962 0.021676300578
1963 0.021676300578
1964 0.021676300578
1965 0.021676300578
1966 0.021676300578
1967 0.021676300578
1968 0.021676300578
1969 0.028901734104
1970 0.028901734104
1971 0.028901734104
1972 0.0361271676301
1973 0.028901734104
1974 0.028901734104
1975 0.028901734104
1976 0.028901734104
1977 0.021676300578
1978 0.021676300578
1979 0.021676300578
1980 0.021676300578
1981 0.021676300578
1982 0.021676300578
1983 0.021676300578
1984 0.021676300578
1985 0.021676300578
1986 0.021676300578
1987 0.021676300578
1988 0.021676300578
1989 0.014450867052
1990 0.014450867052
1991 0.021676300578
1992 0.00722543352601
1993 0.00722543352601
1994 0.00722543352601
1995 0.00722543352601
1996 0.00722543352601
1997 0.00722543352601
1998 0.00722543352601
1999 0.00722543352601
2000 0.00722543352601
2001 0.00722543352601
2002 0.00722543352601
2003 0.00722543352601
2004 0.00722543352601
2005 0.00722543352601
2006 0.00722543352601
2007 0.028901734104
2008 0.028901734104
2009 0.028901734104
2010 0.028901734104
2011 0.021676300578
2012 0.028901734104
2013 0.028901734104
2014 0.028901734104
2015 0.028901734104
2016 0.028901734104
2017 0.028901734104
2018 0.028901734104
2019 0.028901734104
2020 0.028901734104
2021 0.028901734104
2022 0.028901734104
2023 0.028901734104
2024 0.028901734104
2025 0.0361271676301
2026 0.0433526011561
2027 0.021676300578
2028 0.021676300578
2029 0.021676300578
2030 0.021676300578
2031 0.021676300578
2032 0.014450867052
2033 0.014450867052
2034 0.014450867052
2035 0.014450867052
2036 0.014450867052
2037 0.014450867052
2038 0.014450867052
2039 0.014450867052
2040 0.014450867052
2041 0.014450867052
2042 0.014450867052
2043 0.014450867052
2044 0.028901734104
2045 0.021676300578
2046 0.021676300578
2047 0.021676300578
2048 0.021676300578
2049 0.0433526011561
2050 0.0433526011561
2051 0.0433526011561
2052 0.0433526011561
2053 0.0433526011561
2054 0.0433526011561
2055 0.0433526011561
2056 0.0433526011561
2057 0.0433526011561
2058 0.0433526011561
2059 0.0433526011561
2060 0.0433526011561
2061 0.0433526011561
2062 0.0433526011561
2063 0.0433526011561
2064 0.028901734104
2065 0.028901734104
2066 0.021676300578
2067 0.021676300578
2068 0.021676300578
2069 0.0
2070 0.0
2071 0.0
2072 0.00722543352601
2073 0.00722543352601
2074 0.00722543352601
2075 0.014450867052
2076 0.014450867052
2077 0.014450867052
2078 0.014450867052
2079 0.021676300578
2080 0.021676300578
2081 0.021676300578
2082 0.021676300578
2083 0.021676300578
2084 0.021676300578
2085 0.021676300578
2086 0.021676300578
2087 0.0361271676301
2088 0.0361271676301
2089 0.0361271676301
2090 0.0361271676301
2091 0.0361271676301
2092 0.028901734104
2093 0.028901734104
2094 0.028901734104
2095 0.021676300578
2096 0.028901734104
2097 0.028901734104
2098 0.0433526011561
2099 0.0505780346821
2100 0.101156069364
2101 0.137283236994
2102 0.187861271676
2103 0.195086705202
2104 0.202312138728
2105 0.223988439306
2106 0.231213872832
2107 0.21676300578
2108 0.223988439306
2109 0.238439306358
2110 0.260115606936
2111 0.260115606936
2112 0.260115606936
2113 0.267341040462
2114 0.274566473988
2115 0.274566473988
2116 0.267341040462
2117 0.267341040462
2118 0.260115606936
2119 0.245664739884
2120 0.195086705202
2121 0.158959537572
2122 0.115606936416
2123 0.10838150289
2124 0.426300578035
2125 1.0838150289
2126 1.72687861272
2127 2.1676300578
2128 2.42774566474
2129 2.63728323699
2130 2.71676300578
2131 2.79624277457
2132 2.81069364162
2133 2.80346820809
2134 2.79624277457
2135 2.79624277457
2136 2.79624277457
2137 2.79624277457
2138 2.78901734104
2139 2.78901734104
2140 2.78901734104
2141 2.78901734104
2142 2.78179190751
2143 2.78179190751
2144 2.45664739884
2145 1.7774566474
2146 1.12716763006
2147 0.686416184971
2148 0.419075144509
2149 0.195086705202
2150 0.0939306358382
2151 0.014450867052
2152 0.0
2153 0.0
2154 0.0
2155 0.0
2156 0.0
2157 0.0
2158 0.0
2159 0.0
2160 0.0
2161 0.0
2162 0.0
2163 0.0
2164 0.0
2165 0.0
2166 0.0
2167 0.0
2168 0.0
2169 0.0
2170 0.0
2171 0.0
2172 0.0
2173 0.0
2174 0.0
2175 0.0
2176 0.0
2177 0.0
2178 0.0
2179 0.0
2180 0.0
2181 0.0
2182 0.0
2183 0.0
2184 0.00722543352601
2185 0.014450867052
2186 0.014450867052
2187 0.014450867052
2188 0.014450867052
2189 0.014450867052
2190 0.014450867052
2191 0.014450867052
2192 0.014450867052
2193 0.014450867052
2194 0.014450867052
2195 0.014450867052
2196 0.014450867052
2197 0.014450867052
2198 0.014450867052
2199 0.014450867052
2200 0.014450867052
2201 0.014450867052
2202 0.014450867052
2203 0.014450867052
2204 0.00722543352601
2205 0.0
2206 0.0
2207 0.014450867052
2208 0.014450867052
2209 0.014450867052
2210 0.014450867052
2211 0.014450867052
2212 0.014450867052
2213 0.014450867052
2214 0.014450867052
2215 0.014450867052
2216 0.014450867052
2217 0.014450867052
2218 0.014450867052
2219 0.014450867052
2220 0.014450867052
2221 0.014450867052
2222 0.014450867052
2223 0.014450867052
2224 0.014450867052
2225 0.014450867052
2226 0.014450867052
2227 0.00722543352601
2228 0.021676300578
2229 0.021676300578
2230 0.021676300578
2231 0.021676300578
2232 0.021676300578
2233 0.021676300578
2234 0.0433526011561
2235 0.0433526011561
2236 0.0433526011561
2237 0.0433526011561
2238 0.0433526011561
2239 0.0433526011561
2240 0.0433526011561
2241 0.0433526011561
2242 0.0433526011561
2243 0.0433526011561
2244 0.0433526011561
2245 0.0433526011561
2246 0.0433526011561
2247 0.0361271676301
2248 0.021676300578
2249 0.021676300578
2250 0.028901734104
2251 0.028901734104
2252 0.028901734104
2253 0.028901734104
2254 0.00722543352601
2255 0.00722543352601
2256 0.00722543352601
2257 0.014450867052
2258 0.021676300578
2259 0.021676300578
2260 0.021676300578
2261 0.021676300578
2262 0.021676300578
2263 0.021676300578
2264 0.021676300578
2265 0.021676300578
2266 0.021676300578
2267 0.021676300578
2268 0.021676300578
2269 0.021676300578
2270 0.014450867052
2271 0.014450867052
2272 0.014450867052
2273 0.021676300578
2274 0.0361271676301
2275 0.0433526011561
2276 0.0794797687861
2277 0.115606936416
2278 0.151734104046
2279 0.195086705202
2280 0.21676300578
2281 0.223988439306
2282 0.223988439306
2283 0.231213872832
2284 0.231213872832
2285 0.238439306358
2286 0.238439306358
2287 0.238439306358
2288 0.238439306358
2289 0.238439306358
2290 0.25289017341
2291 0.260115606936
2292 0.260115606936
2293 0.260115606936
2294 0.25289017341
2295 0.260115606936
2296 0.238439306358
2297 0.209537572254
2298 0.173410404624
2299 0.130057803468
2300 0.115606936416
2301 0.115606936416
2302 0.115606936416
2303 0.115606936416
2304 0.260115606936
2305 1.03323699422
2306 1.90751445087
2307 2.55780346821
2308 2.89739884393
2309 3.12861271676
2310 3.26589595376
2311 3.29479768786
2312 3.32369942197
2313 3.33815028902
2314 3.34537572254
2315 3.33815028902
2316 3.32369942197
2317 3.30924855491
2318 3.30202312139
2319 3.30924855491
2320 3.31647398844
2321 3.33092485549
2322 3.33815028902
2323 3.35260115607
2324 3.20809248555
2325 2.42774566474
2326 1.55346820809
2327 0.903179190751
2328 0.563583815029
2329 0.332369942197
2330 0.18063583815
2331 0.151734104046
2332 0.122832369942
2333 0.101156069364
2334 0.0867052023121
2335 0.0794797687861
2336 0.0794797687861
2337 0.0794797687861
2338 0.0794797687861
2339 0.0722543352601
2340 0.0578034682081
2341 0.0361271676301
2342 0.028901734104
2343 0.00722543352601
2344 0.00722543352601
2345 0.00722543352601
2346 0.00722543352601
2347 0.00722543352601
2348 0.00722543352601
2349 0.00722543352601
2350 0.00722543352601
2351 0.0
2352 0.00722543352601
2353 0.00722543352601
2354 0.00722543352601
2355 0.00722543352601
2356 0.00722543352601
2357 0.00722543352601
2358 0.014450867052
2359 0.014450867052
2360 0.021676300578
2361 0.0361271676301
2362 0.0361271676301
2363 0.0433526011561
2364 0.0433526011561
2365 0.0505780346821
2366 0.0505780346821
2367 0.0505780346821
2368 0.0505780346821
2369 0.0505780346821
2370 0.0505780346821
2371 0.0505780346821
2372 0.0433526011561
2373 0.0433526011561
2374 0.0433526011561
2375 0.0433526011561
2376 0.0433526011561
2377 0.0505780346821
2378 0.0433526011561
2379 0.0505780346821
2380 0.0433526011561
2381 0.028901734104
2382 0.0361271676301
2383 0.028901734104
2384 0.028901734104
2385 0.028901734104
2386 0.028901734104
2387 0.028901734104
2388 0.028901734104
2389 0.028901734104
2390 0.028901734104
2391 0.028901734104
2392 0.028901734104
2393 0.028901734104
2394 0.028901734104
2395 0.028901734104
2396 0.028901734104
2397 0.021676300578
2398 0.028901734104
2399 0.028901734104
2400 0.028901734104
2401 0.028901734104
2402 0.028901734104
2403 0.028901734104
2404 0.028901734104
2405 0.021676300578
2406 0.028901734104
2407 0.028901734104
2408 0.028901734104
2409 0.028901734104
2410 0.028901734104
2411 0.028901734104
2412 0.028901734104
2413 0.028901734104
2414 0.028901734104
2415 0.028901734104
2416 0.028901734104
2417 0.028901734104
2418 0.021676300578
2419 0.028901734104
2420 0.028901734104
2421 0.0505780346821
2422 0.0505780346821
2423 0.0578034682081
2424 0.0578034682081
2425 0.0650289017341
2426 0.0650289017341
2427 0.0650289017341
2428 0.0722543352601
2429 0.0722543352601
2430 0.0722543352601
2431 0.0722543352601
2432 0.0722543352601
2433 0.0722543352601
2434 0.0722543352601
2435 0.0722543352601
2436 0.0722543352601
2437 0.0722543352601
2438 0.0794797687861
2439 0.0650289017341
2440 0.0650289017341
2441 0.0433526011561
2442 0.0361271676301
2443 0.028901734104
2444 0.028901734104
2445 0.021676300578
2446 0.021676300578
2447 0.021676300578
2448 0.021676300578
2449 0.028901734104
2450 0.0361271676301
2451 0.0361271676301
2452 0.0361271676301
2453 0.0361271676301
2454 0.0361271676301
2455 0.0433526011561
2456 0.0433526011561
2457 0.0433526011561
2458 0.0361271676301
2459 0.0361271676301
2460 0.0361271676301
2461 0.0361271676301
2462 0.0361271676301
2463 0.0433526011561
2464 0.0433526011561
2465 0.0433526011561
2466 0.0433526011561
2467 0.0433526011561
2468 0.0361271676301
2469 0.0361271676301
2470 0.0578034682081
2471 0.0578034682081
2472 0.0650289017341
2473 0.0650289017341
2474 0.0650289017341
2475 0.0578034682081
2476 0.0578034682081
2477 0.0578034682081
2478 0.0578034682081
2479 0.0650289017341
2480 0.0722543352601
2481 0.0794797687861
2482 0.0867052023121
2483 0.115606936416
2484 0.115606936416
2485 0.122832369942
2486 0.151734104046
2487 0.209537572254
2488 0.296242774566
2489 0.368497109827
2490 0.390173410405
2491 0.462427745665
2492 0.469653179191
2493 0.469653179191
2494 0.469653179191
2495 0.476878612717
2496 0.476878612717
2497 0.476878612717
2498 0.484104046243
2499 0.534682080925
2500 0.556358381503
2501 0.578034682081
2502 0.606936416185
2503 0.606936416185
2504 0.657514450867
2505 0.736994219653
2506 0.758670520231
2507 0.729768786127
2508 0.664739884393
2509 0.592485549133
2510 0.549132947977
2511 0.491329479769
2512 0.491329479769
2513 0.556358381503
2514 0.816473988439
2515 1.27167630058
2516 1.92196531792
2517 2.27601156069
2518 2.44219653179
2519 2.55057803468
2520 2.63005780347
2521 2.68786127168
2522 2.6950867052
2523 2.74566473988
2524 2.72398843931
2525 2.64450867052
2526 2.58670520231
2527 2.56502890173
2528 2.54335260116
2529 2.53612716763
2530 2.5289017341
2531 2.51445086705
2532 2.5
2533 2.44942196532
2534 2.20375722543
2535 1.74855491329
2536 1.11271676301
2537 0.765895953757
2538 0.606936416185
2539 0.440751445087
2540 0.332369942197
2541 0.25289017341
2542 0.209537572254
2543 0.122832369942
2544 0.0939306358382
2545 0.0867052023121
2546 0.0867052023121
2547 0.0794797687861
2548 0.0794797687861
2549 0.0794797687861
2550 0.0794797687861
2551 0.0794797687861
2552 0.0794797687861
2553 0.0650289017341
2554 0.0505780346821
2555 0.0433526011561
2556 0.028901734104
2557 0.028901734104
2558 0.014450867052
2559 0.014450867052
2560 0.014450867052
2561 0.00722543352601
2562 0.00722543352601
2563 0.014450867052
2564 0.014450867052
2565 0.014450867052
2566 0.014450867052
2567 0.014450867052
2568 0.014450867052
2569 0.014450867052
2570 0.014450867052
2571 0.014450867052
2572 0.014450867052
2573 0.014450867052
2574 0.021676300578
2575 0.021676300578
2576 0.021676300578
2577 0.014450867052
2578 0.014450867052
2579 0.014450867052
2580 0.014450867052
2581 0.014450867052
2582 0.014450867052
2583 0.00722543352601
2584 0.014450867052
2585 0.021676300578
2586 0.021676300578
2587 0.021676300578
2588 0.028901734104
2589 0.028901734104
2590 0.028901734104
2591 0.028901734104
2592 0.028901734104
2593 0.028901734104
2594 0.021676300578
2595 0.021676300578
2596 0.021676300578
2597 0.021676300578
2598 0.021676300578
2599 0.021676300578
2600 0.021676300578
2601 0.021676300578
2602 0.021676300578
2603 0.021676300578
2604 0.014450867052
2605 0.00722543352601
2606 0.00722543352601
2607 0.014450867052
2608 0.00722543352601
2609 0.00722543352601
2610 0.00722543352601
2611 0.00722543352601
2612 0.00722543352601
2613 0.00722543352601
2614 0.00722543352601
2615 0.00722543352601
2616 0.014450867052
2617 0.014450867052
2618 0.014450867052
2619 0.021676300578
2620 0.028901734104
2621 0.028901734104
2622 0.028901734104
2623 0.028901734104
2624 0.028901734104
2625 0.028901734104
2626 0.028901734104
2627 0.021676300578
2628 0.021676300578
2629 0.021676300578
2630 0.021676300578
2631 0.021676300578
2632 0.021676300578
2633 0.021676300578
2634 0.021676300578
2635 0.021676300578
2636 0.021676300578
2637 0.0361271676301
2638 0.0433526011561
2639 0.0433526011561
2640 0.0361271676301
2641 0.0361271676301
2642 0.0361271676301
2643 0.0361271676301
2644 0.0361271676301
2645 0.0361271676301
2646 0.0361271676301
2647 0.0361271676301
2648 0.0361271676301
2649 0.0361271676301
2650 0.0361271676301
2651 0.0361271676301
2652 0.0433526011561
2653 0.0433526011561
2654 0.0433526011561
2655 0.0433526011561
2656 0.0505780346821
2657 0.0361271676301
2658 0.028901734104
2659 0.021676300578
2660 0.021676300578
2661 0.021676300578
2662 0.021676300578
2663 0.021676300578
2664 0.021676300578
2665 0.028901734104
2666 0.0361271676301
2667 0.0361271676301
2668 0.0361271676301
2669 0.0433526011561
2670 0.0433526011561
2671 0.0505780346821
2672 0.0433526011561
2673 0.0433526011561
2674 0.0433526011561
2675 0.0433526011561
2676 0.028901734104
2677 0.028901734104
2678 0.028901734104
2679 0.028901734104
2680 0.028901734104
2681 0.0361271676301
2682 0.0361271676301
2683 0.0361271676301
2684 0.0433526011561
2685 0.0433526011561
2686 0.0361271676301
2687 0.0433526011561
2688 0.0433526011561
2689 0.0361271676301
2690 0.0361271676301
2691 0.028901734104
2692 0.028901734104
2693 0.028901734104
2694 0.028901734104
2695 0.028901734104
2696 0.028901734104
2697 0.028901734104
2698 0.028901734104
2699 0.028901734104
2700 0.028901734104
2701 0.021676300578
2702 0.021676300578
2703 0.028901734104
2704 0.021676300578
2705 0.014450867052
2706 0.014450867052
2707 0.00722543352601
2708 0.00722543352601
2709 0.00722543352601
2710 0.00722543352601
2711 0.00722543352601
2712 0.00722543352601
2713 0.00722543352601
2714 0.00722543352601
2715 0.00722543352601
2716 0.00722543352601
2717 0.00722543352601
2718 0.00722543352601
2719 0.00722543352601
2720 0.014450867052
2721 0.021676300578
2722 0.021676300578
2723 0.028901734104
2724 0.028901734104
2725 0.0433526011561
2726 0.0433526011561
2727 0.0505780346821
2728 0.0505780346821
2729 0.0505780346821
2730 0.0505780346821
2731 0.0505780346821
2732 0.0578034682081
2733 0.0578034682081
2734 0.0578034682081
2735 0.0578034682081
2736 0.0578034682081
2737 0.0578034682081
2738 0.0578034682081
2739 0.0578034682081
2740 0.0505780346821
2741 0.0433526011561
2742 0.0433526011561
2743 0.0433526011561
2744 0.0505780346821
2745 0.0433526011561
2746 0.0578034682081
2747 0.0505780346821
2748 0.0505780346821
2749 0.0505780346821
2750 0.0505780346821
2751 0.0505780346821
2752 0.0433526011561
2753 0.0433526011561
2754 0.0433526011561
2755 0.0433526011561
2756 0.0433526011561
2757 0.0433526011561
2758 0.0433526011561
2759 0.0578034682081
2760 0.0578034682081
2761 0.0578034682081
2762 0.0578034682081
2763 0.0433526011561
2764 0.0433526011561
2765 0.0433526011561
2766 0.028901734104
2767 0.028901734104
2768 0.028901734104
2769 0.028901734104
2770 0.028901734104
2771 0.028901734104
2772 0.028901734104
2773 0.028901734104
2774 0.028901734104
2775 0.028901734104
2776 0.028901734104
2777 0.028901734104
2778 0.028901734104
2779 0.014450867052
2780 0.014450867052
2781 0.021676300578
2782 0.021676300578
2783 0.021676300578
2784 0.014450867052
2785 0.00722543352601
2786 0.00722543352601
2787 0.00722543352601
2788 0.00722543352601
2789 0.00722543352601
2790 0.00722543352601
2791 0.00722543352601
2792 0.00722543352601
2793 0.00722543352601
2794 0.00722543352601
2795 0.00722543352601
2796 0.00722543352601
2797 0.00722543352601
2798 0.00722543352601
2799 0.014450867052
2800 0.014450867052
2801 0.028901734104
2802 0.0433526011561
2803 0.0650289017341
2804 0.0650289017341
2805 0.0650289017341
2806 0.0722543352601
2807 0.0722543352601
2808 0.0722543352601
2809 0.0794797687861
2810 0.0794797687861
2811 0.0794797687861
2812 0.0794797687861
2813 0.0794797687861
2814 0.0794797687861
2815 0.0794797687861
2816 0.0867052023121
2817 0.0867052023121
2818 0.0867052023121
2819 0.0794797687861
2820 0.0867052023121
2821 0.0650289017341
2822 0.0578034682081
2823 0.0361271676301
2824 0.0361271676301
2825 0.0361271676301
2826 0.028901734104
2827 0.028901734104
2828 0.0361271676301
2829 0.028901734104
2830 0.028901734104
2831 0.028901734104
2832 0.028901734104
2833 0.0361271676301
2834 0.0361271676301
2835 0.0433526011561
2836 0.0361271676301
2837 0.0361271676301
2838 0.0361271676301
2839 0.0361271676301
2840 0.028901734104
2841 0.028901734104
2842 0.021676300578
2843 0.0361271676301
2844 0.0361271676301
2845 0.0361271676301
2846 0.0361271676301
2847 0.0433526011561
2848 0.0361271676301
2849 0.0361271676301
2850 0.0361271676301
2851 0.0361271676301
2852 0.0361271676301
2853 0.028901734104
2854 0.028901734104
2855 0.021676300578
2856 0.021676300578
2857 0.021676300578
2858 0.021676300578
2859 0.021676300578
2860 0.021676300578
2861 0.021676300578
2862 0.021676300578
2863 0.00722543352601
2864 0.014450867052
2865 0.014450867052
2866 0.014450867052
2867 0.021676300578
2868 0.028901734104
2869 0.0361271676301
2870 0.0433526011561
2871 0.0433526011561
2872 0.0505780346821
2873 0.0505780346821
2874 0.0505780346821
2875 0.0505780346821
2876 0.0505780346821
2877 0.0505780346821
2878 0.0505780346821
2879 0.0505780346821
2880 0.0505780346821
2881 0.0505780346821
2882 0.0505780346821
2883 0.0505780346821
2884 0.0433526011561
2885 0.0433526011561
2886 0.0433526011561
2887 0.0433526011561
2888 0.0433526011561
2889 0.0361271676301
2890 0.028901734104
2891 0.028901734104
2892 0.021676300578
2893 0.028901734104
2894 0.0361271676301
2895 0.0361271676301
2896 0.0361271676301
2897 0.0361271676301
2898 0.0361271676301
2899 0.0361271676301
2900 0.0361271676301
2901 0.0361271676301
2902 0.0361271676301
2903 0.0361271676301
2904 0.0361271676301
2905 0.0361271676301
2906 0.0361271676301
2907 0.021676300578
2908 0.014450867052
2909 0.014450867052
2910 0.014450867052
2911 0.014450867052
2912 0.014450867052
2913 0.014450867052
2914 0.00722543352601
2915 0.00722543352601
2916 0.00722543352601
2917 0.014450867052
2918 0.014450867052
2919 0.014450867052
2920 0.014450867052
2921 0.014450867052
2922 0.014450867052
2923 0.014450867052
2924 0.014450867052
2925 0.014450867052
2926 0.014450867052
2927 0.014450867052
2928 0.014450867052
2929 0.014450867052
2930 0.014450867052
2931 0.028901734104
2932 0.028901734104
2933 0.021676300578
2934 0.021676300578
2935 0.028901734104
2936 0.028901734104
2937 0.021676300578
2938 0.021676300578
2939 0.021676300578
2940 0.021676300578
2941 0.021676300578
2942 0.021676300578
2943 0.021676300578
2944 0.021676300578
2945 0.028901734104
2946 0.028901734104
2947 0.028901734104
2948 0.028901734104
2949 0.0361271676301
2950 0.0433526011561
2951 0.0361271676301
2952 0.0361271676301
2953 0.0361271676301
2954 0.0361271676301
2955 0.028901734104
2956 0.028901734104
2957 0.028901734104
2958 0.028901734104
2959 0.028901734104
2960 0.028901734104
2961 0.028901734104
2962 0.028901734104
2963 0.028901734104
2964 0.028901734104
2965 0.021676300578
2966 0.021676300578
2967 0.021676300578
2968 0.021676300578
2969 0.014450867052
2970 0.00722543352601
2971 0.00722543352601
2972 0.00722543352601
2973 0.00722543352601
2974 0.00722543352601
2975 0.00722543352601
2976 0.00722543352601
2977 0.00722543352601
2978 0.00722543352601
2979 0.00722543352601
2980 0.00722543352601
2981 0.00722543352601
2982 0.00722543352601
2983 0.00722543352601
2984 0.00722543352601
2985 0.00722543352601
2986 0.014450867052
2987 0.028901734104
2988 0.0361271676301
2989 0.0433526011561
2990 0.0433526011561
2991 0.0361271676301
2992 0.0433526011561
2993 0.0505780346821
2994 0.0505780346821
2995 0.0505780346821
2996 0.0505780346821
2997 0.0505780346821
2998 0.0505780346821
2999 0.0505780346821
3000 0.0505780346821
3001 0.0505780346821
3002 0.0505780346821
3003 0.0578034682081
3004 0.0650289017341
3005 0.0650289017341
3006 0.0578034682081
3007 0.0433526011561
3008 0.0361271676301
3009 0.028901734104
3010 0.028901734104
3011 0.028901734104
3012 0.021676300578
3013 0.014450867052
3014 0.014450867052
3015 0.014450867052
3016 0.014450867052
3017 0.014450867052
3018 0.014450867052
3019 0.014450867052
3020 0.014450867052
3021 0.014450867052
3022 0.014450867052
3023 0.014450867052
3024 0.00722543352601
3025 0.00722543352601
3026 0.014450867052
3027 0.021676300578
3028 0.021676300578
3029 0.021676300578
3030 0.021676300578
3031 0.021676300578
3032 0.021676300578
3033 0.021676300578
3034 0.021676300578
3035 0.021676300578
3036 0.021676300578
3037 0.021676300578
3038 0.021676300578
3039 0.021676300578
3040 0.021676300578
3041 0.021676300578
3042 0.028901734104
3043 0.021676300578
3044 0.021676300578
3045 0.028901734104
3046 0.028901734104
3047 0.028901734104
3048 0.028901734104
3049 0.0361271676301
3050 0.0361271676301
3051 0.0361271676301
3052 0.0361271676301
3053 0.0361271676301
3054 0.0361271676301
3055 0.0361271676301
3056 0.0361271676301
3057 0.0361271676301
3058 0.0361271676301
3059 0.0361271676301
3060 0.0361271676301
3061 0.0433526011561
3062 0.0433526011561
3063 0.0578034682081
3064 0.0578034682081
3065 0.0505780346821
3066 0.0433526011561
3067 0.0433526011561
3068 0.0505780346821
3069 0.0505780346821
3070 0.0505780346821
3071 0.0505780346821
3072 0.0505780346821
3073 0.0505780346821
3074 0.0505780346821
3075 0.0505780346821
3076 0.0505780346821
3077 0.0505780346821
3078 0.0505780346821
3079 0.0505780346821
3080 0.0505780346821
3081 0.0433526011561
3082 0.0361271676301
3083 0.021676300578
3084 0.021676300578
3085 0.021676300578
3086 0.021676300578
3087 0.014450867052
3088 0.00722543352601
3089 0.0
3090 0.0
3091 0.0
3092 0.0
3093 0.0
3094 0.0
3095 0.0
3096 0.0
3097 0.0
3098 0.0
3099 0.0
3100 0.0
3101 0.00722543352601
3102 0.00722543352601
3103 0.00722543352601
3104 0.00722543352601
3105 0.00722543352601
3106 0.00722543352601
3107 0.00722543352601
3108 0.00722543352601
3109 0.00722543352601
3110 0.00722543352601
3111 0.00722543352601
3112 0.014450867052
3113 0.014450867052
3114 0.014450867052
3115 0.021676300578
3116 0.021676300578
3117 0.021676300578
3118 0.021676300578
3119 0.021676300578
