0 0.578034682081
1 0.578034682081
2 0.578034682081
3 0.578034682081
4 0.578034682081
5 0.578034682081
6 0.578034682081
7 0.578034682081
8 0.578034682081
9 0.578034682081
10 0.578034682081
11 0.578034682081
12 0.578034682081
13 0.578034682081
14 0.578034682081
15 0.578034682081
16 0.28901734104
17 0.0
18 0.0
19 0.0
20 0.0
21 0.0
22 0.0
23 0.0
24 0.0
25 0.0
26 0.0
27 0.0
28 0.0
29 0.0
30 0.0
31 0.0
32 0.0
33 0.0
34 0.0
35 0.0
36 0.0
37 0.14450867052
38 0.14450867052
39 0.14450867052
40 0.14450867052
41 0.14450867052
42 0.14450867052
43 0.14450867052
44 0.14450867052
45 0.14450867052
46 0.14450867052
47 0.14450867052
48 0.14450867052
49 0.14450867052
50 0.14450867052
51 0.14450867052
52 0.14450867052
53 0.28901734104
54 0.28901734104
55 0.433526011561
56 0.433526011561
57 0.28901734104
58 0.28901734104
59 0.28901734104
60 0.28901734104
61 0.28901734104
62 0.28901734104
63 0.28901734104
64 0.28901734104
65 0.28901734104
66 0.28901734104
67 0.28901734104
68 0.28901734104
69 0.28901734104
70 0.28901734104
71 0.28901734104
72 0.28901734104
73 0.14450867052
74 0.14450867052
75 0.0
76 0.0
77 0.14450867052
78 0.14450867052
79 0.14450867052
80 0.14450867052
81 0.14450867052
82 0.14450867052
83 0.14450867052
84 0.14450867052
85 0.14450867052
86 0.14450867052
87 0.14450867052
88 0.14450867052
89 0.14450867052
90 0.14450867052
91 0.14450867052
92 0.14450867052
93 0.28901734104
94 0.433526011561
95 0.433526011561
96 0.578034682081
97 1.01156069364
98 1.15606936416
99 1.15606936416
100 1.15606936416
101 1.15606936416
102 1.15606936416
103 1.15606936416
104 1.15606936416
105 1.15606936416
106 1.15606936416
107 1.15606936416
108 1.15606936416
109 1.15606936416
110 1.15606936416
111 1.15606936416
112 1.30057803468
113 1.15606936416
114 1.01156069364
115 1.01156069364
116 0.867052023121
117 0.28901734104
118 0.14450867052
119 0.14450867052
120 0.14450867052
121 0.14450867052
122 0.14450867052
123 0.14450867052
124 0.14450867052
125 0.14450867052
126 0.14450867052
127 0.14450867052
128 0.14450867052
129 0.14450867052
130 0.14450867052
131 0.14450867052
132 0.0
133 0.0
134 0.14450867052
135 0.14450867052
136 0.433526011561
137 0.433526011561
138 0.433526011561
139 0.433526011561
140 0.433526011561
141 0.433526011561
142 0.433526011561
143 0.433526011561
144 0.433526011561
145 0.433526011561
146 0.433526011561
147 0.433526011561
148 0.433526011561
149 0.433526011561
150 0.433526011561
151 0.433526011561
152 0.433526011561
153 0.433526011561
154 0.28901734104
155 0.28901734104
156 0.0
157 0.0
158 0.0
159 0.0
160 0.0
161 0.0
162 0.0
163 0.0
164 0.0
165 0.0
166 0.0
167 0.0
168 0.0
169 0.0
170 0.0
171 0.0
172 0.0
173 0.28901734104
174 0.28901734104
175 0.28901734104
176 0.28901734104
177 0.28901734104
178 0.433526011561
179 0.433526011561
180 0.433526011561
181 0.433526011561
182 0.433526011561
183 0.433526011561
184 0.433526011561
185 0.433526011561
186 0.433526011561
187 0.433526011561
188 0.433526011561
189 0.433526011561
190 0.433526011561
191 0.578034682081
192 0.722543352601
193 0.433526011561
194 0.433526011561
195 0.433526011561
196 0.433526011561
197 0.578034682081
198 0.433526011561
199 0.433526011561
200 0.433526011561
201 0.433526011561
202 0.433526011561
203 0.433526011561
204 0.433526011561
205 0.433526011561
206 0.433526011561
207 0.433526011561
208 0.433526011561
209 0.433526011561
210 0.433526011561
211 0.28901734104
212 0.14450867052
213 0.433526011561
214 0.433526011561
215 0.578034682081
216 0.722543352601
217 0.578034682081
218 0.578034682081
219 0.578034682081
220 0.578034682081
221 0.578034682081
222 0.578034682081
223 0.578034682081
224 0.578034682081
225 0.578034682081
226 0.578034682081
227 0.578034682081
228 0.578034682081
229 0.578034682081
230 0.578034682081
231 0.578034682081
232 0.578034682081
233 0.28901734104
234 0.28901734104
235 0.14450867052
236 0.0
237 0.0
238 0.0
239 0.0
240 0.0
241 0.0
242 0.0
243 0.0
244 0.0
245 0.0
246 0.0
247 0.0
248 0.0
249 0.0
250 0.0
251 0.0
252 0.0
253 0.0
254 0.0
255 0.0
256 0.0
257 0.0
258 0.0
259 0.0
260 0.0
261 0.0
262 0.14450867052
263 0.14450867052
264 0.14450867052
265 0.14450867052
266 0.14450867052
267 0.14450867052
268 0.14450867052
269 0.14450867052
270 0.14450867052
271 0.14450867052
272 0.14450867052
273 0.14450867052
274 0.14450867052
275 0.14450867052
276 0.14450867052
277 0.14450867052
278 0.14450867052
279 0.14450867052
280 0.14450867052
281 0.14450867052
282 0.0
283 0.0
284 0.0
285 0.0
286 0.0
287 0.0
288 0.0
289 0.0
290 0.14450867052
291 0.28901734104
292 0.28901734104
293 2.02312138728
294 2.02312138728
295 3.46820809249
296 5.20231213873
297 5.20231213873
298 5.78034682081
299 5.78034682081
300 5.78034682081
301 5.78034682081
302 5.78034682081
303 5.78034682081
304 5.78034682081
305 5.78034682081
306 5.78034682081
307 5.78034682081
308 5.78034682081
309 5.78034682081
310 5.63583815029
311 5.49132947977
312 5.49132947977
313 3.75722543353
314 3.75722543353
315 2.31213872832
316 0.578034682081
317 0.578034682081
318 0.0
319 0.0
320 0.0
321 0.0
322 0.0
323 0.0
324 0.0
325 0.0
326 0.0
327 0.0
328 0.0
329 0.0
330 0.0
331 0.0
332 0.0
333 0.0
334 0.0
335 0.0
336 0.0
337 0.0
338 0.0
339 0.0
340 0.0
341 0.0
342 0.0
343 0.0
344 0.0
345 0.0
346 0.0
347 0.0
348 0.0
349 0.0
350 0.0
351 0.0
352 0.0
353 0.0
354 0.0
355 0.0
356 0.0
357 0.0
358 0.14450867052
359 0.14450867052
360 0.14450867052
361 0.14450867052
362 0.14450867052
363 0.14450867052
364 0.14450867052
365 0.14450867052
366 0.14450867052
367 0.14450867052
368 0.14450867052
369 0.14450867052
370 0.14450867052
371 0.14450867052
372 0.28901734104
373 0.28901734104
374 0.28901734104
375 0.28901734104
376 0.28901734104
377 0.28901734104
378 0.14450867052
379 0.14450867052
380 0.14450867052
381 0.14450867052
382 0.14450867052
383 0.14450867052
384 0.14450867052
385 0.14450867052
386 0.14450867052
387 0.14450867052
388 0.14450867052
389 0.14450867052
390 0.14450867052
391 0.14450867052
392 0.28901734104
393 0.28901734104
394 0.28901734104
395 0.28901734104
396 0.28901734104
397 0.28901734104
398 0.28901734104
399 0.28901734104
400 0.28901734104
401 0.28901734104
402 0.28901734104
403 0.28901734104
404 0.28901734104
405 0.28901734104
406 0.28901734104
407 0.28901734104
408 0.28901734104
409 0.28901734104
410 0.28901734104
411 0.433526011561
412 0.14450867052
413 0.28901734104
414 0.28901734104
415 0.433526011561
416 0.722543352601
417 0.722543352601
418 0.722543352601
419 0.722543352601
420 0.722543352601
421 0.722543352601
422 0.722543352601
423 0.722543352601
424 0.722543352601
425 0.722543352601
426 0.722543352601
427 0.722543352601
428 0.722543352601
429 0.722543352601
430 0.722543352601
431 0.578034682081
432 0.578034682081
433 0.433526011561
434 0.433526011561
435 0.28901734104
436 0.0
437 0.0
438 0.14450867052
439 0.14450867052
440 0.14450867052
441 0.14450867052
442 0.14450867052
443 0.14450867052
444 0.14450867052
445 0.14450867052
446 0.14450867052
447 0.14450867052
448 0.14450867052
449 0.14450867052
450 0.14450867052
451 0.14450867052
452 0.14450867052
453 0.14450867052
454 0.14450867052
455 0.14450867052
456 0.14450867052
457 0.14450867052
458 0.0
459 0.0
460 0.0
461 0.0
462 0.0
463 0.0
464 0.0
465 0.0
466 0.0
467 0.0
468 0.0
469 0.0
470 0.0
471 0.0
472 0.28901734104
473 0.722543352601
474 1.58959537572
475 1.58959537572
476 1.58959537572
477 2.02312138728
478 2.02312138728
479 2.02312138728
480 2.02312138728
481 2.02312138728
482 2.02312138728
483 2.02312138728
484 2.02312138728
485 2.02312138728
486 2.02312138728
487 2.02312138728
488 2.02312138728
489 2.1676300578
490 2.1676300578
491 2.1676300578
492 1.87861271676
493 1.4450867052
494 0.578034682081
495 0.578034682081
496 0.578034682081
497 0.28901734104
498 0.28901734104
499 0.28901734104
500 0.28901734104
501 0.28901734104
502 0.28901734104
503 0.28901734104
504 0.28901734104
505 0.28901734104
506 0.28901734104
507 0.28901734104
508 0.28901734104
509 0.14450867052
510 0.14450867052
511 0.14450867052
512 0.14450867052
513 0.433526011561
514 0.433526011561
515 0.433526011561
516 0.433526011561
517 0.28901734104
518 0.28901734104
519 0.28901734104
520 0.28901734104
521 0.28901734104
522 0.28901734104
523 0.28901734104
524 0.28901734104
525 0.28901734104
526 0.28901734104
527 0.28901734104
528 0.28901734104
529 0.28901734104
530 0.28901734104
531 0.28901734104
532 0.28901734104
533 0.0
534 0.0
535 0.14450867052
536 0.14450867052
537 0.28901734104
538 0.28901734104
539 0.28901734104
540 0.28901734104
541 0.28901734104
542 0.28901734104
543 0.28901734104
544 0.28901734104
545 0.28901734104
546 0.28901734104
547 0.28901734104
548 0.28901734104
549 0.28901734104
550 0.28901734104
551 0.28901734104
552 0.28901734104
553 0.28901734104
554 0.28901734104
555 0.14450867052
556 0.14450867052
557 0.0
558 0.14450867052
559 0.28901734104
560 0.28901734104
561 0.28901734104
562 0.28901734104
563 0.28901734104
564 0.28901734104
565 0.28901734104
566 0.28901734104
567 0.28901734104
568 0.28901734104
569 0.28901734104
570 0.28901734104
571 0.28901734104
572 0.28901734104
573 0.28901734104
574 0.28901734104
575 0.433526011561
576 0.578034682081
577 0.578034682081
578 0.433526011561
579 0.28901734104
580 0.28901734104
581 0.433526011561
582 0.433526011561
583 0.578034682081
584 0.578034682081
585 0.578034682081
586 0.578034682081
587 0.578034682081
588 0.578034682081
589 0.578034682081
590 0.578034682081
591 0.578034682081
592 0.578034682081
593 0.578034682081
594 0.578034682081
595 0.433526011561
596 0.28901734104
597 0.28901734104
598 0.28901734104
599 0.28901734104
600 0.28901734104
601 0.14450867052
602 0.14450867052
603 0.14450867052
604 0.14450867052
605 0.14450867052
606 0.28901734104
607 0.28901734104
608 0.28901734104
609 0.28901734104
610 0.28901734104
611 0.28901734104
612 0.28901734104
613 0.28901734104
614 0.28901734104
615 0.28901734104
616 0.433526011561
617 0.433526011561
618 0.433526011561
619 0.578034682081
620 0.578034682081
621 0.578034682081
622 0.578034682081
623 0.722543352601
624 1.30057803468
625 1.30057803468
626 1.15606936416
627 1.15606936416
628 1.15606936416
629 1.15606936416
630 1.15606936416
631 1.15606936416
632 1.30057803468
633 1.4450867052
634 1.4450867052
635 1.87861271676
636 3.03468208092
637 3.03468208092
638 4.04624277457
639 5.20231213873
640 6.50289017341
641 6.50289017341
642 9.82658959538
643 9.53757225434
644 11.2716763006
645 11.2716763006
646 11.8497109827
647 11.8497109827
648 11.8497109827
649 12.4277456647
650 12.5722543353
651 12.5722543353
652 12.4277456647
653 12.2832369942
654 12.2832369942
655 12.2832369942
656 11.4161849711
657 11.4161849711
658 11.5606936416
659 11.9942196532
660 13.0057803468
661 15.1734104046
662 11.8497109827
663 12.8612716763
664 11.4161849711
665 11.9942196532
666 11.7052023121
667 12.1387283237
668 12.4277456647
669 12.1387283237
670 11.9942196532
671 11.9942196532
672 22.2543352601
673 28.612716763
674 31.2138728324
675 30.7803468208
676 31.3583815029
677 31.3583815029
678 30.2023121387
679 29.0462427746
680 26.7341040462
681 24.710982659
682 24.710982659
683 23.6994219653
684 22.8323699422
685 22.2543352601
686 21.9653179191
687 21.5317919075
688 21.2427745665
689 20.9537572254
690 21.098265896
691 21.5317919075
692 11.2716763006
693 5.34682080925
694 2.74566473988
695 3.17919075145
696 2.1676300578
697 2.1676300578
698 2.31213872832
699 1.73410404624
700 1.73410404624
701 1.58959537572
702 1.58959537572
703 1.58959537572
704 1.58959537572
705 1.58959537572
706 1.58959537572
707 1.58959537572
708 1.58959537572
709 1.58959537572
710 1.4450867052
711 1.01156069364
712 1.01156069364
713 0.578034682081
714 0.578034682081
715 0.14450867052
716 0.14450867052
717 0.14450867052
718 0.0
719 0.0
720 0.0
721 0.0
722 0.0
723 0.0
724 0.0
725 0.0
726 0.0
727 0.0
728 0.0
729 0.0
730 0.0
731 0.0
732 0.0
733 0.0
734 0.0
735 0.0
736 0.0
737 0.0
738 0.0
739 0.0
740 0.0
741 0.0
742 0.0
743 0.0
744 0.0
745 0.0
746 0.0
747 0.0
748 0.0
749 0.0
750 0.0
751 0.0
752 0.0
753 0.0
754 0.0
755 0.0
756 0.0
757 0.0
758 0.28901734104
759 0.433526011561
760 0.433526011561
761 0.433526011561
762 0.433526011561
763 0.433526011561
764 0.433526011561
765 0.433526011561
766 0.433526011561
767 0.433526011561
768 0.433526011561
769 0.433526011561
770 0.433526011561
771 0.433526011561
772 0.433526011561
773 0.433526011561
774 0.433526011561
775 0.433526011561
776 0.433526011561
777 0.433526011561
778 0.14450867052
779 0.0
780 0.14450867052
781 0.28901734104
782 0.28901734104
783 0.28901734104
784 0.28901734104
785 0.28901734104
786 0.28901734104
787 0.28901734104
788 0.28901734104
789 0.28901734104
790 0.28901734104
791 0.28901734104
792 0.28901734104
793 0.28901734104
794 0.28901734104
795 0.28901734104
796 0.28901734104
797 0.28901734104
798 0.28901734104
799 0.28901734104
800 0.14450867052
801 0.14450867052
802 0.14450867052
803 0.14450867052
804 0.867052023121
805 1.87861271676
806 2.02312138728
807 2.02312138728
808 2.02312138728
809 2.02312138728
810 2.02312138728
811 2.02312138728
812 2.02312138728
813 2.02312138728
814 2.02312138728
815 2.02312138728
816 2.31213872832
817 2.74566473988
818 2.8901734104
819 3.90173410405
820 5.05780346821
821 7.36994219653
822 9.39306358382
823 11.5606936416
824 11.4161849711
825 10.9826589595
826 11.1271676301
827 11.1271676301
828 11.2716763006
829 11.2716763006
830 11.2716763006
831 12.4277456647
832 14.8843930636
833 14.8843930636
834 17.4855491329
835 20.6647398844
836 20.3757225434
837 22.5433526012
838 24.1329479769
839 23.9884393064
840 23.4104046243
841 21.2427745665
842 19.2196531792
843 17.0520231214
844 16.4739884393
845 15.8959537572
846 15.6069364162
847 15.6069364162
848 15.4624277457
849 15.4624277457
850 15.7514450867
851 14.5953757225
852 13.2947976879
853 13.2947976879
854 10.9826589595
855 8.52601156069
856 8.95953757225
857 6.50289017341
858 4.76878612717
859 3.90173410405
860 3.32369942197
861 3.03468208092
862 3.03468208092
863 3.03468208092
864 3.03468208092
865 3.03468208092
866 3.03468208092
867 3.03468208092
868 3.03468208092
869 3.03468208092
870 2.74566473988
871 2.74566473988
872 1.58959537572
873 1.58959537572
874 1.30057803468
875 0.578034682081
876 0.14450867052
877 0.0
878 0.0
879 0.0
880 0.0
881 0.0
882 0.0
883 0.0
884 0.0
885 0.0
886 0.0
887 0.0
888 0.0
889 0.0
890 0.0
891 0.0
892 0.0
893 0.0
894 0.0
895 0.0
896 0.0
897 0.0
898 0.0
899 0.0
900 0.0
901 0.0
902 0.0
903 0.0
904 0.0
905 0.14450867052
906 0.14450867052
907 0.14450867052
908 0.14450867052
909 0.14450867052
910 0.14450867052
911 0.14450867052
912 0.14450867052
913 0.28901734104
914 0.28901734104
915 0.433526011561
916 0.433526011561
917 0.433526011561
918 0.433526011561
919 0.433526011561
920 0.433526011561
921 0.433526011561
922 0.433526011561
923 0.433526011561
924 0.433526011561
925 0.28901734104
926 0.28901734104
927 0.28901734104
928 0.28901734104
929 0.28901734104
930 0.28901734104
931 0.28901734104
932 0.28901734104
933 0.14450867052
934 0.14450867052
935 0.14450867052
936 0.14450867052
937 0.14450867052
938 0.14450867052
939 0.14450867052
940 0.14450867052
941 0.28901734104
942 0.28901734104
943 0.28901734104
944 0.28901734104
945 0.28901734104
946 0.28901734104
947 0.28901734104
948 0.28901734104
949 0.28901734104
950 0.28901734104
951 0.28901734104
952 0.28901734104
953 0.28901734104
954 0.28901734104
955 0.14450867052
956 0.14450867052
957 0.28901734104
958 0.28901734104
959 0.28901734104
960 0.28901734104
961 0.14450867052
962 0.14450867052
963 0.14450867052
964 0.14450867052
965 0.14450867052
966 0.14450867052
967 0.14450867052
968 0.14450867052
969 0.14450867052
970 0.14450867052
971 0.28901734104
972 0.433526011561
973 0.578034682081
974 0.867052023121
975 0.867052023121
976 1.01156069364
977 1.01156069364
978 1.01156069364
979 1.01156069364
980 1.01156069364
981 1.01156069364
982 1.01156069364
983 1.01156069364
984 1.01156069364
985 1.01156069364
986 1.01156069364
987 1.01156069364
988 1.01156069364
989 1.01156069364
990 1.01156069364
991 0.867052023121
992 0.722543352601
993 0.578034682081
994 0.28901734104
995 0.433526011561
996 0.28901734104
997 0.14450867052
998 0.14450867052
999 0.14450867052
1000 0.14450867052
1001 0.14450867052
1002 0.14450867052
1003 0.14450867052
1004 0.14450867052
1005 0.14450867052
1006 0.14450867052
1007 0.14450867052
1008 0.14450867052
1009 0.14450867052
1010 0.14450867052
1011 0.28901734104
1012 0.28901734104
1013 0.28901734104
1014 0.28901734104
1015 0.14450867052
1016 0.14450867052
1017 0.14450867052
1018 0.14450867052
1019 0.14450867052
1020 0.14450867052
1021 0.14450867052
1022 0.14450867052
1023 0.14450867052
1024 0.14450867052
1025 0.14450867052
1026 0.14450867052
1027 0.28901734104
1028 0.28901734104
1029 0.28901734104
1030 0.28901734104
1031 0.14450867052
1032 0.14450867052
1033 0.28901734104
1034 0.433526011561
1035 0.433526011561
1036 0.433526011561
1037 0.433526011561
1038 0.433526011561
1039 0.433526011561
1040 0.433526011561
1041 0.433526011561
1042 0.433526011561
1043 0.433526011561
1044 0.433526011561
1045 0.433526011561
1046 0.433526011561
1047 0.28901734104
1048 0.28901734104
1049 0.28901734104
1050 0.28901734104
1051 0.28901734104
1052 0.28901734104
1053 0.14450867052
1054 0.578034682081
1055 0.578034682081
1056 0.578034682081
1057 0.578034682081
1058 0.578034682081
1059 0.578034682081
1060 0.578034682081
1061 0.578034682081
1062 0.578034682081
1063 0.578034682081
1064 0.578034682081
1065 0.578034682081
1066 0.578034682081
1067 0.578034682081
1068 0.578034682081
1069 0.578034682081
1070 0.578034682081
1071 0.578034682081
1072 0.578034682081
1073 0.578034682081
1074 0.0
1075 0.0
1076 0.0
1077 0.0
1078 0.0
1079 0.14450867052
1080 0.14450867052
1081 0.28901734104
1082 0.28901734104
1083 0.28901734104
1084 0.28901734104
1085 0.28901734104
1086 0.28901734104
1087 0.28901734104
1088 0.28901734104
1089 0.28901734104
1090 0.28901734104
1091 0.28901734104
1092 0.28901734104
1093 0.28901734104
1094 0.28901734104
1095 0.28901734104
1096 0.28901734104
1097 0.28901734104
1098 0.28901734104
1099 0.14450867052
1100 0.14450867052
1101 0.14450867052
1102 0.14450867052
1103 0.14450867052
1104 0.14450867052
1105 0.14450867052
1106 0.14450867052
1107 0.14450867052
1108 0.14450867052
1109 0.14450867052
1110 0.14450867052
1111 0.14450867052
1112 0.14450867052
1113 0.14450867052
1114 0.14450867052
1115 0.28901734104
1116 0.28901734104
1117 0.433526011561
1118 0.578034682081
1119 0.867052023121
1120 1.15606936416
1121 1.01156069364
1122 2.1676300578
1123 3.03468208092
1124 3.90173410405
1125 4.62427745665
1126 4.62427745665
1127 4.62427745665
1128 4.62427745665
1129 4.62427745665
1130 4.62427745665
1131 4.76878612717
1132 4.76878612717
1133 4.76878612717
1134 4.76878612717
1135 4.76878612717
1136 6.35838150289
1137 7.65895953757
1138 7.51445086705
1139 10.4046242775
1140 12.1387283237
1141 12.1387283237
1142 13.7283236994
1143 15.4624277457
1144 16.0404624277
1145 16.0404624277
1146 16.9075144509
1147 16.9075144509
1148 17.0520231214
1149 17.0520231214
1150 18.063583815
1151 18.6416184971
1152 18.6416184971
1153 19.6531791908
1154 20.6647398844
1155 20.5202312139
1156 18.9306358382
1157 17.9190751445
1158 18.063583815
1159 15.0289017341
1160 13.0057803468
1161 13.1502890173
1162 10.4046242775
1163 7.80346820809
1164 6.35838150289
1165 5.63583815029
1166 4.76878612717
1167 4.76878612717
1168 4.62427745665
1169 4.91329479769
1170 5.63583815029
1171 4.91329479769
1172 8.95953757225
1173 7.94797687861
1174 9.68208092486
1175 11.7052023121
1176 13.1502890173
1177 13.0057803468
1178 12.8612716763
1179 12.7167630058
1180 12.7167630058
1181 12.5722543353
1182 12.5722543353
1183 12.5722543353
1184 12.5722543353
1185 12.5722543353
1186 12.5722543353
1187 12.5722543353
1188 12.5722543353
1189 12.2832369942
1190 10.549132948
1191 10.549132948
1192 6.50289017341
1193 6.50289017341
1194 3.75722543353
1195 1.73410404624
1196 0.28901734104
1197 0.0
1198 0.0
1199 0.0
1200 0.0
1201 0.0
1202 0.0
1203 0.0
1204 0.0
1205 0.0
1206 0.0
1207 0.0
1208 0.0
1209 0.0
1210 0.0
1211 0.0
1212 0.0
1213 0.0
1214 0.0
1215 0.0
1216 0.0
1217 0.0
1218 0.0
1219 0.0
1220 0.0
1221 0.0
1222 0.0
1223 0.0
1224 0.0
1225 0.0
1226 0.0
1227 0.0
1228 0.0
1229 0.0
1230 0.0
1231 0.0
1232 0.0
1233 0.0
1234 0.0
1235 0.0
1236 0.14450867052
1237 0.14450867052
1238 0.14450867052
1239 0.14450867052
1240 0.14450867052
1241 0.14450867052
1242 0.14450867052
1243 0.14450867052
1244 0.14450867052
1245 0.14450867052
1246 0.14450867052
1247 0.14450867052
1248 0.14450867052
1249 0.14450867052
1250 0.14450867052
1251 0.14450867052
1252 0.14450867052
1253 0.14450867052
1254 0.14450867052
1255 0.14450867052
1256 0.14450867052
1257 0.14450867052
1258 0.14450867052
1259 0.14450867052
1260 0.14450867052
1261 0.14450867052
1262 0.14450867052
1263 0.14450867052
1264 0.14450867052
1265 0.14450867052
1266 0.14450867052
1267 0.14450867052
1268 0.14450867052
1269 0.14450867052
1270 0.14450867052
1271 0.14450867052
1272 0.14450867052
1273 0.14450867052
1274 0.14450867052
1275 0.14450867052
1276 0.0
1277 0.0
1278 0.14450867052
1279 0.14450867052
1280 0.14450867052
1281 0.14450867052
1282 0.14450867052
1283 0.14450867052
1284 0.14450867052
1285 0.14450867052
1286 0.14450867052
1287 0.14450867052
1288 0.14450867052
1289 0.14450867052
1290 0.14450867052
1291 0.14450867052
1292 0.14450867052
1293 0.14450867052
1294 0.14450867052
1295 0.14450867052
1296 0.14450867052
1297 0.14450867052
1298 0.0
1299 0.0
1300 0.0
1301 0.0
1302 0.0
1303 0.0
1304 0.14450867052
1305 0.14450867052
1306 0.28901734104
1307 0.433526011561
1308 0.433526011561
1309 0.433526011561
1310 0.433526011561
1311 0.433526011561
1312 0.433526011561
1313 0.433526011561
1314 0.433526011561
1315 0.433526011561
1316 0.433526011561
1317 0.433526011561
1318 0.433526011561
1319 0.722543352601
1320 0.722543352601
1321 0.867052023121
1322 0.867052023121
1323 1.15606936416
1324 1.01156069364
1325 1.01156069364
1326 0.867052023121
1327 0.867052023121
1328 1.01156069364
1329 1.01156069364
1330 1.01156069364
1331 1.01156069364
1332 1.15606936416
1333 1.15606936416
1334 1.15606936416
1335 1.15606936416
1336 1.15606936416
1337 1.4450867052
1338 1.4450867052
1339 1.15606936416
1340 1.73410404624
1341 2.02312138728
1342 2.02312138728
1343 1.73410404624
1344 1.73410404624
1345 1.73410404624
1346 1.73410404624
1347 1.58959537572
1348 1.4450867052
1349 1.4450867052
1350 1.87861271676
1351 4.47976878613
1352 4.33526011561
1353 13.5838150289
1354 21.2427745665
1355 29.4797687861
1356 33.8150289017
1357 37.7167630058
1358 39.8843930636
1359 41.1849710983
1360 40.6069364162
1361 40.4624277457
1362 40.4624277457
1363 40.4624277457
1364 40.4624277457
1365 40.4624277457
1366 40.4624277457
1367 40.4624277457
1368 40.4624277457
1369 40.4624277457
1370 40.0289017341
1371 37.4277456647
1372 37.7167630058
1373 28.4682080925
1374 20.8092485549
1375 12.5722543353
1376 8.38150289017
1377 4.19075144509
1378 2.02312138728
1379 0.722543352601
1380 0.722543352601
1381 0.433526011561
1382 0.433526011561
1383 0.433526011561
1384 0.433526011561
1385 0.433526011561
1386 0.433526011561
1387 0.433526011561
1388 0.433526011561
1389 0.433526011561
1390 0.433526011561
1391 0.433526011561
1392 0.14450867052
1393 0.14450867052
1394 0.14450867052
1395 0.14450867052
1396 0.0
1397 0.0
1398 0.0
1399 0.0
1400 0.0
1401 0.0
1402 0.0
1403 0.0
1404 0.0
1405 0.0
1406 0.0
1407 0.0
1408 0.0
1409 0.0
1410 0.0
1411 0.0
1412 0.0
1413 0.0
1414 0.0
1415 0.0
1416 0.0
1417 0.0
1418 0.0
1419 0.0
1420 0.0
1421 0.0
1422 0.0
1423 0.0
1424 0.0
1425 0.0
1426 0.0
1427 0.0
1428 0.0
1429 0.0
1430 0.0
1431 0.0
1432 0.0
1433 0.0
1434 0.0
1435 0.0
1436 0.0
1437 0.0
1438 0.0
1439 0.0
1440 0.0
1441 0.0
1442 0.0
1443 0.0
1444 0.0
1445 0.0
1446 0.0
1447 0.0
1448 0.0
1449 0.0
1450 0.0
1451 0.0
1452 0.0
1453 0.0
1454 0.14450867052
1455 0.28901734104
1456 0.578034682081
1457 0.578034682081
1458 0.578034682081
1459 0.578034682081
1460 0.578034682081
1461 0.578034682081
1462 0.578034682081
1463 0.578034682081
1464 0.578034682081
1465 0.578034682081
1466 0.578034682081
1467 0.578034682081
1468 0.578034682081
1469 0.578034682081
1470 0.578034682081
1471 0.578034682081
1472 0.578034682081
1473 0.867052023121
1474 0.722543352601
1475 0.578034682081
1476 0.28901734104
1477 0.28901734104
1478 0.433526011561
1479 0.433526011561
1480 0.433526011561
1481 0.433526011561
1482 0.433526011561
1483 0.433526011561
1484 0.433526011561
1485 0.433526011561
1486 0.433526011561
1487 0.433526011561
1488 0.433526011561
1489 0.433526011561
1490 0.433526011561
1491 0.433526011561
1492 0.433526011561
1493 0.28901734104
1494 0.28901734104
1495 0.433526011561
1496 0.433526011561
1497 0.433526011561
1498 0.28901734104
1499 0.28901734104
1500 0.28901734104
1501 0.28901734104
1502 0.28901734104
1503 0.28901734104
1504 0.28901734104
1505 0.28901734104
1506 0.28901734104
1507 0.28901734104
1508 0.28901734104
1509 0.28901734104
1510 0.28901734104
1511 0.28901734104
1512 0.28901734104
1513 0.14450867052
1514 0.14450867052
1515 0.0
1516 0.0
1517 0.0
1518 0.0
1519 0.0
1520 0.0
1521 0.0
1522 0.0
1523 0.0
1524 0.0
1525 0.0
1526 0.0
1527 0.0
1528 0.0
1529 0.0
1530 0.14450867052
1531 0.14450867052
1532 0.14450867052
1533 0.14450867052
1534 0.14450867052
1535 0.14450867052
1536 0.14450867052
1537 0.14450867052
1538 0.14450867052
1539 0.14450867052
1540 0.14450867052
1541 0.14450867052
1542 0.14450867052
1543 0.14450867052
1544 0.14450867052
1545 0.14450867052
1546 0.14450867052
1547 0.14450867052
1548 0.14450867052
1549 0.14450867052
1550 0.0
1551 0.0
1552 0.0
1553 0.0
1554 0.0
1555 0.0
1556 0.0
1557 0.0
1558 0.0
1559 0.0
1560 0.0
1561 0.0
1562 0.0
1563 0.0
1564 0.0
1565 0.0
1566 0.0
1567 0.0
1568 0.0
1569 0.0
1570 0.0
1571 0.0
1572 0.0
1573 0.0
1574 0.0
1575 0.0
1576 0.0
1577 0.0
1578 0.0
1579 0.0
1580 0.0
1581 0.0
1582 0.0
1583 0.0
1584 0.0
1585 0.0
1586 0.0
1587 0.0
1588 0.0
1589 0.0
1590 0.0
1591 0.0
1592 0.0
1593 0.14450867052
1594 0.14450867052
1595 0.14450867052
1596 0.14450867052
1597 0.433526011561
1598 0.433526011561
1599 0.433526011561
1600 0.433526011561
1601 0.433526011561
1602 0.433526011561
1603 0.433526011561
1604 0.433526011561
1605 0.433526011561
1606 0.433526011561
1607 0.433526011561
1608 0.433526011561
1609 0.433526011561
1610 0.433526011561
1611 0.433526011561
1612 0.433526011561
1613 0.28901734104
1614 0.28901734104
1615 0.28901734104
1616 0.28901734104
1617 0.0
1618 0.0
1619 0.0
1620 0.0
1621 0.0
1622 0.0
1623 0.0
1624 0.0
1625 0.0
1626 0.0
1627 0.0
1628 0.0
1629 0.0
1630 0.0
1631 0.0
1632 0.0
1633 0.0
1634 0.28901734104
1635 0.28901734104
1636 0.28901734104
1637 0.28901734104
1638 0.28901734104
1639 0.28901734104
1640 0.28901734104
1641 0.28901734104
1642 0.28901734104
1643 0.28901734104
1644 0.28901734104
1645 0.28901734104
1646 0.28901734104
1647 0.28901734104
1648 0.28901734104
1649 0.28901734104
1650 0.28901734104
1651 0.28901734104
1652 0.28901734104
1653 0.28901734104
1654 0.0
1655 0.0
1656 0.0
1657 0.14450867052
1658 0.14450867052
1659 0.14450867052
1660 0.14450867052
1661 0.14450867052
1662 0.14450867052
1663 0.14450867052
1664 0.14450867052
1665 0.14450867052
1666 0.14450867052
1667 0.14450867052
1668 0.14450867052
1669 0.14450867052
1670 0.14450867052
1671 0.14450867052
1672 0.28901734104
1673 0.28901734104
1674 0.28901734104
1675 0.28901734104
1676 0.28901734104
1677 0.14450867052
1678 0.14450867052
1679 0.578034682081
1680 0.722543352601
1681 0.722543352601
1682 0.722543352601
1683 0.722543352601
1684 0.722543352601
1685 0.867052023121
1686 0.867052023121
1687 0.867052023121
1688 0.867052023121
1689 0.867052023121
1690 0.867052023121
1691 0.867052023121
1692 0.722543352601
1693 0.722543352601
1694 0.722543352601
1695 0.722543352601
1696 0.722543352601
1697 0.722543352601
1698 0.722543352601
1699 0.28901734104
1700 0.867052023121
1701 1.4450867052
1702 1.4450867052
1703 2.1676300578
1704 2.60115606936
1705 2.74566473988
1706 2.8901734104
1707 3.03468208092
1708 3.03468208092
1709 3.03468208092
1710 3.03468208092
1711 3.61271676301
1712 4.33526011561
1713 4.33526011561
1714 5.20231213873
1715 5.78034682081
1716 5.92485549133
1717 5.92485549133
1718 6.35838150289
1719 6.79190751445
1720 6.06936416185
1721 5.49132947977
1722 5.49132947977
1723 4.76878612717
1724 4.33526011561
1725 4.19075144509
1726 4.04624277457
1727 3.90173410405
1728 3.90173410405
1729 3.90173410405
1730 3.90173410405
1731 3.32369942197
1732 2.60115606936
1733 4.33526011561
1734 5.05780346821
1735 5.05780346821
1736 5.20231213873
1737 5.92485549133
1738 5.49132947977
1739 5.05780346821
1740 5.05780346821
1741 5.05780346821
1742 5.05780346821
1743 5.05780346821
1744 5.05780346821
1745 4.91329479769
1746 4.91329479769
1747 4.91329479769
1748 4.91329479769
1749 4.91329479769
1750 4.91329479769
1751 4.91329479769
1752 4.91329479769
1753 3.17919075145
1754 1.58959537572
1755 1.01156069364
1756 0.722543352601
1757 0.0
1758 0.0
1759 0.0
1760 0.0
1761 0.0
1762 0.0
1763 0.0
1764 0.0
1765 0.0
1766 0.0
1767 0.0
1768 0.0
1769 0.0
1770 0.0
1771 0.0
1772 0.0
1773 0.0
1774 0.0
1775 0.0
1776 0.0
1777 0.0
1778 0.0
1779 0.0
1780 0.0
1781 0.0
1782 0.0
1783 0.0
1784 0.0
1785 0.0
1786 0.0
1787 0.0
1788 0.0
1789 0.0
1790 0.0
1791 0.0
1792 0.0
1793 0.0
1794 0.0
1795 0.0
1796 0.0
1797 0.0
1798 0.28901734104
1799 0.28901734104
1800 0.28901734104
1801 0.28901734104
1802 0.28901734104
1803 0.28901734104
1804 0.28901734104
1805 0.28901734104
1806 0.28901734104
1807 0.28901734104
1808 0.28901734104
1809 0.28901734104
1810 0.28901734104
1811 0.28901734104
1812 0.28901734104
1813 0.28901734104
1814 0.28901734104
1815 0.28901734104
1816 0.28901734104
1817 0.28901734104
1818 0.0
1819 0.0
1820 0.0
1821 0.0
1822 0.0
1823 0.0
1824 0.0
1825 0.0
1826 0.0
1827 0.0
1828 0.0
1829 0.0
1830 0.0
1831 0.0
1832 0.14450867052
1833 0.28901734104
1834 0.578034682081
1835 0.867052023121
1836 0.867052023121
1837 0.867052023121
1838 0.867052023121
1839 0.867052023121
1840 0.867052023121
1841 0.867052023121
1842 0.867052023121
1843 1.01156069364
1844 1.01156069364
1845 1.01156069364
1846 1.01156069364
1847 1.01156069364
1848 1.01156069364
1849 1.01156069364
1850 1.01156069364
1851 1.01156069364
1852 0.867052023121
1853 0.722543352601
1854 1.01156069364
1855 0.722543352601
1856 0.722543352601
1857 0.722543352601
1858 0.722543352601
1859 0.722543352601
1860 0.722543352601
1861 0.722543352601
1862 0.722543352601
1863 0.578034682081
1864 0.578034682081
1865 0.578034682081
1866 0.578034682081
1867 0.578034682081
1868 0.578034682081
1869 0.578034682081
1870 0.578034682081
1871 0.578034682081
1872 0.722543352601
1873 0.722543352601
1874 0.433526011561
1875 0.433526011561
1876 0.722543352601
1877 0.722543352601
1878 0.722543352601
1879 0.722543352601
1880 0.722543352601
1881 0.722543352601
1882 0.722543352601
1883 0.722543352601
1884 0.722543352601
1885 0.722543352601
1886 0.722543352601
1887 0.722543352601
1888 0.722543352601
1889 0.722543352601
1890 0.722543352601
1891 0.722543352601
1892 0.578034682081
1893 0.722543352601
1894 0.433526011561
1895 0.433526011561
1896 0.14450867052
1897 0.28901734104
1898 0.28901734104
1899 0.28901734104
1900 0.28901734104
1901 0.28901734104
1902 0.28901734104
1903 0.28901734104
1904 0.28901734104
1905 0.28901734104
1906 0.28901734104
1907 0.28901734104
1908 0.28901734104
1909 0.28901734104
1910 0.28901734104
1911 0.28901734104
1912 0.28901734104
1913 0.14450867052
1914 0.14450867052
1915 0.28901734104
1916 0.28901734104
1917 0.14450867052
1918 0.14450867052
1919 0.14450867052
1920 0.14450867052
1921 0.14450867052
1922 0.14450867052
1923 0.14450867052
1924 0.14450867052
1925 0.14450867052
1926 0.14450867052
1927 0.14450867052
1928 0.14450867052
1929 0.14450867052
1930 0.14450867052
1931 0.14450867052
1932 0.14450867052
1933 0.14450867052
1934 0.14450867052
1935 0.0
1936 0.0
1937 0.14450867052
1938 0.14450867052
1939 0.14450867052
1940 0.14450867052
1941 0.14450867052
1942 0.14450867052
1943 0.14450867052
1944 0.14450867052
1945 0.14450867052
1946 0.14450867052
1947 0.14450867052
1948 0.14450867052
1949 0.14450867052
1950 0.14450867052
1951 0.14450867052
1952 0.14450867052
1953 0.14450867052
1954 0.14450867052
1955 0.14450867052
1956 0.14450867052
1957 0.0
1958 0.14450867052
1959 0.14450867052
1960 0.14450867052
1961 0.14450867052
1962 0.14450867052
1963 0.14450867052
1964 0.14450867052
1965 0.14450867052
1966 0.14450867052
1967 0.14450867052
1968 0.14450867052
1969 0.14450867052
1970 0.14450867052
1971 0.14450867052
1972 0.14450867052
1973 0.14450867052
1974 0.14450867052
1975 0.28901734104
1976 0.722543352601
1977 0.722543352601
1978 0.867052023121
1979 0.867052023121
1980 0.867052023121
1981 0.867052023121
1982 0.867052023121
1983 0.867052023121
1984 0.867052023121
1985 0.867052023121
1986 0.867052023121
1987 0.867052023121
1988 0.867052023121
1989 0.867052023121
1990 0.867052023121
1991 0.867052023121
1992 0.867052023121
1993 1.01156069364
1994 1.01156069364
1995 0.867052023121
1996 0.433526011561
1997 0.722543352601
1998 0.433526011561
1999 0.433526011561
2000 0.433526011561
2001 0.433526011561
2002 0.433526011561
2003 0.433526011561
2004 0.433526011561
2005 0.433526011561
2006 0.433526011561
2007 0.433526011561
2008 0.433526011561
2009 0.433526011561
2010 0.433526011561
2011 0.433526011561
2012 0.433526011561
2013 0.28901734104
2014 0.28901734104
2015 0.28901734104
2016 0.28901734104
2017 0.0
2018 0.0
2019 0.0
2020 0.0
2021 0.0
2022 0.0
2023 0.0
2024 0.0
2025 0.0
2026 0.0
2027 0.0
2028 0.0
2029 0.0
2030 0.0
2031 0.0
2032 0.0
2033 0.0
2034 0.0
2035 0.14450867052
2036 0.14450867052
2037 0.14450867052
2038 0.14450867052
2039 0.28901734104
2040 0.28901734104
2041 0.28901734104
2042 0.867052023121
2043 1.30057803468
2044 1.30057803468
2045 2.1676300578
2046 2.1676300578
2047 2.1676300578
2048 2.1676300578
2049 2.1676300578
2050 2.1676300578
2051 2.1676300578
2052 2.1676300578
2053 2.1676300578
2054 2.1676300578
2055 2.45664739884
2056 2.45664739884
2057 3.03468208092
2058 3.03468208092
2059 3.32369942197
2060 4.19075144509
2061 4.76878612717
2062 4.19075144509
2063 3.75722543353
2064 4.19075144509
2065 3.61271676301
2066 3.61271676301
2067 3.90173410405
2068 4.04624277457
2069 4.04624277457
2070 4.04624277457
2071 4.04624277457
2072 4.04624277457
2073 13.2947976879
2074 18.7861271676
2075 23.6994219653
2076 28.901734104
2077 32.225433526
2078 32.225433526
2079 33.5260115607
2080 32.9479768786
2081 32.8034682081
2082 32.8034682081
2083 32.8034682081
2084 32.3699421965
2085 32.0809248555
2086 32.0809248555
2087 31.7919075145
2088 31.6473988439
2089 31.6473988439
2090 31.6473988439
2091 31.6473988439
2092 31.6473988439
2093 22.3988439306
2094 16.9075144509
2095 11.8497109827
2096 6.64739884393
2097 2.74566473988
2098 2.74566473988
2099 1.01156069364
2100 0.722543352601
2101 0.28901734104
2102 0.28901734104
2103 0.28901734104
2104 0.28901734104
2105 0.28901734104
2106 0.28901734104
2107 0.28901734104
2108 0.28901734104
2109 0.28901734104
2110 0.28901734104
2111 0.28901734104
2112 0.28901734104
2113 0.28901734104
2114 0.28901734104
2115 0.0
2116 0.0
2117 0.0
2118 0.0
2119 0.0
2120 0.0
2121 0.0
2122 0.0
2123 0.0
2124 0.0
2125 0.0
2126 0.0
2127 0.0
2128 0.0
2129 0.0
2130 0.0
2131 0.0
2132 0.0
2133 0.0
2134 0.0
2135 0.0
2136 0.0
2137 0.0
2138 0.0
2139 0.0
2140 0.0
2141 0.0
2142 0.0
2143 0.0
2144 0.0
2145 0.0
2146 0.0
2147 0.0
2148 0.0
2149 0.0
2150 0.0
2151 0.0
2152 0.0
2153 0.0
2154 0.0
2155 0.0
2156 0.0
2157 0.0
2158 0.14450867052
2159 0.14450867052
2160 0.14450867052
2161 0.14450867052
2162 0.14450867052
2163 0.14450867052
2164 0.14450867052
2165 0.14450867052
2166 0.14450867052
2167 0.14450867052
2168 0.14450867052
2169 0.14450867052
2170 0.14450867052
2171 0.14450867052
2172 0.14450867052
2173 0.14450867052
2174 0.28901734104
2175 0.433526011561
2176 0.433526011561
2177 0.433526011561
2178 0.28901734104
2179 0.433526011561
2180 0.433526011561
2181 0.433526011561
2182 0.433526011561
2183 0.433526011561
2184 0.433526011561
2185 0.433526011561
2186 0.433526011561
2187 0.433526011561
2188 0.433526011561
2189 0.433526011561
2190 0.433526011561
2191 0.433526011561
2192 0.433526011561
2193 0.433526011561
2194 0.578034682081
2195 0.433526011561
2196 0.433526011561
2197 0.433526011561
2198 0.433526011561
2199 0.28901734104
2200 0.28901734104
2201 0.28901734104
2202 0.28901734104
2203 0.28901734104
2204 0.28901734104
2205 0.28901734104
2206 0.28901734104
2207 0.28901734104
2208 0.28901734104
2209 0.28901734104
2210 0.28901734104
2211 0.28901734104
2212 0.28901734104
2213 0.28901734104
2214 0.0
2215 0.0
2216 0.0
2217 0.0
2218 0.0
2219 0.0
2220 0.0
2221 0.0
2222 0.0
2223 0.0
2224 0.0
2225 0.0
2226 0.0
2227 0.0
2228 0.0
2229 0.0
2230 0.0
2231 0.0
2232 0.0
2233 0.0
2234 0.0
2235 0.0
2236 0.0
2237 0.0
2238 0.0
2239 0.0
2240 0.0
2241 0.0
2242 0.0
2243 0.0
2244 0.0
2245 0.0
2246 0.0
2247 0.0
2248 0.0
2249 0.0
2250 0.0
2251 0.0
2252 0.0
2253 0.14450867052
2254 0.14450867052
2255 0.14450867052
2256 0.14450867052
2257 0.14450867052
2258 0.14450867052
2259 0.14450867052
2260 0.14450867052
2261 0.14450867052
2262 0.14450867052
2263 0.14450867052
2264 0.14450867052
2265 0.14450867052
2266 0.14450867052
2267 0.14450867052
2268 0.14450867052
2269 0.14450867052
2270 0.14450867052
2271 0.14450867052
2272 0.14450867052
2273 0.14450867052
2274 0.14450867052
2275 0.14450867052
2276 0.578034682081
2277 0.578034682081
2278 0.578034682081
2279 0.578034682081
2280 0.578034682081
2281 0.578034682081
2282 0.578034682081
2283 0.578034682081
2284 0.578034682081
2285 0.578034682081
2286 0.578034682081
2287 0.578034682081
2288 0.578034682081
2289 0.578034682081
2290 0.578034682081
2291 0.578034682081
2292 0.578034682081
2293 0.433526011561
2294 0.433526011561
2295 0.433526011561
2296 0.0
2297 0.0
2298 0.0
2299 0.14450867052
2300 0.14450867052
2301 0.14450867052
2302 0.28901734104
2303 0.28901734104
2304 0.28901734104
2305 0.28901734104
2306 0.28901734104
2307 0.28901734104
2308 0.28901734104
2309 0.28901734104
2310 0.28901734104
2311 0.28901734104
2312 0.28901734104
2313 0.28901734104
2314 0.28901734104
2315 0.28901734104
2316 0.28901734104
2317 0.433526011561
2318 0.578034682081
2319 0.433526011561
2320 0.433526011561
2321 0.433526011561
2322 0.28901734104
2323 0.28901734104
2324 0.578034682081
2325 0.578034682081
2326 0.867052023121
2327 0.867052023121
2328 0.867052023121
2329 0.867052023121
2330 0.867052023121
2331 0.867052023121
2332 0.867052023121
2333 0.867052023121
2334 0.867052023121
2335 1.01156069364
2336 1.01156069364
2337 1.15606936416
2338 1.01156069364
2339 2.02312138728
2340 2.02312138728
2341 3.03468208092
2342 3.61271676301
2343 4.76878612717
2344 4.47976878613
2345 4.47976878613
2346 4.62427745665
2347 4.62427745665
2348 4.62427745665
2349 4.76878612717
2350 4.91329479769
2351 4.91329479769
2352 5.05780346821
2353 5.05780346821
2354 5.20231213873
2355 5.05780346821
2356 5.05780346821
2357 4.76878612717
2358 4.76878612717
2359 3.90173410405
2360 3.90173410405
2361 2.8901734104
2362 2.31213872832
2363 1.15606936416
2364 1.30057803468
2365 1.30057803468
2366 0.867052023121
2367 0.867052023121
2368 1.01156069364
2369 0.867052023121
2370 7.22543352601
2371 20.8092485549
2372 33.6705202312
2373 42.4855491329
2374 47.6878612717
2375 52.1676300578
2376 54.1907514451
2377 55.7803468208
2378 55.7803468208
2379 55.6358381503
2380 55.6358381503
2381 55.6358381503
2382 55.6358381503
2383 55.6358381503
2384 55.4913294798
2385 55.4913294798
2386 55.4913294798
2387 55.4913294798
2388 55.3468208092
2389 55.3468208092
2390 48.8439306358
2391 35.2601156069
2392 22.2543352601
2393 13.4393063584
2394 8.09248554913
2395 3.61271676301
2396 1.58959537572
2397 0.0
2398 0.0
2399 0.0
2400 0.0
2401 0.0
2402 0.0
2403 0.0
2404 0.0
2405 0.0
2406 0.0
2407 0.0
2408 0.0
2409 0.0
2410 0.0
2411 0.0
2412 0.0
2413 0.0
2414 0.0
2415 0.0
2416 0.0
2417 0.0
2418 0.0
2419 0.0
2420 0.0
2421 0.0
2422 0.0
2423 0.0
2424 0.0
2425 0.0
2426 0.0
2427 0.0
2428 0.0
2429 0.0
2430 0.0
2431 0.0
2432 0.0
2433 0.0
2434 0.0
2435 0.0
2436 0.0
2437 0.0
2438 0.0
2439 0.0
2440 0.0
2441 0.0
2442 0.0
2443 0.0
2444 0.0
2445 0.0
2446 0.0
2447 0.0
2448 0.0
2449 0.0
2450 0.0
2451 0.0
2452 0.0
2453 0.0
2454 0.0
2455 0.0
2456 0.0
2457 0.0
2458 0.0
2459 0.0
2460 0.0
2461 0.0
2462 0.0
2463 0.0
2464 0.0
2465 0.0
2466 0.0
2467 0.0
2468 0.0
2469 0.0
2470 0.0
2471 0.0
2472 0.0
2473 0.14450867052
2474 0.433526011561
2475 0.433526011561
2476 0.433526011561
2477 0.433526011561
2478 0.433526011561
2479 0.433526011561
2480 0.433526011561
2481 0.433526011561
2482 0.433526011561
2483 0.433526011561
2484 0.433526011561
2485 0.433526011561
2486 0.433526011561
2487 0.433526011561
2488 0.433526011561
2489 0.433526011561
2490 0.433526011561
2491 0.433526011561
2492 0.433526011561
2493 0.28901734104
2494 0.0
2495 0.0
2496 0.0
2497 0.0
2498 0.0
2499 0.0
2500 0.0
2501 0.0
2502 0.0
2503 0.0
2504 0.14450867052
2505 0.14450867052
2506 0.14450867052
2507 0.14450867052
2508 0.14450867052
2509 0.14450867052
2510 0.14450867052
2511 0.14450867052
2512 0.14450867052
2513 0.14450867052
2514 0.14450867052
2515 0.14450867052
2516 0.14450867052
2517 0.14450867052
2518 0.14450867052
2519 0.28901734104
2520 0.578034682081
2521 0.722543352601
2522 0.722543352601
2523 0.722543352601
2524 0.578034682081
2525 0.578034682081
2526 1.01156069364
2527 1.01156069364
2528 1.01156069364
2529 1.15606936416
2530 1.15606936416
2531 1.30057803468
2532 1.30057803468
2533 1.30057803468
2534 1.30057803468
2535 1.30057803468
2536 1.30057803468
2537 1.4450867052
2538 1.4450867052
2539 1.30057803468
2540 1.15606936416
2541 1.30057803468
2542 1.58959537572
2543 1.87861271676
2544 2.02312138728
2545 2.02312138728
2546 1.73410404624
2547 1.87861271676
2548 1.87861271676
2549 1.87861271676
2550 4.76878612717
2551 20.2312138728
2552 37.7167630058
2553 50.7225433526
2554 57.5144508671
2555 62.1387283237
2556 65.1734104046
2557 65.0289017341
2558 65.6069364162
2559 66.0404624277
2560 66.1849710983
2561 65.8959537572
2562 65.6069364162
2563 65.3179190751
2564 65.1734104046
2565 65.1734104046
2566 65.0289017341
2567 64.8843930636
2568 64.8843930636
2569 64.7398843931
2570 61.9942196532
2571 46.387283237
2572 29.0462427746
2573 16.3294797688
2574 9.53757225434
2575 4.91329479769
2576 1.87861271676
2577 1.87861271676
2578 1.30057803468
2579 0.867052023121
2580 0.578034682081
2581 0.578034682081
2582 0.578034682081
2583 0.578034682081
2584 0.578034682081
2585 0.578034682081
2586 0.578034682081
2587 0.578034682081
2588 0.578034682081
2589 0.578034682081
2590 0.433526011561
2591 0.433526011561
2592 0.28901734104
2593 0.0
2594 0.0
2595 0.0
2596 0.0
2597 0.0
2598 0.0
2599 0.0
2600 0.0
2601 0.0
2602 0.0
2603 0.0
2604 0.0
2605 0.0
2606 0.0
2607 0.0
2608 0.0
2609 0.0
2610 0.0
2611 0.0
2612 0.0
2613 0.14450867052
2614 0.14450867052
2615 0.14450867052
2616 0.28901734104
2617 0.28901734104
2618 0.28901734104
2619 0.28901734104
2620 0.28901734104
2621 0.28901734104
2622 0.28901734104
2623 0.28901734104
2624 0.28901734104
2625 0.28901734104
2626 0.28901734104
2627 0.28901734104
2628 0.28901734104
2629 0.28901734104
2630 0.28901734104
2631 0.28901734104
2632 0.433526011561
2633 0.28901734104
2634 0.28901734104
2635 0.28901734104
2636 0.14450867052
2637 0.14450867052
2638 0.14450867052
2639 0.14450867052
2640 0.14450867052
2641 0.14450867052
2642 0.14450867052
2643 0.14450867052
2644 0.14450867052
2645 0.14450867052
2646 0.14450867052
2647 0.14450867052
2648 0.14450867052
2649 0.14450867052
2650 0.14450867052
2651 0.14450867052
2652 0.0
2653 0.0
2654 0.0
2655 0.0
2656 0.0
2657 0.0
2658 0.0
2659 0.0
2660 0.0
2661 0.0
2662 0.0
2663 0.0
2664 0.0
2665 0.0
2666 0.0
2667 0.0
2668 0.0
2669 0.0
2670 0.0
2671 0.0
2672 0.0
2673 0.28901734104
2674 0.28901734104
2675 0.722543352601
2676 0.867052023121
2677 0.867052023121
2678 0.867052023121
2679 1.01156069364
2680 1.01156069364
2681 1.01156069364
2682 1.15606936416
2683 1.15606936416
2684 1.15606936416
2685 1.15606936416
2686 1.15606936416
2687 1.15606936416
2688 1.15606936416
2689 1.15606936416
2690 1.15606936416
2691 1.15606936416
2692 1.30057803468
2693 1.01156069364
2694 1.01156069364
2695 0.578034682081
2696 0.433526011561
2697 0.433526011561
2698 0.433526011561
2699 0.28901734104
2700 0.28901734104
2701 0.28901734104
2702 0.14450867052
2703 0.28901734104
2704 0.28901734104
2705 0.28901734104
2706 0.28901734104
2707 0.28901734104
2708 0.28901734104
2709 0.28901734104
2710 0.28901734104
2711 0.28901734104
2712 0.14450867052
2713 0.14450867052
2714 0.14450867052
2715 0.14450867052
2716 0.14450867052
2717 0.14450867052
2718 0.14450867052
2719 0.14450867052
2720 0.28901734104
2721 0.28901734104
2722 0.28901734104
2723 0.14450867052
2724 0.14450867052
2725 0.14450867052
2726 0.28901734104
2727 0.28901734104
2728 0.28901734104
2729 0.28901734104
2730 0.28901734104
2731 0.28901734104
2732 0.28901734104
2733 0.433526011561
2734 0.578034682081
2735 0.578034682081
2736 0.578034682081
2737 1.30057803468
2738 1.30057803468
2739 1.4450867052
2740 2.02312138728
2741 3.17919075145
2742 4.91329479769
2743 4.91329479769
2744 4.91329479769
2745 6.35838150289
2746 6.50289017341
2747 6.50289017341
2748 6.79190751445
2749 6.79190751445
2750 6.79190751445
2751 6.79190751445
2752 6.79190751445
2753 6.64739884393
2754 6.50289017341
2755 6.50289017341
2756 6.50289017341
2757 6.35838150289
2758 6.35838150289
2759 6.93641618497
2760 6.93641618497
2761 6.79190751445
2762 5.05780346821
2763 5.05780346821
2764 5.63583815029
2765 4.62427745665
2766 4.47976878613
2767 4.47976878613
2768 4.47976878613
2769 4.76878612717
2770 6.06936416185
2771 11.2716763006
2772 20.5202312139
2773 33.5260115607
2774 40.6069364162
2775 44.0751445087
2776 47.3988439306
2777 48.9884393064
2778 50.7225433526
2779 50.0
2780 51.0115606936
2781 50.5780346821
2782 50.5780346821
2783 50.5780346821
2784 50.0
2785 49.5664739884
2786 49.4219653179
2787 49.4219653179
2788 49.1329479769
2789 48.8439306358
2790 47.5433526012
2791 42.3410404624
2792 33.0924855491
2793 20.0867052023
2794 13.1502890173
2795 9.68208092486
2796 6.35838150289
2797 4.19075144509
2798 2.45664739884
2799 2.45664739884
2800 0.722543352601
2801 0.14450867052
2802 0.14450867052
2803 0.14450867052
2804 0.14450867052
2805 0.14450867052
2806 0.14450867052
2807 0.14450867052
2808 0.14450867052
2809 0.14450867052
2810 0.14450867052
2811 0.14450867052
2812 0.14450867052
2813 0.14450867052
2814 0.0
2815 0.0
2816 0.0
2817 0.0
2818 0.0
2819 0.0
2820 0.0
2821 0.0
2822 0.0
2823 0.0
2824 0.0
2825 0.0
2826 0.0
2827 0.0
2828 0.0
2829 0.0
2830 0.0
2831 0.0
2832 0.0
2833 0.0
2834 0.0
2835 0.0
2836 0.0
2837 0.0
2838 0.0
2839 0.0
2840 0.0
2841 0.0
2842 0.0
2843 0.0
2844 0.0
2845 0.0
2846 0.0
2847 0.0
2848 0.0
2849 0.0
2850 0.0
2851 0.0
2852 0.0
2853 0.0
2854 0.14450867052
2855 0.14450867052
2856 0.14450867052
2857 0.14450867052
2858 0.28901734104
2859 0.28901734104
2860 0.28901734104
2861 0.28901734104
2862 0.28901734104
2863 0.28901734104
2864 0.28901734104
2865 0.28901734104
2866 0.28901734104
2867 0.28901734104
2868 0.28901734104
2869 0.28901734104
2870 0.28901734104
2871 0.28901734104
2872 0.28901734104
2873 0.28901734104
2874 0.14450867052
2875 0.14450867052
2876 0.14450867052
2877 0.14450867052
2878 0.0
2879 0.0
2880 0.0
2881 0.0
2882 0.0
2883 0.0
2884 0.0
2885 0.0
2886 0.0
2887 0.0
2888 0.0
2889 0.0
2890 0.0
2891 0.0
2892 0.0
2893 0.0
2894 0.0
2895 0.0
2896 0.0
2897 0.0
2898 0.0
2899 0.0
2900 0.0
2901 0.0
2902 0.0
2903 0.0
2904 0.0
2905 0.0
2906 0.0
2907 0.0
2908 0.0
2909 0.0
2910 0.0
2911 0.0
2912 0.0
2913 0.14450867052
2914 0.14450867052
2915 0.14450867052
2916 0.14450867052
2917 0.14450867052
2918 0.14450867052
2919 0.14450867052
2920 0.14450867052
2921 0.14450867052
2922 0.14450867052
2923 0.14450867052
2924 0.14450867052
2925 0.14450867052
2926 0.14450867052
2927 0.14450867052
2928 0.14450867052
2929 0.14450867052
2930 0.14450867052
2931 0.14450867052
2932 0.14450867052
2933 0.0
2934 0.0
2935 0.0
2936 0.0
2937 0.0
2938 0.0
2939 0.0
2940 0.0
2941 0.0
2942 0.0
2943 0.0
2944 0.0
2945 0.0
2946 0.0
2947 0.0
2948 0.0
2949 0.0
2950 0.0
2951 0.0
2952 0.14450867052
2953 0.14450867052
2954 0.14450867052
2955 0.28901734104
2956 0.28901734104
2957 0.28901734104
2958 0.28901734104
2959 0.28901734104
2960 0.28901734104
2961 0.28901734104
2962 0.28901734104
2963 0.28901734104
2964 0.28901734104
2965 0.28901734104
2966 0.28901734104
2967 0.28901734104
2968 0.28901734104
2969 0.28901734104
2970 0.28901734104
2971 0.28901734104
2972 0.14450867052
2973 0.28901734104
2974 0.28901734104
2975 0.14450867052
2976 0.14450867052
2977 0.14450867052
2978 0.14450867052
2979 0.14450867052
2980 0.14450867052
2981 0.14450867052
2982 0.14450867052
2983 0.14450867052
2984 0.14450867052
2985 0.14450867052
2986 0.14450867052
2987 0.14450867052
2988 0.14450867052
2989 0.14450867052
2990 0.14450867052
2991 0.14450867052
2992 0.14450867052
2993 0.0
2994 0.0
2995 0.0
2996 0.0
2997 0.0
2998 0.0
2999 0.0
3000 0.0
3001 0.0
3002 0.0
3003 0.0
3004 0.0
3005 0.0
3006 0.0
3007 0.0
3008 0.0
3009 0.0
3010 0.0
3011 0.0
3012 0.14450867052
3013 0.28901734104
3014 0.28901734104
3015 0.28901734104
3016 0.28901734104
3017 0.578034682081
3018 0.578034682081
3019 0.722543352601
3020 0.722543352601
3021 0.722543352601
3022 0.722543352601
3023 0.722543352601
3024 0.722543352601
3025 0.722543352601
3026 0.722543352601
3027 0.722543352601
3028 0.722543352601
3029 0.722543352601
3030 0.722543352601
3031 0.722543352601
3032 0.578034682081
3033 0.433526011561
3034 0.433526011561
3035 0.433526011561
3036 0.578034682081
3037 0.28901734104
3038 0.578034682081
3039 0.433526011561
3040 0.433526011561
3041 0.433526011561
3042 0.433526011561
3043 0.433526011561
3044 0.433526011561
3045 0.433526011561
3046 0.433526011561
3047 0.433526011561
3048 0.433526011561
3049 0.433526011561
3050 0.433526011561
3051 0.433526011561
3052 0.433526011561
3053 0.433526011561
3054 0.433526011561
3055 0.433526011561
3056 0.433526011561
3057 0.578034682081
3058 0.28901734104
3059 0.28901734104
3060 0.28901734104
3061 0.28901734104
3062 0.28901734104
3063 0.28901734104
3064 0.28901734104
3065 0.28901734104
3066 0.28901734104
3067 0.28901734104
3068 0.28901734104
3069 0.28901734104
3070 0.28901734104
3071 0.28901734104
3072 0.28901734104
3073 0.28901734104
3074 0.28901734104
3075 0.28901734104
3076 0.14450867052
3077 0.0
3078 0.0
3079 0.0
3080 0.0
3081 0.0
3082 0.0
3083 0.0
3084 0.0
3085 0.0
3086 0.0
3087 0.0
3088 0.0
3089 0.0
3090 0.0
3091 0.0
3092 0.14450867052
3093 0.14450867052
3094 0.14450867052
3095 0.14450867052
3096 0.578034682081
3097 0.578034682081
3098 0.578034682081
3099 0.578034682081
3100 0.578034682081
3101 0.578034682081
3102 0.578034682081
3103 0.578034682081
3104 0.578034682081
3105 0.578034682081
3106 0.578034682081
3107 0.578034682081
3108 0.578034682081
3109 0.578034682081
3110 0.578034682081
3111 0.578034682081
3112 0.433526011561
3113 0.433526011561
3114 0.433526011561
3115 0.433526011561
3116 0.0
3117 0.0
3118 0.0
3119 0.0
3120 0.0
3121 0.0
3122 0.0
3123 0.0
3124 0.0
3125 0.0
3126 0.0
3127 0.0
3128 0.0
3129 0.0
3130 0.0
3131 0.14450867052
3132 0.14450867052
3133 0.433526011561
3134 0.433526011561
3135 0.433526011561
3136 0.433526011561
3137 0.433526011561
3138 0.433526011561
3139 0.433526011561
3140 0.433526011561
3141 0.433526011561
3142 0.433526011561
3143 0.433526011561
3144 0.433526011561
3145 0.433526011561
3146 0.433526011561
3147 0.433526011561
3148 0.433526011561
3149 0.433526011561
3150 0.433526011561
3151 0.28901734104
3152 0.28901734104
3153 0.14450867052
3154 0.14450867052
3155 0.14450867052
3156 0.14450867052
3157 0.14450867052
3158 0.14450867052
3159 0.14450867052
3160 0.14450867052
3161 0.14450867052
3162 0.14450867052
3163 0.14450867052
3164 0.14450867052
3165 0.14450867052
3166 0.14450867052
3167 0.14450867052
3168 0.14450867052
3169 0.14450867052
3170 0.14450867052
3171 0.14450867052
3172 0.14450867052
3173 0.0
3174 0.14450867052
3175 0.14450867052
3176 0.28901734104
3177 0.28901734104
3178 0.28901734104
3179 0.28901734104
3180 0.28901734104
3181 0.28901734104
3182 0.28901734104
3183 0.28901734104
3184 0.28901734104
3185 0.28901734104
3186 0.28901734104
3187 0.28901734104
3188 0.28901734104
3189 0.28901734104
3190 0.28901734104
3191 0.28901734104
3192 0.28901734104
3193 0.578034682081
3194 0.433526011561
3195 0.433526011561
3196 0.28901734104
3197 0.28901734104
3198 0.28901734104
3199 0.433526011561
3200 0.433526011561
3201 0.433526011561
3202 0.433526011561
3203 0.433526011561
3204 0.433526011561
3205 0.433526011561
3206 0.433526011561
3207 0.433526011561
3208 0.433526011561
3209 0.433526011561
3210 0.433526011561
3211 0.433526011561
3212 0.433526011561
3213 0.14450867052
3214 0.14450867052
3215 0.14450867052
3216 0.14450867052
3217 0.14450867052
3218 0.14450867052
3219 0.0
3220 0.0
3221 0.0
3222 0.0
3223 0.0
3224 0.0
3225 0.0
3226 0.0
3227 0.0
3228 0.0
3229 0.0
3230 0.0
3231 0.0
3232 0.0
3233 0.0
3234 0.0
3235 0.0
3236 0.0
3237 0.28901734104
3238 0.28901734104
3239 0.28901734104
3240 0.28901734104
3241 0.28901734104
3242 0.28901734104
3243 0.28901734104
3244 0.28901734104
3245 0.28901734104
3246 0.28901734104
3247 0.28901734104
3248 0.28901734104
3249 0.28901734104
3250 0.28901734104
3251 0.28901734104
3252 0.28901734104
3253 0.28901734104
3254 0.28901734104
3255 0.28901734104
3256 0.28901734104
3257 0.14450867052
3258 0.14450867052
3259 0.14450867052
3260 0.14450867052
3261 0.14450867052
3262 0.14450867052
3263 0.14450867052
3264 0.14450867052
3265 0.14450867052
3266 0.14450867052
3267 0.14450867052
3268 0.14450867052
3269 0.14450867052
3270 0.14450867052
3271 0.14450867052
3272 0.14450867052
3273 0.14450867052
3274 0.14450867052
3275 0.14450867052
3276 0.14450867052
3277 0.14450867052
3278 0.14450867052
3279 0.14450867052
3280 0.14450867052
3281 0.14450867052
3282 0.14450867052
3283 0.14450867052
3284 0.14450867052
3285 0.14450867052
3286 0.14450867052
3287 0.14450867052
3288 0.14450867052
3289 0.14450867052
3290 0.14450867052
3291 0.14450867052
3292 0.14450867052
3293 0.14450867052
3294 0.14450867052
3295 0.14450867052
3296 0.14450867052
3297 0.0
3298 0.14450867052
3299 0.28901734104
3300 0.28901734104
3301 0.28901734104
3302 0.28901734104
3303 0.28901734104
3304 0.28901734104
3305 0.28901734104
3306 0.28901734104
3307 0.28901734104
3308 0.28901734104
3309 0.28901734104
3310 0.28901734104
3311 0.28901734104
3312 0.28901734104
3313 0.28901734104
3314 0.28901734104
3315 0.28901734104
3316 0.28901734104
3317 0.28901734104
3318 0.14450867052
3319 0.0
3320 0.0
3321 0.0
3322 0.0
3323 0.0
3324 0.0
3325 0.0
3326 0.0
3327 0.0
3328 0.0
3329 0.0
3330 0.0
3331 0.0
3332 0.0
3333 0.0
3334 0.14450867052
3335 0.14450867052
3336 0.14450867052
3337 0.28901734104
3338 0.28901734104
3339 0.28901734104
3340 0.28901734104
3341 0.28901734104
3342 0.28901734104
3343 0.28901734104
3344 0.28901734104
3345 0.28901734104
3346 0.28901734104
3347 0.28901734104
3348 0.28901734104
3349 0.28901734104
3350 0.28901734104
3351 0.28901734104
3352 0.28901734104
3353 0.28901734104
3354 0.14450867052
3355 0.14450867052
3356 0.14450867052
3357 0.14450867052
3358 0.28901734104
3359 0.28901734104
3360 0.28901734104
3361 0.28901734104
3362 0.28901734104
3363 0.28901734104
3364 0.28901734104
3365 0.28901734104
3366 0.28901734104
3367 0.28901734104
3368 0.28901734104
3369 0.28901734104
3370 0.28901734104
3371 0.28901734104
3372 0.28901734104
3373 0.28901734104
3374 0.578034682081
3375 0.578034682081
3376 0.578034682081
3377 0.433526011561
3378 0.433526011561
3379 0.433526011561
3380 0.433526011561
3381 0.433526011561
3382 0.433526011561
3383 0.433526011561
3384 0.433526011561
3385 0.433526011561
3386 0.433526011561
3387 0.433526011561
3388 0.433526011561
3389 0.433526011561
3390 0.433526011561
3391 0.433526011561
3392 0.433526011561
3393 0.433526011561
3394 0.14450867052
3395 0.14450867052
3396 0.14450867052
3397 0.14450867052
3398 0.0
3399 0.0
3400 0.0
3401 0.0
3402 0.0
3403 0.0
3404 0.0
3405 0.0
3406 0.0
3407 0.0
3408 0.0
3409 0.0
3410 0.0
3411 0.0
3412 0.28901734104
3413 0.28901734104
3414 0.578034682081
3415 0.867052023121
3416 0.867052023121
3417 0.867052023121
3418 0.867052023121
3419 0.867052023121
3420 0.867052023121
3421 0.867052023121
3422 0.867052023121
3423 0.867052023121
3424 0.867052023121
3425 0.867052023121
3426 0.867052023121
3427 0.867052023121
3428 0.867052023121
3429 0.867052023121
3430 0.867052023121
3431 0.867052023121
3432 0.578034682081
3433 0.578034682081
3434 0.28901734104
3435 0.14450867052
3436 0.14450867052
3437 0.14450867052
3438 0.14450867052
3439 0.14450867052
