1,315
1,661
1,691
1,842
1,1372
1,2092
1,2390
1,2571
1,2793
2,692
2,1377
2,2093
2,2391
2,2573
2,2791
3,693
3,839
3,1162
3,1191
3,1376
3,2095
3,2391
3,2570
3,2790
4,1156
4,1752
4,2098
4,2393
4,2577
4,2765
4,2791
5,698
5,1359
5,2392
5,2574
6,695
6,860
8,692
8,1370
8,2092
8,2575
8,2793
9,691
9,1374
9,2095
9,2792
10,664
10,690
10,852
10,1160
10,1371
10,2091
10,2791
11,691
11,857
11,1376
11,2092
11,2392
11,2573
11,2791
12,680
12,841
12,1160
12,1194
12,1371
12,2096
12,2390
12,2570
12,2792
13,664
13,842
13,1374
13,2097
13,2390
13,2574
13,2791
14,11
14,641
14,659
14,803
14,821
14,847
14,1122
14,1143
14,1164
14,1191
14,1324
14,1371
14,1394
14,2043
14,2061
14,2091
14,2114
14,2325
14,2341
14,2360
14,2390
14,2522
14,2542
14,2571
14,2723
14,2742
14,2771
15,493
15,1158
15,1193
15,1371
15,2094
15,2390
15,2572
15,2791
16,116
16,314
16,692
16,838
16,1144
16,1159
16,1372
16,2092
16,2390
16,2570
16,2792
17,1138
17,2096
17,2796
18,595
18,709
18,1162
18,1195
18,2395
18,2577
19,2391
19,2573
20,690
20,1163
20,1373
20,2094
20,2396
20,2570
20,2792
21,657
21,850
21,1142
21,1375
21,1731
21,2796
22,155
22,658
22,690
22,851
22,1324
22,1351
22,1512
22,1616
22,1730
22,2074
22,2373
22,2739
23,1173
23,1730
23,2561
23,2761
24,681
24,695
24,994
24,1192
24,1361
24,2085
24,2390
24,2570
24,2774
25,691
25,840
26,692
26,1159
26,1374
26,2092
26,2389
26,2570
26,2792
27,667
27,691
27,1144
27,1160
27,1194
27,1375
27,2093
27,2375
27,2393
27,2570
28,674
28,2095
28,2392
28,2573
29,692
29,1144
29,1165
29,1371
29,2091
29,2391
29,2571
29,2793
30,657
30,845
30,1719
30,2094
30,2391
30,2572
30,2764
30,2796
31,493
31,992
31,1719
31,1751
31,1873
31,2084
31,2390
31,2570
31,3031
32,824
32,842
32,1371
32,2096
32,2392
32,2570
32,2760
33,155
33,1913
33,2572
33,3140
34,690
34,1175
34,1370
34,2391
34,2792
35,664
35,694
35,839
35,1052
35,1370
35,1724
35,2092
35,2393
35,2573
35,2790
36,363
36,543
36,1856
36,2576
36,2814
36,3451
37,682
37,2093
37,2396
37,2574
37,2791
38,680
38,842
38,1155
38,1374
38,2093
38,2792
39,692
39,1160
39,1377
39,2083
39,2390
39,2570
39,2780
40,654
40,697
40,2098
40,2794
41,690
41,1171
41,1718
41,3168
42,662
42,1191
42,1772
42,2090
42,2571
42,2791
43,691
43,857
43,1177
43,1340
43,1374
43,2795
44,662
44,691
44,850
44,1160
44,1730
44,2092
44,2572
44,2789
45,690
45,838
45,1142
45,1371
45,1473
45,1514
45,1852
45,2571
45,2760
45,2790
45,2814
45,3193
46,1375
46,2097
46,2781
47,663
47,693
47,1138
47,1372
47,2358
47,2390
47,2539
47,2571
47,2793
47,3152
47,3218
48,681
48,854
48,1155
48,1372
48,1733
48,2095
48,2573
48,2795
49,677
49,1378
49,2096
49,2393
49,2574
49,2792
50,691
50,1014
50,1374
50,2097
50,2390
50,2569
50,2792
51,1374
51,1722
51,2061
51,2092
51,2360
51,2791
52,692
52,858
52,1162
52,1372
52,1731
52,2092
52,2394
52,2571
52,2791
53,692
53,1158
53,1378
53,2095
53,2796
54,314
54,857
54,1193
54,1721
54,2059
54,2112
54,2679
54,2955
54,3153
55,691
55,853
55,1374
55,2368
56,2777
57,644
57,676
57,834
57,856
57,1124
57,1142
57,1174
57,1372
57,2096
57,2391
57,2570
57,2762
57,2791
58,317
58,692
58,838
58,1160
58,1194
58,1378
58,2090
58,2390
58,2572
58,2781
59,668
59,692
59,1373
59,2094
59,2390
59,2573
59,2792
60,1380
60,2079
60,2394
61,661
61,1193
61,2392
61,2572
61,2794
62,686
63,2395
63,2575
63,2778
64,96
64,1195
64,1361
64,2389
64,2572
64,2758
64,2788
65,1236
65,2728
65,2874
65,3260
66,995
66,1137
66,1195
66,1361
66,2390
66,2573
66,2777
66,3036
67,1194
67,2391
67,2571
68,683
68,859
68,2575
68,2799
69,312
69,690
69,856
69,2392
69,2571
69,2767
70,841
70,1162
70,1192
70,1376
70,2390
70,2571
70,3436
71,711
71,994
71,1181
71,1390
71,1751
71,1976
71,2082
71,2391
71,2595
71,2782
71,2810
71,2933
71,3313
72,496
72,993
72,1158
72,1192
72,1612
72,2093
72,2391
72,2571
72,2759
73,314
73,853
73,1377
73,2096
73,2393
73,2570
73,2759
73,2781
73,3318
74,655
74,857
74,1160
74,2390
74,2573
74,2787
75,121
75,1021
75,3432
76,855
76,1392
76,2210
76,2801
77,842
77,1160
77,1361
77,1395
77,1752
77,2390
77,2571
77,2779
78,318
78,1253
78,1554
78,2097
78,2391
78,2575
78,3034
79,317
79,687
79,1170
79,1373
79,2097
79,2391
79,2573
79,2795
80,35
80,2359
80,2394
80,2754
81,1376
82,694
82,1370
82,2110
82,2569
82,2791
83,316
83,854
83,1194
83,1373
83,2389
83,2570
83,2793
84,316
84,492
84,824
84,843
84,1325
84,1374
84,2391
84,2569
85,663
85,686
85,824
85,844
85,876
85,1160
85,1193
85,1374
85,1754
85,2082
85,2094
85,2365
85,2390
85,2570
85,2797
86,11
86,850
86,1140
86,1159
86,1376
86,1675
86,2096
86,2570
86,2795
86,3054
86,3357
87,582
87,2045
87,2136
87,2499
87,2603
88,691
88,1163
88,1194
88,2090
88,2390
88,2571
88,2792
89,680
89,1371
89,2095
89,2394
89,2792
90,612
90,691
90,854
90,1434
90,1751
90,2111
90,2593
90,2761
90,2780
91,655
91,1374
91,2097
92,682
92,1376
92,2573
92,2789
93,1372
93,2093
93,2796
94,28
94,375
94,599
94,2391
94,2595
95,753
95,1191
95,1722
95,2089
95,2775
95,2850
97,116
97,663
97,690
97,856
97,1156
97,1372
97,2096
97,2362
97,2570
97,2790
98,662
98,681
98,854
98,1372
98,2092
98,2570
98,2761
98,2791
99,1373
99,2079
99,2571
99,2792
100,658
100,682
100,1158
100,2096
100,2571
100,2798
102,112
102,638
102,871
102,1359
102,1751
102,2389
102,2572
102,2779
103,640
104,115
104,852
104,1169
104,1371
104,1734
104,2093
104,2571
104,2790
105,661
105,853
105,1373
105,2092
105,2360
105,2396
105,2570
105,2791
106,132
106,1952
106,2363
106,3056
107,276
107,699
107,1376
107,2390
107,2541
107,2571
108,493
108,1374
108,2390
108,2569
109,314
109,661
109,1372
109,2095
109,2391
109,2544
109,2569
109,2795
110,315
110,661
110,678
110,842
110,1161
110,1193
110,1375
110,1753
110,2092
110,2390
110,2570
110,2795
111,555
111,1175
111,1371
111,2393
111,2572
111,3132
112,236
112,316
112,855
112,1157
112,3436
113,857
114,312
114,678
114,840
114,1162
114,1193
114,1377
114,2092
114,2390
114,2573
115,1158
115,2394
115,2572
116,856
116,2795
117,662
117,679
117,854
117,1371
117,2094
117,2394
117,2541
117,2571
117,2792
118,493
118,661
118,853
118,1751
118,2083
118,2389
118,2569
118,2793
118,3115
119,715
119,853
119,1751
119,2056
119,2094
119,2370
119,2395
119,2574
119,2759
120,714
120,2393
120,2570
120,2797
121,691
121,855
121,1374
121,2574
122,2792
123,658
123,690
123,850
123,996
123,1369
123,2094
123,2572
123,2790
124,1156
124,1194
124,2095
124,2394
124,2574
125,643
125,660
125,823
125,843
125,858
125,1139
125,1194
125,1342
125,1376
125,2061
125,2391
125,2523
125,2541
125,2570
125,2764
125,2792
125,3356
126,311
126,714
126,1770
126,1864
126,1875
126,2392
126,3118
127,192
127,234
127,841
127,954
127,1141
127,1171
127,1191
127,1360
127,1862
127,2080
127,2390
127,2570
127,2762
127,2784
127,3150
128,702
128,2391
128,2574
129,1056
129,1159
129,1499
129,2253
129,2358
129,2392
129,2546
129,2572
129,3391
130,437
130,666
130,1141
130,1194
130,1258
130,1392
130,1611
130,1703
130,2393
130,2574
131,670
131,1169
131,1372
131,2095
131,2392
131,2543
131,2570
131,2791
132,2391
132,2784
132,2974
133,661
133,839
133,991
133,1754
133,1956
133,2076
133,2391
133,2632
133,2780
134,430
134,841
134,869
134,1371
134,1475
134,1873
134,2394
134,2560
134,2590
135,604
135,1727
135,1745
135,1783
136,72
136,2389
137,313
137,1191
137,1751
137,2096
137,2389
137,2570
137,2796
138,315
138,698
138,1118
138,1651
138,1750
138,1771
138,2082
138,2112
138,2393
138,2561
138,2970
139,88
139,851
139,1194
139,2803
139,2915
140,691
140,1158
140,1374
140,2389
140,2570
140,2797
141,691
141,854
141,1373
141,2093
141,2390
141,2570
141,2781
142,317
142,663
142,691
142,843
142,1374
142,1751
142,2391
142,2571
142,2781
143,710
143,990
143,1161
143,1751
143,2390
143,2572
143,2783
143,2971
143,3212
144,658
144,690
144,1155
144,1373
144,2572
144,2796
145,315
145,1157
145,1372
145,1691
145,2091
145,2389
145,2573
145,2792
146,661
146,2080
146,2391
146,2580
146,2781
147,1176
147,1376
147,2095
147,2396
147,2574
147,2796
148,1175
148,2094
148,2575
148,2796
149,682
149,710
149,840
149,1159
149,1190
149,1372
149,2088
149,2389
149,2542
149,2571
149,2792
150,655
150,692
150,1723
150,1754
150,2391
150,2573
150,2799
151,696
151,877
151,1142
151,1160
151,1749
151,2061
151,2090
151,2390
151,2572
151,2792
152,1030
152,1194
152,1326
152,1752
152,2198
152,2395
152,2572
152,3111
154,1335
154,2379
154,2410
155,691
155,1376
155,2395
155,2775
156,318
156,690
156,840
156,1374
156,2093
156,2391
156,2571
156,2782
157,1193
157,2392
158,688
158,1374
158,2390
158,2572
158,2782
159,993
159,1353
159,1751
159,2392
159,2555
159,2789
160,717
160,2589
160,2799
161,873
161,1161
161,1751
161,2781
161,3376
162,675
162,1161
162,2396
162,2778
162,3317
163,691
163,841
163,1160
163,1378
163,2390
163,2570
163,2792
164,681
164,2794
165,494
165,661
165,678
165,709
165,842
165,870
165,1161
165,1188
165,2063
165,2081
165,2109
165,2574
165,2811
166,692
166,2079
166,2797
167,1157
167,1371
167,2092
167,2391
167,2542
167,2569
167,2795
168,693
168,2394
168,2573
169,691
169,1164
169,1376
169,2096
169,2570
169,2795
170,682
170,854
170,1158
170,1372
170,2110
170,2548
170,2571
170,2792
171,1157
171,1372
171,2572
171,2794
172,153
172,309
172,657
172,1172
172,1370
172,2091
172,2395
172,2571
172,2791
173,1368
173,2096
173,2394
173,2576
173,2794
174,692
174,857
174,1140
174,2016
174,2094
174,2572
175,182
175,620
175,660
175,783
175,822
175,851
175,1003
175,1140
175,1174
175,1214
175,1254
175,1343
175,1371
175,1656
175,1701
175,1732
175,2042
175,2063
175,2089
175,2342
175,2374
175,2743
175,2763
175,2791
175,2942
175,3043
176,667
176,842
176,860
176,1160
176,1372
176,2094
176,2571
176,2791
177,314
177,683
177,856
177,1141
177,1160
177,1193
177,1756
177,2064
177,2092
177,2544
177,2571
177,2792
178,662
178,690
178,854
178,1171
178,1372
178,1934
178,2090
178,2360
178,2573
178,2791
179,10
179,689
179,851
179,1175
179,2391
179,2764
179,2791
180,1373
180,2091
180,2570
180,2790
181,664
181,1158
181,1372
181,1716
181,2391
181,2570
181,2790
182,74
182,313
182,532
182,777
182,1098
182,1169
182,1360
182,2064
182,2084
182,2390
182,2579
183,1156
183,2034
183,2573
183,2793
184,117
184,694
184,1196
184,1373
184,2393
184,2775
185,686
185,2094
185,2394
185,2794
186,456
186,537
186,871
186,1179
186,1250
186,1374
186,1736
186,2391
186,2571
186,2814
186,3372
187,14
187,275
187,670
187,697
187,751
187,994
187,1350
187,1433
187,1850
187,2060
187,2090
187,2812
188,681
188,856
188,1163
188,2098
188,2392
188,2574
189,691
189,854
189,1160
189,1698
189,2093
189,2575
189,2793
190,682
190,2100
190,2395
190,2571
191,1373
191,2074
191,2797
192,684
192,852
192,1275
192,1375
192,2091
192,2393
192,2795
193,678
193,856
193,1375
193,2091
193,2574
193,2795
194,676
194,855
194,2094
194,2792
195,656
195,694
195,852
195,1372
195,2092
195,2364
195,2574
195,2761
195,2790
196,692
196,855
196,1162
196,1374
196,2094
196,2392
196,2570
196,2765
196,2791
197,660
197,853
197,1155
197,1372
197,2097
197,2392
197,2571
197,2792
198,693
198,1371
198,2091
198,2572
198,2790
199,698
199,1154
199,1374
199,2792
200,857
200,1144
200,1163
200,1191
200,1370
200,2095
200,2393
200,2572
200,2791
201,679
202,317
202,772
202,851
202,1145
202,1195
202,1364
202,1392
202,1475
202,1751
202,2366
202,2392
202,2792
202,3270
202,3399
203,2775
204,680
204,853
204,1372
204,2091
204,2392
204,2571
204,2792
205,859
205,2098
205,2570
205,2797
207,671
207,1124
207,1168
207,1370
207,2090
207,2390
207,2570
208,691
208,855
208,1373
208,2091
208,2571
208,2792
209,679
209,695
209,2354
209,2776
210,697
210,1379
210,2098
210,2572
210,2781
211,9
211,692
211,850
211,939
211,1163
211,1375
211,1752
211,2389
211,2569
211,2763
211,2793
212,694
212,1156
212,1372
212,2092
212,2391
212,2571
212,2792
213,692
213,854
213,1162
213,1371
213,2093
213,2570
213,2791
214,689
214,800
214,851
214,1172
214,1373
214,1737
214,2090
214,2711
214,2792
215,679
215,2794
216,13
216,666
216,690
216,1159
216,1192
216,1393
216,1750
216,2095
216,2391
216,2571
216,2792
217,313
217,662
217,693
217,842
217,1372
217,2092
217,2391
217,2543
217,2570
217,2792
218,853
218,1017
218,2569
218,2799
218,2833
219,680
219,2092
219,2389
219,2573
220,690
220,856
220,2094
220,2390
220,2571
220,2792
221,661
221,691
221,852
221,1163
221,1371
221,2089
221,2570
221,2793
222,316
222,692
222,1167
222,1191
222,1375
222,2392
222,2570
222,2796
223,312
223,663
223,689
223,851
223,1145
223,1172
223,2063
223,2090
223,2362
223,2396
223,2571
223,2791
224,9
224,691
224,853
224,1172
224,1211
224,2362
224,2575
224,2595
224,2630
224,2855
224,3070
225,658
225,690
225,859
225,1161
225,1372
225,2091
225,2570
225,2793
226,676
226,690
226,856
226,1162
226,1375
226,2095
226,2573
226,2791
227,670
227,689
227,858
227,1171
227,1372
227,1734
227,2095
227,2393
227,2571
227,2791
228,691
228,853
228,1371
228,2790
229,691
229,1374
229,2098
229,2394
229,2571
229,2793
230,691
230,855
230,1373
230,2394
230,2570
230,2791
231,663
231,689
231,854
231,1373
231,2096
231,2391
231,2571
231,2792
232,690
232,851
232,1172
232,1371
232,2091
232,2571
232,2794
233,661
233,691
233,856
233,1373
233,2092
233,2541
233,2572
233,2781
234,658
234,689
234,1372
234,2094
234,2570
234,2792
235,1165
235,2392
235,2574
235,2775
236,874
236,1157
236,1190
236,2391
236,2573
237,315
237,841
237,1158
237,2091
237,2390
237,2571
237,2782
238,656
238,691
238,855
238,1158
238,1377
238,1738
238,2096
238,2572
238,2794
239,687
239,856
239,1375
239,2094
239,2393
239,2571
239,2792
240,691
240,851
240,1157
240,1377
240,2094
240,2571
240,2791
241,495
241,1165
241,2375
242,690
242,854
242,1374
242,2091
242,2391
242,2571
242,2790
243,680
243,1374
243,2573
243,2795
245,678
245,1161
245,1373
245,2095
245,2391
245,2570
245,2794
246,689
246,1374
246,2091
246,2390
246,2570
246,2792
247,495
247,656
247,1191
247,1997
247,2572
247,2794
248,12
248,823
248,856
248,1171
248,1373
248,2092
248,2363
248,2389
248,2569
248,2790
249,658
249,690
249,1372
249,1752
249,2092
249,2359
249,2391
249,2570
249,2762
249,2790
250,691
250,854
250,1371
250,2093
250,2390
250,2570
250,2761
250,2789
251,316
251,712
251,1191
251,1377
251,1751
251,2391
251,2571
251,2798
252,660
252,680
252,712
252,1189
252,2389
252,2571
252,3353
253,312
253,912
253,1112
253,1189
253,1371
253,1721
253,2093
253,2571
253,2795
254,98
254,192
254,380
254,431
254,513
254,670
254,974
254,1092
254,2129
254,2594
254,3334
255,694
255,1143
255,1172
255,1190
255,2577
256,1140
256,2383
257,12
257,492
257,668
257,839
257,1145
257,1159
257,1343
257,1719
257,1752
257,2092
257,2390
257,2571
257,2794
257,3115
258,824
258,854
258,1190
258,2271
258,2595
258,2794
259,103
259,946
259,1185
259,2113
259,2156
260,2080
260,2776
261,852
261,1730
261,2577
261,2790
262,823
262,1157
262,1373
262,2395
262,2570
262,2791
263,318
263,491
263,661
263,681
263,1157
263,1616
263,1751
263,2062
263,2092
263,2391
263,2570
264,315
264,678
264,1191
264,1374
264,2079
264,2390
264,2570
265,663
265,697
265,1192
265,1793
265,2358
265,2799
265,3242
266,692
266,1372
266,2095
266,2392
266,2573
266,2792
267,496
267,691
267,1189
267,1753
267,2082
267,2392
267,2572
267,2792
268,316
268,663
268,689
268,1193
268,1374
268,2095
268,2389
268,2571
268,2793
269,654
269,860
269,1163
269,1376
269,2094
269,2392
269,2572
269,2792
270,685
270,1180
271,636
271,1193
271,2794
272,680
272,1195
273,56
273,679
273,1189
273,1390
273,1751
273,2097
273,2391
273,2571
273,3076
274,681
275,672
275,1157
275,1370
275,1736
275,2063
275,2091
275,2570
275,2793
276,641
276,658
276,689
276,851
276,1175
276,1372
276,1731
276,2791
277,660
277,689
277,851
277,1169
277,1731
277,2375
277,2792
278,688
278,852
278,1170
278,1371
278,2095
278,2571
278,2796
279,15
279,690
279,852
279,1173
279,1371
279,2093
279,2793
280,690
280,854
280,1192
280,1371
280,1753
280,2093
280,2392
280,2570
280,2792
281,662
281,691
281,850
281,1178
281,1371
281,2791
282,691
282,852
282,1171
282,1338
282,2095
282,2791
283,852
283,1374
283,1733
283,2090
283,2792
284,664
284,678
284,691
284,855
284,1371
284,2091
284,2360
284,2392
284,2572
284,2762
284,2789
284,3454
285,978
285,1012
285,2130
285,2590
286,225
286,597
286,889
286,2110
286,2394
286,3145
287,1895
287,2100
287,2393
287,3172
288,660
288,858
288,1379
288,2362
288,2578
289,2074
289,2084
289,2392
289,2573
290,842
290,869
290,1140
290,1751
290,2097
290,2799
291,2800
292,99
292,143
292,357
292,871
292,2515
292,3093
293,689
293,1142
293,1161
293,1196
293,1744
293,1891
293,2012
293,2295
293,2366
293,2395
293,2692
293,3296
294,377
294,680
294,1194
294,1653
294,1720
294,1749
294,1893
294,2095
294,2391
294,2492
294,2572
294,2651
295,12
295,871
295,1194
295,2077
295,2396
295,2800
296,11
296,715
296,775
296,2390
297,122
297,212
297,312
297,871
297,1772
297,2370
297,2450
297,2675
297,2763
297,3113
297,3312
298,675
298,1731
298,1977
298,2087
298,2391
298,2569
298,2792
299,654
299,857
299,1169
299,1370
299,2094
299,2573
299,2792
300,699
300,1193
300,2098
300,2392
300,2784
301,644
301,664
301,692
301,842
301,1165
301,1191
301,2090
301,2321
301,2361
301,2389
301,2572
301,2764
301,2792
302,692
302,843
302,1160
302,1374
302,2092
302,2391
302,2570
302,2792
303,1142
303,1165
303,1372
303,2092
303,2390
303,2570
303,2791
304,777
304,2101
304,2163
304,2573
304,2719
305,691
305,1160
305,1192
305,1374
305,2391
305,2571
305,2793
306,871
306,1156
307,643
307,678
307,840
307,1193
307,1752
307,2071
307,2110
307,2389
307,2416
307,2541
307,2786
307,2810
308,662
308,678
308,1143
308,1160
308,1191
308,1374
308,1750
308,2092
308,2389
308,2572
309,820
309,1370
309,2345
309,2390
309,2571
309,2743
309,2793
310,679
310,856
310,1141
310,1192
310,1346
310,1362
310,1749
310,2063
310,2389
310,2572
310,2763
310,2781
311,319
311,1031
311,1750
312,336
312,582
312,771
312,1192
312,2113
312,2916
312,3197
313,1590
313,1662
313,2160
313,2180
313,2191
313,2258
314,1165
314,1895
314,2396
314,2759
314,2790
314,3333
315,2392
315,2571
315,2782
316,695
316,1155
316,2572
316,3075
317,683
317,839
317,2576
318,1719
318,2292
319,668
319,692
319,855
319,1371
319,2091
319,2391
319,2570
319,2792
320,314
320,671
320,853
320,1371
320,1736
320,2092
320,2789
320,3276
321,676
321,712
321,855
321,1159
321,1191
321,1391
321,1722
321,2112
321,2391
321,2571
322,435
322,1073
322,1160
322,1194
322,1371
322,1718
322,2078
322,2392
322,2571
322,2798
322,3070
323,661
323,680
323,711
323,802
323,1353
323,1393
323,1752
323,2062
323,2081
323,2111
323,2344
323,2390
323,2742
323,3312
324,838
324,1189
324,1751
324,2390
324,2574
324,2777
325,684
325,844
325,1141
325,1159
325,1194
325,2092
325,2391
325,2571
325,2596
325,2760
325,3057
326,594
326,642
326,662
326,778
326,840
326,1192
326,1372
326,1698
326,2092
326,2571
326,2694
326,2761
326,2793
326,3434
327,660
327,691
327,1372
327,1750
327,2096
327,2295
327,2393
327,2544
327,2571
327,2793
328,680
328,709
328,857
328,1376
328,2095
328,2791
329,697
329,1195
329,1374
329,1722
329,2093
329,2572
329,2764
329,2780
330,694
330,1374
330,2093
330,2345
330,2362
330,2385
330,2543
330,2571
330,2796
330,3311
331,841
331,1160
331,1356
331,2390
331,2572
332,660
332,690
332,851
332,1373
332,2090
333,1389
333,2393
333,2995
333,3154
334,312
334,665
334,692
334,824
334,1192
334,1343
334,1373
334,2392
334,2571
334,2764
334,2793
335,690
335,1156
335,1191
335,1373
335,1753
335,2092
335,2362
335,2389
335,2570
335,2797
336,681
336,1373
336,2093
336,2392
336,2782
337,1159
337,1372
337,2098
337,2390
337,2570
337,2796
338,691
338,2572
339,2565
340,858
340,1190
340,1374
340,2098
340,2389
340,2570
341,1361
341,2573
342,8
342,495
342,680
342,874
342,1193
342,1375
342,2081
342,2390
342,2570
342,2633
343,665
343,683
343,710
343,874
343,1370
343,1751
343,2364
343,2390
343,2545
343,2569
343,2761
343,2813
344,216
344,336
344,2780
346,491
346,659
346,693
346,1141
346,1163
346,1188
346,1721
346,2078
346,2363
346,2390
346,2571
346,2764
347,662
347,692
347,1158
347,1191
347,1374
347,2390
347,2570
347,2794
347,3034
348,1192
348,2060
348,2093
348,2389
348,2571
348,2781
348,3115
348,3431
349,679
349,842
349,1163
349,2391
349,2571
349,2794
350,691
350,1723
350,2090
350,2572
350,2760
350,2791
351,690
351,857
351,1372
351,2572
351,2790
352,390
352,414
352,691
352,1380
352,1456
352,1654
352,1855
352,2097
352,2363
352,2389
352,2574
352,2779
352,2809
352,3014
353,689
353,1376
353,2093
353,2570
353,2792
354,1195
354,2775
355,1191
355,2098
355,2392
355,2575
355,2782
356,1189
356,2081
356,2572
356,2783
357,669
357,1371
357,2089
357,2193
357,2364
357,2389
357,2570
357,2791
358,673
358,1377
358,2390
358,2571
358,3114
359,661
359,682
359,1158
359,1373
359,2064
359,2095
359,2389
359,2570
359,2793
360,679
360,2394
360,2573
361,2387
362,690
362,1373
362,2092
362,2572
362,2790
363,663
363,691
363,1376
363,2091
363,2391
363,2571
363,2795
364,1190
364,1377
364,2016
364,2094
364,2356
364,2573
364,2789
365,690
365,1376
365,2392
365,2572
367,1372
367,2092
367,2359
367,2391
367,2571
367,2793
368,698
368,841
368,1376
368,2097
368,2394
368,2790
369,513
369,664
369,694
369,824
369,1142
369,1160
369,1192
369,1342
369,1372
369,2092
369,2361
369,2390
369,2570
369,2745
369,2765
369,2783
370,1758
371,635
371,1373
371,2090
371,2391
371,2572
371,2798
371,3195
372,657
372,1157
372,1373
372,1752
372,2095
372,2357
372,2570
372,2791
373,655
373,1853
373,2358
373,2570
373,3113
373,3397
374,695
374,1155
374,2395
374,2575
375,188
375,320
375,529
375,1212
375,1392
375,1455
375,1527
375,2111
375,2624
376,849
377,312
377,1361
377,2363
377,2391
377,2570
377,2794
378,680
378,1372
378,2093
378,2390
378,2572
378,2782
379,691
379,855
379,1173
379,1733
379,2789
380,353
380,694
380,857
380,1029
380,1143
380,1370
380,2103
380,2138
380,2809
381,10
381,849
382,679
382,1166
382,1372
382,2093
382,2391
382,2570
382,2792
383,682
383,843
383,1161
383,1189
383,1372
383,1995
383,2092
383,2390
383,2570
383,2792
384,681
384,2394
384,2573
385,496
385,679
385,842
385,1190
385,1372
385,1751
385,2092
385,2358
385,2790
386,76
386,334
386,449
386,869
386,1159
386,1874
386,2571
386,2633
387,655
387,2086
387,2799
388,411
388,1158
388,1676
388,2572
388,3032
389,1371
389,1751
389,2086
389,2390
389,2781
390,577
390,841
390,1753
390,2095
390,2539
390,2791
390,3432
391,663
391,692
391,844
391,1162
391,1191
391,2061
391,2081
391,2113
391,2392
391,2572
391,2793
392,664
392,682
392,1156
392,2391
392,2572
392,2694
392,2784
392,3054
393,493
393,662
393,693
393,1140
393,1373
393,2089
393,2359
393,2391
393,2790
394,169
394,356
394,552
394,1452
394,2543
394,2568
394,2671
394,2721
394,3121
395,678
395,1190
395,2082
395,2389
395,2572
395,2756
396,2391
396,2572
397,10
397,659
397,1751
397,2131
397,2792
398,2390
398,2790
399,495
399,659
399,841
399,2392
399,2572
399,2695
399,2877
399,3256
400,690
400,854
400,1372
400,2097
400,2394
400,2572
400,2793
401,690
401,1191
401,2393
401,2572
401,2795
402,2099
402,2392
402,2573
402,2783
404,691
404,1160
404,1371
404,2092
404,2393
404,2572
404,2792
405,2574
405,2799
406,1158
406,2390
406,2573
406,2776
407,657
407,838
407,1163
407,2392
407,2566
408,695
408,835
408,1376
408,1474
408,2392
408,2571
409,316
409,2054
410,212
410,2657
411,691
411,1157
411,2094
411,2390
411,2571
411,2797
412,313
412,1375
412,2094
412,2389
412,2571
412,2793
413,681
413,1158
413,1374
413,2081
413,2093
413,2390
413,2570
413,2794
414,495
414,1379
414,2095
414,2391
414,2570
415,10
415,280
415,292
415,315
415,692
415,1537
415,1671
415,2149
415,2358
415,2571
415,2780
416,211
416,492
416,694
416,1190
416,1375
416,1756
416,1817
416,2063
416,2390
416,2572
416,2761
416,2792
416,3433
417,316
417,664
417,692
417,1372
417,2092
417,2391
417,2570
417,2794
418,432
418,690
418,1374
418,2094
418,2390
418,2571
418,2792
419,691
419,1371
419,2091
419,2395
419,2570
419,2791
420,314
420,691
420,1375
420,2092
420,2394
420,2570
420,2792
421,691
421,1374
421,2092
421,2393
421,2571
421,2793
422,691
422,1163
422,1373
422,2096
422,2391
422,2571
422,2790
423,690
423,1158
423,1372
423,2082
423,2390
423,2570
423,2795
424,316
424,691
424,712
424,1190
424,2076
424,2363
424,2389
424,2574
424,2794
425,823
425,1046
425,1492
425,2391
425,2559
425,3432
426,664
426,690
426,1195
426,2084
426,2799
427,685
427,994
427,1361
427,2573
427,2777
428,691
428,1379
428,2093
428,2572
428,2793
429,836
429,2390
429,2570
429,2800
430,2092
430,2778
431,495
431,679
431,844
431,1376
431,2093
431,2394
431,2540
431,2571
431,2792
432,691
432,1374
432,2091
432,2391
432,2570
432,2790
433,679
434,693
434,1371
434,2091
434,2392
434,2570
434,2792
435,16
435,131
435,375
435,494
435,695
435,1157
435,2093
435,2390
435,2571
435,2762
436,2569
437,1371
437,2357
437,2392
437,2542
437,2568
437,2793
438,691
438,856
438,1162
438,1375
438,2091
438,2393
438,2570
438,2791
439,686
439,2095
439,2538
439,2572
440,659
440,1165
440,2096
440,2391
440,2569
440,2799
441,712
441,840
441,871
441,1160
441,1376
441,1724
441,1750
441,2094
441,2362
441,2389
441,2570
442,1155
443,674
443,2097
443,2393
443,2572
444,1120
444,1854
444,2078
444,2390
444,2571
444,2764
444,2791
445,417
445,453
445,862
445,2389
446,677
446,2392
446,2576
446,2789
447,315
447,679
447,1053
447,1162
447,1190
447,1374
447,1756
447,2090
447,2194
447,2390
447,2572
447,2793
448,315
448,664
448,689
448,1161
448,1191
448,1376
448,2094
448,2391
448,2570
448,2792
449,13
449,694
449,840
449,1189
449,1376
449,2391
449,2569
449,2763
449,2791
450,692
450,1191
450,1373
450,2091
450,2572
450,2780
451,2390
451,2575
451,2793
452,660
452,692
452,851
452,1171
452,1374
452,1854
452,2093
452,2790
453,10
453,661
453,693
453,849
453,1169
453,1391
453,2110
453,2790
454,691
454,855
454,1173
454,1371
454,2791
455,312
455,692
455,837
455,1376
455,2096
455,2390
455,2570
455,2792
456,852
456,1193
456,2082
456,2109
456,2392
456,2571
456,2791
456,2992
457,691
457,1377
457,2092
457,2393
457,2571
457,2791
458,312
458,690
458,1338
458,1373
458,2093
458,2391
458,2571
458,2793
458,3114
459,312
459,532
459,1638
459,1894
459,2057
459,2472
459,3134
460,678
460,708
460,853
460,1145
460,1164
460,2085
460,2788
461,1161
461,1372
461,2093
461,2392
461,2570
461,2792
462,476
462,668
462,714
462,839
462,1552
462,1809
462,2115
462,2998
462,3436
463,676
463,1194
463,2393
463,2572
464,691
464,1372
464,2092
464,2392
464,2571
464,2792
465,113
465,870
465,1856
465,2177
465,2391
466,693
466,1373
466,1716
467,663
467,684
467,852
467,1171
467,1374
467,1736
467,2095
467,2791
468,10
468,690
468,1191
468,2092
468,2392
468,2570
468,2797
469,316
469,691
469,1165
469,1372
469,2095
469,2391
469,2572
470,858
470,1188
470,2394
471,314
471,691
471,1376
471,2093
471,2390
471,2570
471,2792
472,313
472,694
472,840
472,875
472,1124
472,1158
472,1372
472,1750
472,2092
472,2389
472,2571
473,11
473,679
473,1157
473,1190
473,1372
473,1751
473,2390
473,2572
474,677
474,1190
474,1375
474,2575
474,2795
475,675
475,1373
475,2392
475,2572
476,13
476,644
476,693
476,1159
476,1190
476,1371
476,1751
476,2390
476,2544
476,2572
476,2762
476,2793
477,690
477,1373
477,1738
477,2091
477,2392
477,2573
477,2791
478,690
478,1157
478,1374
478,2097
478,2394
478,2573
479,642
479,690
479,1375
479,2793
480,693
480,1371
480,2091
480,2791
481,655
481,839
481,1371
481,1754
481,2391
481,2573
482,644
482,660
482,682
482,1157
482,1189
482,1373
482,2390
482,2573
482,2792
483,655
483,1375
484,33
484,116
484,875
484,921
484,943
484,2085
484,3213
485,690
485,1373
485,2097
485,2395
485,2572
485,2798
487,318
487,662
487,691
487,842
487,1191
487,1369
487,2095
487,2571
487,2672
488,315
488,684
488,712
488,836
488,1873
488,2356
488,2392
488,2571
488,2759
489,679
489,711
489,1140
489,1192
489,2391
489,2569
490,12
490,659
490,689
490,1171
490,2097
490,2397
490,2569
491,691
491,851
491,1174
491,1370
491,1736
491,2094
491,2574
491,2791
492,676
492,859
492,1372
492,2096
492,2572
492,2763
492,2792
493,691
493,1374
493,2092
493,2393
493,2572
493,2793
494,316
494,690
494,1143
494,1158
494,1372
494,2081
494,2390
494,2571
494,2795
495,7
495,689
495,1162
495,2390
495,2574
495,2796
495,2833
496,679
496,823
496,852
496,1143
496,1373
496,1723
496,1751
496,2092
496,2391
496,2543
496,2571
496,2764
496,2791
497,232
497,657
497,692
497,838
497,1720
497,1994
497,2092
497,2389
497,2571
497,2793
499,682
499,825
499,1157
499,1372
499,2094
499,2390
499,2571
499,2762
499,2793
500,2791
501,680
501,1160
501,1374
501,2096
501,2365
501,2389
501,2570
501,2792
502,691
502,854
502,1170
502,1374
502,2094
502,2572
502,2790
503,677
503,2575
504,683
504,1161
504,1372
504,2393
504,2573
504,2792
505,312
505,661
505,691
505,842
505,1374
505,2095
505,2390
505,2570
505,2791
506,691
506,1158
506,1190
506,1373
506,1750
506,2097
506,2390
506,2562
507,655
507,1193
507,1720
507,2253
507,2392
507,2572
507,2635
508,671
508,841
508,1359
508,1554
508,2366
508,2390
508,2572
509,9
509,1117
509,1190
509,1374
509,2340
509,2397
509,2499
509,2570
510,692
510,1155
510,2396
511,874
511,1073
511,1392
511,1702
511,2090
511,2736
512,678
512,1193
512,2079
512,2361
512,2389
512,2570
512,2776
513,1376
513,2094
514,678
514,824
514,853
514,1191
514,1376
514,2394
515,661
515,678
515,840
515,1161
515,1190
515,1377
515,1751
515,2094
515,2390
515,2571
515,2760
515,2796
516,690
516,2795
517,692
517,1160
517,1193
517,2079
517,2392
517,2571
517,2792
518,661
518,692
518,1160
518,1753
518,2093
518,2391
518,2571
518,2797
519,681
519,873
519,1190
519,1752
519,2096
519,2391
519,2571
519,2788
520,14
520,1121
520,2541
520,3036
521,986
521,1770
521,3189
521,3331
521,3379
522,2114
522,2578
523,1164
523,1192
523,1361
523,1390
523,2362
523,2389
523,2563
523,2590
523,3055
523,3393
524,691
524,875
524,2775
525,310
525,622
525,642
525,677
525,693
525,803
525,822
525,853
525,1122
525,1297
525,1323
525,1343
525,1370
525,1699
525,1735
525,2042
525,2063
525,2090
525,2343
525,2378
525,2391
525,2542
525,2570
525,2722
525,2743
525,2766
525,2780
525,2792
526,692
526,732
526,952
526,1361
526,2096
526,2363
526,2392
526,2572
526,2912
526,3431
527,691
527,858
527,1371
527,2391
527,2780
528,855
528,1191
528,1359
528,2093
528,2394
528,2574
528,2775
529,691
529,1191
529,2110
529,2393
529,2592
529,2761
530,694
530,840
530,1161
530,1189
530,2393
530,2590
531,411
531,670
531,1750
531,2091
531,2115
531,2591
531,2756
531,2789
532,855
532,1195
532,2057
532,2574
532,2817
532,2959
533,114
533,213
533,618
533,710
533,1339
533,1389
533,2253
533,2359
533,2472
533,2649
533,3392
534,665
534,691
534,1162
534,2391
534,2574
534,2792
535,2976
535,3168
536,683
536,1194
536,2396
537,666
537,683
537,1191
537,1374
537,2091
537,2394
537,2574
538,2756
539,2097
539,2394
540,16
540,391
540,661
540,1191
540,2390
540,2571
540,2785
541,683
541,1194
541,2395
541,2573
541,2792
542,691
542,1171
542,2094
542,2573
542,2762
542,2779
543,695
543,1749
543,1995
543,2091
543,2393
543,2572
543,2760
544,232
544,333
544,944
544,1748
544,2149
544,2699
545,1163
545,2360
545,2384
545,2562
545,2756
546,457
546,855
546,2093
546,2593
547,673
547,1374
547,2092
547,2393
547,2571
547,2790
548,692
548,1373
548,2098
548,2389
548,2761
548,2790
549,667
549,691
549,1143
549,1160
549,1374
549,2097
549,2390
549,2571
549,2792
550,2779
551,1213
552,206
552,239
552,2560
553,421
553,630
553,2149
554,672
554,856
554,976
554,1141
554,1173
554,1372
554,2092
554,2391
554,2571
554,2791
555,855
555,1187
555,1753
555,2013
555,2111
555,2395
555,2996
556,10
556,691
556,1189
556,1378
556,1794
556,2114
556,2574
556,2790
557,660
557,690
557,841
557,1166
557,1373
557,2095
557,2391
557,2571
558,690
558,847
558,1158
558,2100
558,2395
558,2570
558,2793
559,692
559,1356
559,2556
560,662
560,690
560,1159
560,1373
560,2094
560,2570
560,2793
561,2579
561,2793
562,853
562,1157
562,1375
562,2390
562,2542
562,2569
562,2792
563,315
563,692
563,1190
563,1375
563,1702
563,1722
563,2389
563,2570
563,2794
564,516
564,1191
564,1716
564,2092
564,2572
565,2791
566,659
566,689
566,854
566,2091
566,2394
566,2572
566,2789
567,677
567,854
567,1193
567,1373
567,2394
567,2573
567,2793
568,15
568,531
568,1355
568,1769
568,2449
568,2542
568,2570
568,2637
568,2760
568,3238
568,3393
569,2337
569,2555
569,3256
569,3433
570,401
570,419
570,935
570,1872
570,2170
570,2934
570,3128
571,508
571,1193
571,2575
572,680
572,1158
572,1374
572,2093
572,2393
572,2569
572,2792
573,434
573,666
573,694
573,841
573,870
573,1189
573,1374
573,1733
573,2093
573,2391
573,2571
573,2790
574,676
574,856
574,1373
574,2066
574,2082
574,2174
574,2392
574,2572
574,2763
574,2790
575,2575
576,663
576,690
576,850
576,1172
576,2571
576,2792
577,659
577,691
577,874
577,1073
577,1193
577,1373
577,2391
577,2544
577,2569
577,2763
578,672
578,839
578,870
578,1164
578,1751
578,2394
578,2573
578,2812
579,693
579,871
579,1360
579,1751
579,2094
579,2360
579,2572
579,2755
579,3275
580,1155
581,680
581,870
581,1157
581,2392
581,2571
581,2792
582,2779
582,3314
583,692
583,856
583,1376
583,1734
583,2093
583,2571
583,2761
583,2791
584,693
584,852
584,1156
584,1371
584,2092
584,2396
584,2572
584,2793
585,48
586,1390
586,1653
586,2696
586,3192
586,3375
586,3440
587,235
587,677
587,1156
587,1373
587,1751
587,2362
587,2390
587,2572
587,2793
588,1300
588,1860
588,1991
588,2959
588,3152
588,3219
588,3398
589,2572
589,2800
590,658
590,693
590,1157
590,1191
590,1374
590,1893
590,2098
590,2391
590,2571
590,2792
591,318
591,693
591,845
591,1372
591,2092
591,2572
591,2791
592,691
592,851
592,1164
592,1371
592,1734
592,2091
592,2364
592,2392
592,2572
592,2791
593,314
593,663
593,681
593,1144
593,1160
593,1375
593,2063
593,2094
593,2390
593,2570
593,2793
594,2760
594,2791
595,1141
595,1196
595,2095
595,2395
595,2570
595,2792
596,684
597,643
597,671
597,851
597,1039
597,1123
597,1143
597,1161
597,1324
597,1343
597,1371
597,1722
597,1750
597,2064
597,2090
597,2343
597,2374
597,2391
597,2558
597,2572
597,2797
597,3274
598,118
598,975
598,1393
599,314
599,691
599,1159
599,1190
599,2392
599,2571
599,2792
600,663
600,696
600,716
600,842
600,1169
600,1191
600,2082
600,2365
600,2389
600,2571
600,2792
603,12
603,493
603,578
603,600
603,652
603,692
603,799
603,856
603,873
603,1100
603,1150
603,1347
603,1370
603,2056
603,2318
603,2370
603,2390
603,2499
603,2526
603,2550
603,2701
603,2722
603,2752
604,661
604,1140
604,1374
604,2391
604,2572
604,2762
604,2787
605,924
605,1139
605,1497
605,1726
605,1873
605,2272
605,2393
605,3057
606,311
606,435
606,662
606,871
606,960
606,1192
606,1751
606,1995
606,2391
606,2573
606,2698
606,3212
607,661
607,692
607,1371
607,2092
607,2392
607,2571
607,2792
608,658
608,689
608,852
608,1176
608,1375
608,1733
608,2575
608,2793
609,671
609,686
609,835
609,1379
609,2092
609,2360
609,2393
609,2493
609,2576
609,2762
610,1376
611,556
611,690
611,851
611,934
611,1170
611,1733
612,690
612,853
612,1176
612,1371
612,2091
612,2792
613,315
613,692
613,854
613,1370
613,2096
613,2572
613,2791
614,691
614,853
614,1162
614,1372
614,2093
614,2389
614,2572
614,2792
615,690
615,2094
615,2391
615,2570
615,2791
616,1161
616,1373
616,2097
616,2575
616,2791
617,1160
617,1191
617,1372
617,2064
617,2092
617,2390
617,2570
617,2791
618,872
618,1738
618,1870
618,2021
618,2039
618,2390
619,680
619,2096
619,2392
619,2571
619,2795
620,711
620,2575
621,395
621,677
621,714
621,1054
621,1371
621,1737
621,1836
621,2092
621,2232
621,2571
621,3331
622,602
622,625
622,651
622,695
622,850
622,1122
622,1141
622,1170
622,1371
622,1872
622,2295
622,2342
622,2371
622,2572
622,2743
622,2761
622,2790
622,3459
623,315
623,674
623,692
623,1160
623,1378
623,2095
623,2391
623,2570
624,663
624,689
624,854
624,1375
624,2095
624,2570
624,2792
625,1195
625,1378
625,1855
625,2082
625,2336
625,2391
625,2573
626,691
626,2573
626,2795
627,689
627,1160
627,1374
627,2390
627,2571
627,2798
628,691
628,853
628,1173
628,1372
628,2092
628,2358
628,2542
628,2571
628,2791
629,692
629,854
629,1161
629,1372
629,2099
629,2391
629,2571
629,2790
630,1158
630,2574
630,2790
631,1373
631,2089
631,2574
631,2795
633,1161
633,1375
633,2394
633,2571
633,2791
634,855
634,1162
634,1372
634,1725
634,1751
634,2392
634,2572
634,2790
635,666
635,690
635,1161
635,1375
635,2096
635,2391
635,2572
635,2794
637,661
637,682
637,1159
637,1191
637,1371
637,1853
637,2096
637,2389
637,2570
637,2793
637,3434
638,660
638,690
638,1159
638,1370
638,2092
638,2391
638,2570
638,2792
639,678
639,1191
639,1373
639,2094
639,2392
639,2571
639,2793
640,1160
640,1375
640,2058
640,2575
641,554
641,838
641,1191
641,1753
641,1773
641,1912
641,2390
641,2571
641,2767
641,2778
642,313
642,772
642,932
642,1255
642,1718
642,2062
642,2391
642,2569
642,2761
642,2792
642,3038
643,678
643,1155
643,1191
643,1378
643,2390
643,2571
644,9
644,870
644,1378
644,2391
644,2799
645,643
645,665
645,692
645,822
645,1125
645,1161
645,1191
645,1344
645,1373
645,2064
645,2091
645,2342
645,2362
645,2389
645,2544
645,2571
646,690
646,1162
646,1377
646,2096
646,2392
646,2572
646,2793
647,11
647,678
647,1192
647,1374
647,2392
648,679
648,840
648,1192
648,1748
648,2094
648,2390
648,2574
648,2781
649,281
649,692
649,1190
649,1375
649,1549
649,1750
649,1916
649,2213
649,2392
649,2493
649,2572
649,2692
649,2797
649,2932
649,3377
650,116
650,659
650,689
650,836
650,1375
650,1720
650,2082
650,2390
650,2570
651,691
651,1373
651,2091
651,2390
651,2572
651,2778
652,197
652,664
652,693
652,840
652,1161
652,1193
652,1376
652,2090
652,2389
652,2545
652,2571
653,2393
653,2575
654,661
654,690
654,1164
654,1192
654,1371
654,1753
654,2092
654,2364
654,2389
654,2545
654,2572
654,2743
655,691
655,2795
656,692
656,1189
656,1375
656,1750
656,2091
656,2390
656,2578
656,2783
656,2794
657,1023
657,1073
657,1369
657,1752
657,2393
657,3194
658,690
658,852
658,1171
658,1370
658,1737
658,2092
658,2791
659,1158
659,1752
659,2391
659,2571
659,2778
660,692
660,1753
660,2394
660,2573
661,689
661,1373
661,2793
662,657
662,1370
662,2091
662,2570
662,2790
663,1162
663,2392
663,2571
664,655
664,1756
664,2393
664,2573
664,2799
665,420
665,840
665,2213
666,44
666,732
666,890
666,997
666,1415
666,1492
666,1698
666,1809
666,2290
666,2903
666,2933
667,659
667,822
667,852
667,1173
667,1372
667,1851
667,2090
667,2570
667,2694
667,2753
667,2791
667,2873
668,51
668,713
668,1834
668,2389
668,2574
668,2982
669,194
669,494
669,841
669,1155
669,1191
669,1371
669,1719
669,1752
669,2094
669,2391
669,2570
669,2793
669,2935
670,840
670,1136
670,2391
670,2575
671,663
671,693
671,1704
671,1753
671,2093
671,2390
671,2571
671,2792
672,2076
673,312
673,844
673,1374
673,2391
673,2570
673,2792
674,662
674,691
674,1193
674,1372
674,2095
674,2390
674,2575
674,2790
675,14
675,150
675,258
675,691
675,1140
675,1168
675,1189
675,1375
675,1536
675,1756
675,2091
675,2391
675,2571
675,2792
676,1377
676,2076
676,2393
677,10
677,193
677,690
677,856
677,1194
677,1373
677,2390
677,2570
677,2781
677,2809
678,210
678,857
678,1162
678,1372
678,2571
678,2790
679,692
679,840
679,1161
679,1192
679,1372
679,1755
679,2092
679,2392
679,2570
679,2792
680,1377
680,2573
681,87
681,111
681,132
681,460
681,552
681,771
681,1817
681,1872
681,2093
681,2290
681,2593
681,2654
681,2780
681,3113
681,3192
682,1159
682,1191
682,2080
682,2389
682,2571
683,1377
683,2095
683,2393
683,2572
683,2756
683,2794
684,691
684,840
684,2092
684,2390
684,2570
684,2762
684,2792
685,1159
685,2361
685,2574
686,313
686,681
686,1372
686,2369
686,2394
686,2570
686,2764
686,2777
687,843
687,1373
687,1953
687,2161
687,2543
687,2592
687,2810
688,1134
689,700
689,2083
689,2392
689,2574
691,693
691,1189
691,1755
691,2092
691,2390
691,2570
691,2794
692,521
692,665
692,1146
692,1886
692,1997
692,2159
692,2839
