0 0.0
1 0.0520381613183
2 0.0346921075455
3 0.0520381613183
4 0.0346921075455
5 0.023128071697
6 0.0115640358485
7 0.0
8 0.0289100896213
9 0.023128071697
11 0.0404741254698
12 0.0520381613183
14 0.0809482509396
15 0.046256143394
16 0.0578201792426
17 0.0173460537728
18 0.0346921075455
20 0.0404741254698
21 0.0346921075455
22 0.0693842150911
23 0.023128071697
25 0.0115640358485
26 0.0404741254698
28 0.023128071697
29 0.0404741254698
30 0.046256143394
31 0.046256143394
32 0.0346921075455
33 0.023128071697
34 0.0289100896213
35 0.0520381613183
36 0.0346921075455
37 0.0289100896213
38 0.0346921075455
39 0.0404741254698
40 0.0173460537728
41 0.023128071697
42 0.0346921075455
43 0.0346921075455
44 0.046256143394
45 0.0636021971668
47 0.0636021971668
48 0.046256143394
49 0.0346921075455
50 0.0404741254698
51 0.0346921075455
52 0.0520381613183
53 0.0289100896213
54 0.0520381613183
55 0.023128071697
57 0.0636021971668
58 0.0520381613183
59 0.0404741254698
60 0.0173460537728
61 0.0289100896213
62 0.00578201792426
63 0.0173460537728
64 0.0346921075455
65 0.023128071697
66 0.046256143394
67 0.0173460537728
68 0.023128071697
69 0.0346921075455
71 0.0693842150911
72 0.046256143394
73 0.046256143394
74 0.0346921075455
75 0.0173460537728
76 0.023128071697
77 0.046256143394
78 0.0404741254698
79 0.046256143394
80 0.0173460537728
81 0.00578201792426
82 0.0289100896213
84 0.0404741254698
85 0.0693842150911
86 0.0578201792426
87 0.0289100896213
88 0.0404741254698
89 0.0289100896213
90 0.046256143394
91 0.0173460537728
92 0.023128071697
93 0.0173460537728
94 0.0289100896213
95 0.0346921075455
96 0.0
97 0.0520381613183
98 0.0404741254698
99 0.023128071697
101 0.0
102 0.046256143394
103 0.00578201792426
104 0.046256143394
105 0.046256143394
106 0.023128071697
108 0.023128071697
110 0.0578201792426
111 0.0346921075455
112 0.0289100896213
113 0.00578201792426
114 0.046256143394
115 0.0173460537728
116 0.0115640358485
117 0.046256143394
118 0.0520381613183
119 0.0404741254698
120 0.023128071697
122 0.00578201792426
123 0.0404741254698
124 0.023128071697
125 0.0693842150911
126 0.0346921075455
127 0.0751662330153
130 0.0578201792426
132 0.0173460537728
133 0.0520381613183
134 0.046256143394
135 0.0115640358485
136 0.0115640358485
138 0.0578201792426
139 0.0289100896213
140 0.0346921075455
141 0.0404741254698
142 0.0520381613183
143 0.0520381613183
144 0.0346921075455
145 0.046256143394
147 0.0346921075455
148 0.023128071697
150 0.0346921075455
152 0.046256143394
153 0.0
154 0.0115640358485
155 0.023128071697
157 0.0115640358485
158 0.0289100896213
160 0.0173460537728
161 0.0289100896213
162 0.0289100896213
163 0.0404741254698
164 0.0115640358485
165 0.0520381613183
166 0.0173460537728
167 0.0346921075455
168 0.0173460537728
169 0.0346921075455
170 0.046256143394
171 0.023128071697
172 0.0520381613183
174 0.0346921075455
176 0.0404741254698
177 0.0578201792426
178 0.0578201792426
179 0.0404741254698
180 0.023128071697
182 0.0578201792426
184 0.0346921075455
185 0.023128071697
186 0.0636021971668
187 0.0636021971668
188 0.0346921075455
189 0.0404741254698
190 0.023128071697
191 0.0173460537728
192 0.0404741254698
193 0.0346921075455
194 0.023128071697
196 0.0520381613183
197 0.046256143394
198 0.0289100896213
199 0.023128071697
200 0.0404741254698
201 0.00578201792426
202 0.0751662330153
203 0.00578201792426
204 0.0404741254698
205 0.023128071697
206 0.0
208 0.0346921075455
209 0.0173460537728
211 0.0636021971668
212 0.0404741254698
213 0.0404741254698
214 0.0520381613183
215 0.0115640358485
216 0.0636021971668
217 0.0578201792426
218 0.023128071697
219 0.023128071697
220 0.0346921075455
221 0.046256143394
222 0.0404741254698
223 0.0693842150911
224 0.0578201792426
225 0.0404741254698
226 0.0404741254698
227 0.0520381613183
228 0.023128071697
229 0.0346921075455
231 0.046256143394
232 0.0404741254698
233 0.0404741254698
234 0.0289100896213
235 0.023128071697
236 0.023128071697
237 0.0404741254698
238 0.046256143394
239 0.0404741254698
240 0.0404741254698
241 0.0173460537728
242 0.0404741254698
243 0.023128071697
245 0.0404741254698
246 0.0346921075455
247 0.0346921075455
248 0.0578201792426
249 0.0578201792426
251 0.046256143394
252 0.0289100896213
253 0.0520381613183
254 0.0636021971668
255 0.023128071697
256 0.0115640358485
257 0.0751662330153
258 0.0346921075455
259 0.0289100896213
261 0.023128071697
262 0.0346921075455
263 0.0578201792426
264 0.0404741254698
265 0.0404741254698
266 0.0346921075455
267 0.046256143394
268 0.0520381613183
269 0.046256143394
270 0.0115640358485
271 0.0173460537728
272 0.0115640358485
273 0.0520381613183
276 0.0346921075455
277 0.0346921075455
278 0.0404741254698
279 0.0404741254698
280 0.0520381613183
281 0.0346921075455
282 0.0346921075455
283 0.0289100896213
284 0.0520381613183
285 0.0173460537728
286 0.0346921075455
287 0.023128071697
288 0.0289100896213
289 0.0173460537728
290 0.0289100896213
291 0.00578201792426
292 0.0346921075455
293 0.0578201792426
294 0.0636021971668
295 0.0346921075455
296 0.023128071697
297 0.0636021971668
298 0.0404741254698
299 0.0404741254698
300 0.0289100896213
301 0.0693842150911
302 0.046256143394
303 0.0346921075455
304 0.0289100896213
305 0.0404741254698
306 0.0115640358485
307 0.0578201792426
308 0.046256143394
309 0.0404741254698
310 0.0520381613183
311 0.0173460537728
312 0.0404741254698
313 0.023128071697
314 0.0289100896213
315 0.0173460537728
316 0.023128071697
317 0.0173460537728
318 0.0115640358485
319 0.046256143394
320 0.046256143394
321 0.0520381613183
322 0.0636021971668
323 0.0636021971668
324 0.0346921075455
325 0.046256143394
326 0.0751662330153
327 0.0520381613183
328 0.0289100896213
329 0.0404741254698
330 0.046256143394
331 0.0289100896213
332 0.0289100896213
333 0.023128071697
334 0.0636021971668
335 0.0520381613183
336 0.0289100896213
337 0.0346921075455
338 0.0115640358485
339 0.00578201792426
340 0.0346921075455
341 0.0115640358485
342 0.0578201792426
343 0.0578201792426
344 0.0173460537728
345 0.0
346 0.0636021971668
347 0.046256143394
348 0.046256143394
349 0.0346921075455
350 0.0346921075455
351 0.0289100896213
352 0.0693842150911
353 0.0289100896213
354 0.0115640358485
355 0.0289100896213
356 0.023128071697
357 0.046256143394
359 0.046256143394
360 0.0173460537728
361 0.00578201792426
362 0.0289100896213
363 0.0404741254698
364 0.0404741254698
365 0.023128071697
366 0.0
367 0.0289100896213
368 0.0346921075455
369 0.0751662330153
370 0.00578201792426
371 0.0404741254698
372 0.046256143394
373 0.0346921075455
374 0.023128071697
375 0.0520381613183
376 0.00578201792426
379 0.0289100896213
380 0.0520381613183
381 0.0115640358485
383 0.0520381613183
384 0.0173460537728
385 0.0520381613183
386 0.046256143394
387 0.0173460537728
388 0.0289100896213
389 0.0289100896213
390 0.0404741254698
391 0.0578201792426
392 0.0404741254698
393 0.046256143394
394 0.046256143394
395 0.0346921075455
396 0.0115640358485
397 0.0289100896213
398 0.0115640358485
399 0.046256143394
400 0.0404741254698
401 0.0289100896213
402 0.023128071697
403 0.0
404 0.0404741254698
405 0.0115640358485
406 0.023128071697
407 0.0289100896213
408 0.0346921075455
409 0.0115640358485
410 0.0115640358485
411 0.0346921075455
412 0.0346921075455
413 0.0404741254698
414 0.0289100896213
415 0.0520381613183
416 0.0751662330153
417 0.046256143394
418 0.0404741254698
419 0.0346921075455
421 0.0346921075455
422 0.0404741254698
423 0.0404741254698
424 0.046256143394
425 0.0346921075455
426 0.0289100896213
427 0.0289100896213
428 0.0289100896213
429 0.023128071697
430 0.0115640358485
431 0.0520381613183
432 0.0346921075455
434 0.0346921075455
435 0.0578201792426
436 0.00578201792426
437 0.0289100896213
438 0.046256143394
439 0.0173460537728
440 0.0346921075455
441 0.0578201792426
442 0.00578201792426
443 0.023128071697
444 0.0404741254698
445 0.0173460537728
446 0.023128071697
447 0.0693842150911
448 0.0520381613183
449 0.0520381613183
450 0.0346921075455
452 0.046256143394
453 0.046256143394
454 0.0289100896213
455 0.046256143394
456 0.046256143394
457 0.0346921075455
458 0.0520381613183
459 0.0404741254698
460 0.0289100896213
461 0.0346921075455
462 0.0520381613183
463 0.023128071697
465 0.0289100896213
466 0.0173460537728
468 0.0404741254698
470 0.0173460537728
471 0.0404741254698
472 0.0636021971668
473 0.0404741254698
474 0.0289100896213
475 0.023128071697
476 0.0636021971668
478 0.0346921075455
479 0.023128071697
480 0.023128071697
481 0.0346921075455
482 0.0346921075455
484 0.0346921075455
487 0.046256143394
488 0.046256143394
489 0.0289100896213
490 0.0346921075455
491 0.046256143394
492 0.0404741254698
493 0.0346921075455
494 0.046256143394
495 0.0404741254698
496 0.0751662330153
497 0.0578201792426
498 0.0
499 0.0520381613183
501 0.046256143394
502 0.0404741254698
503 0.0115640358485
504 0.0346921075455
505 0.0520381613183
506 0.0404741254698
507 0.0404741254698
508 0.0346921075455
509 0.046256143394
510 0.0173460537728
511 0.0346921075455
513 0.0115640358485
515 0.0636021971668
516 0.0115640358485
517 0.0404741254698
518 0.046256143394
519 0.046256143394
520 0.023128071697
521 0.0289100896213
522 0.0115640358485
523 0.0520381613183
524 0.0173460537728
525 0.0982943047123
526 0.0578201792426
527 0.0289100896213
528 0.0404741254698
529 0.0346921075455
530 0.0346921075455
531 0.0346921075455
532 0.0346921075455
533 0.0636021971668
534 0.0346921075455
535 0.0115640358485
536 0.0173460537728
537 0.0346921075455
538 0.00578201792426
539 0.0115640358485
540 0.0404741254698
541 0.0289100896213
543 0.0404741254698
544 0.0346921075455
545 0.023128071697
546 0.023128071697
547 0.0346921075455
548 0.0346921075455
549 0.0404741254698
550 0.00578201792426
551 0.00578201792426
552 0.0173460537728
553 0.0173460537728
554 0.0578201792426
555 0.0404741254698
556 0.046256143394
557 0.046256143394
558 0.0404741254698
559 0.0173460537728
560 0.0346921075455
563 0.046256143394
564 0.0289100896213
565 0.00578201792426
566 0.0404741254698
567 0.0404741254698
568 0.0578201792426
569 0.023128071697
570 0.0346921075455
571 0.0173460537728
573 0.0578201792426
575 0.00578201792426
576 0.0346921075455
578 0.0404741254698
579 0.0520381613183
580 0.00578201792426
581 0.0346921075455
582 0.0115640358485
583 0.046256143394
585 0.00578201792426
586 0.0346921075455
587 0.0520381613183
588 0.0404741254698
589 0.0115640358485
590 0.046256143394
591 0.0404741254698
592 0.0578201792426
593 0.0520381613183
595 0.0289100896213
596 0.00578201792426
598 0.0173460537728
599 0.0346921075455
600 0.0520381613183
601 0.0
602 0.0
603 0.0982943047123
604 0.0404741254698
605 0.046256143394
606 0.0693842150911
607 0.0346921075455
608 0.0404741254698
609 0.0520381613183
610 0.00578201792426
611 0.0346921075455
612 0.0346921075455
613 0.0404741254698
614 0.046256143394
615 0.0289100896213
616 0.0289100896213
618 0.0289100896213
619 0.0289100896213
620 0.0115640358485
621 0.0578201792426
622 0.0867302688638
623 0.0404741254698
624 0.0404741254698
625 0.0404741254698
626 0.0173460537728
628 0.0520381613183
629 0.046256143394
630 0.0173460537728
631 0.023128071697
632 0.0
633 0.0289100896213
634 0.046256143394
635 0.0404741254698
636 0.0
637 0.0578201792426
638 0.0404741254698
639 0.0404741254698
640 0.023128071697
641 0.046256143394
642 0.0636021971668
644 0.0289100896213
646 0.0404741254698
647 0.0289100896213
648 0.046256143394
649 0.0867302688638
650 0.046256143394
651 0.0346921075455
652 0.0636021971668
653 0.0115640358485
654 0.0693842150911
655 0.0115640358485
656 0.046256143394
657 0.0346921075455
658 0.0404741254698
659 0.0289100896213
660 0.023128071697
661 0.0173460537728
662 0.0289100896213
663 0.0173460537728
664 0.0289100896213
665 0.0173460537728
666 0.0636021971668
667 0.0693842150911
668 0.0346921075455
670 0.023128071697
671 0.046256143394
672 0.00578201792426
674 0.0404741254698
675 0.0693842150911
677 0.0578201792426
678 0.0346921075455
679 0.0578201792426
680 0.0115640358485
681 0.0809482509396
682 0.0289100896213
683 0.0346921075455
684 0.0404741254698
685 0.0173460537728
686 0.0404741254698
687 0.0404741254698
688 0.00578201792426
689 0.023128071697
690 0.0
